  0.00496689732967139  0.01535582165989527  0.02666475392511995  0.03827458141857339
  0.04952151961966892  0.06073217608841647  0.07180066461780761  0.08291631970690908
  0.09385368131245718  0.10444502960160294  0.11503941042120297  0.12552599382780022
  0.13599121691416310  0.14655102010687704  0.15736914316952155  0.16823812892459672
  0.17867754348315612  0.18886390862803890  0.19903265856961477  0.20919001936159970
  0.21956970105517556  0.22996557572632431  0.24077585503082227  0.25156310194155718
  0.26234104886390264  0.27325572385288521  0.28439521039265214  0.29540287847681529
  0.30604978880236877  0.31670826110046391  0.32729530104832871  0.33773703846681441
  0.34773486415330512  0.35766073780173618  0.36769628763555429  0.37790659883618621
  0.38828849144805799  0.39845376846649561  0.40880787725988310  0.41887330550614116
  0.42893339475097819  0.43898117895943795  0.44933683517285750  0.45968256868168772
  0.46981875783460081  0.47999640906525259  0.49053127645807626  0.50100558018847297
  0.51172122845089663  0.52236336282056184  0.53320582514271087  0.54409417531814219
  0.55494995977368866  0.56590132436568219  0.57653499842456846  0.58706580447782652
  0.59751886702669887  0.60804024043293359  0.61856912705043532  0.62905740385406406
  0.63944558002716079  0.65000965849718328  0.66069318841666758  0.67129257688676147
  0.68176246795617024  0.69224370825467341  0.70277242864555600  0.71324709358046701
  0.72346919902554963  0.73347846748804912  0.74332251599134125  0.75321193501680905
  0.76322299437722219  0.77329202302680367  0.78327454808172470  0.79319450803258862
  0.80322501898442888  0.81336998519592485  0.82364255483697613  0.83402714497610009
  0.84440534677752410  0.85472250062416977  0.86501684892292818  0.87525518483191311
  0.88550177458466517  0.89583136546642061  0.90610123408294774  0.91619876713502835
  0.92595032911491693  0.93548392157941129  0.94498772297301681  0.95435706227606010
  0.96373413096282112  0.97299539344683161  0.98226788859226943  1.00000000000000000
  0.00552202723613082  0.01530911854172535  0.02668739020714547  0.03782138587279891
  0.04872919966215380  0.05953939141081109  0.07024080494076693  0.08078761463176753
  0.09142156151313839  0.10219574230849533  0.11290711378340995  0.12366871514644159
  0.13462746196699851  0.14565223817353554  0.15658556109913124  0.16753431892505416
  0.17854540255641158  0.18968363492930915  0.20074157088019648  0.21179922214344438
  0.22280736156115416  0.23384761359231979  0.24482357921450948  0.25573398564718608
  0.26645074574213262  0.27709556287353676  0.28775196120588353  0.29838662823254680
  0.30879654566700399  0.31946358112782403  0.33009789773981985  0.34070962395079857
  0.35127590767367439  0.36210135138833260  0.37304736587454113  0.38367699083407547
  0.39396604066149404  0.40439345489940443  0.41497960447661381  0.42584803892917034
  0.43678098576165769  0.44763717755546661  0.45834569908289402  0.46877766285186717
  0.47925090531917025  0.48962459815357962  0.49991817858089377  0.51020279066484575
  0.52062328379538125  0.53121682646351320  0.54183264946896725  0.55230965986273828
  0.56265807673661883  0.57285884851217239  0.58327728893228492  0.59380308462106379
  0.60438826204165208  0.61509772075029978  0.62579261575974465  0.63659929343484534
  0.64732398666767521  0.65801030331195465  0.66848573206454731  0.67872848893160764
  0.68896084136258029  0.69925534811537826  0.70952557009522677  0.71975651745927427
  0.72988382441358923  0.73988550730117708  0.74985081291424072  0.76000967649687479
  0.77041856955328536  0.78098500075954291  0.79141166294091825  0.80178620305590520
  0.81232341872835756  0.82297053214985305  0.83344929900288733  0.84356275398926317
  0.85361514832375596  0.86364746142053039  0.87368434517053473  0.88367553922758857
  0.89372268559024515  0.90382515739004798  0.91390876220867312  0.92397283380278739
  0.93390783505066466  0.94381477640533307  0.95379490211616935  0.96372679480633561
  0.97346709167961110  0.98274502132651276  0.99232458490225028  1.00000000000000000
 -0.00242062906065610  0.00973331603284529  0.01989915917791787  0.03046237585489146
  0.04096672959399319  0.05179096714909170  0.06238379246327515  0.07320089525026845
  0.08395255169611039  0.09498029652555441  0.10583805218081174  0.11676341613150104
  0.12760306186298076  0.13803305446323080  0.14860841843913969  0.15925981262338673
  0.17019829916846355  0.18088212211772084  0.19140258846381797  0.20177715626879214
  0.21187074043680412  0.22195655366899289  0.23206361639159007  0.24232294240779689
  0.25250414838539748  0.26282528055673438  0.27329167935410270  0.28378457261662360
  0.29402158191331201  0.30431226778039910  0.31478875894174080  0.32511166781766698
  0.33540050826961321  0.34609235001666383  0.35683050671495131  0.36724991045595101
  0.37752850288473294  0.38832722463365388  0.39881503448595768  0.40912178277321870
  0.41956790449278331  0.43039926404714673  0.44132761991836161  0.45225129683378179
  0.46326644945741602  0.47417049457927146  0.48486991899512144  0.49528524518432743
  0.50556859603048088  0.51573119824468572  0.52625268500929512  0.53679599773145426
  0.54740514211642011  0.55779386258639008  0.56868230145835719  0.57972883451209301
  0.59067780271042847  0.60145244273566989  0.61222238171292720  0.62290470084898864
  0.63305001189024324  0.64289930474285795  0.65277381622740593  0.66273746926661192
  0.67272280468598045  0.68277692559673664  0.69302800773310880  0.70371444234306202
  0.71456572608656332  0.72544122252072996  0.73637320890585978  0.74720959652582586
  0.75757794107168097  0.76792611345628814  0.77893026661285336  0.78971604840469822
  0.80027765835157705  0.81070098171603810  0.82150229686616205  0.83240523332127481
  0.84288217826996670  0.85340516057701465  0.86381877737455226  0.87396265312190757
  0.88421526526980199  0.89452102182200366  0.90482655783128252  0.91510569769780881
  0.92538159560518563  0.93594426030267897  0.94683823705550330  0.95767775899312579
  0.96830541972381556  0.97893458456056259  0.98954791573643697  1.00000000000000000
 -0.00232213024414173  0.00944545855390604  0.01896998932322106  0.02892769362550330
  0.03891141701987299  0.04902131780818908  0.05900899636531836  0.06923859805677221
  0.07976848394324255  0.09021496757069659  0.10082816715874950  0.11128841068951764
  0.12178264825884311  0.13203605485652081  0.14229427787330853  0.15270252874607201
  0.16315867572435541  0.17397091912316295  0.18488394941053615  0.19572496947962742
  0.20633625333545574  0.21680944589215945  0.22773829524395808  0.23850124129170958
  0.24957150040029558  0.26015366289023167  0.27085948601841792  0.28180428299983196
  0.29267902035700760  0.30343609290873258  0.31396126359345999  0.32448222908924784
  0.33517948246117979  0.34572764168372150  0.35634150233458406  0.36697179939678082
  0.37761456303490271  0.38808808276141632  0.39843563798310960  0.40842160626716284
  0.41858627006679439  0.42847863112214946  0.43829244081828389  0.44843782348140476
  0.45874753887373354  0.47001538517108926  0.48095787215032404  0.49206671645883793
  0.50321442842591313  0.51491540493228372  0.52598119130577858  0.53652044955185429
  0.54707848891049138  0.55772742803517195  0.56824303523227548  0.57875339250050584
  0.58941346704174979  0.60036341956248995  0.61107279268956427  0.62158205047927828
  0.63220720301878830  0.64306171386569611  0.65406621399946474  0.66492455933611894
  0.67561999282244489  0.68640427493327250  0.69684431396618918  0.70733113630877142
  0.71762853679502248  0.72774478568196954  0.73822431000289568  0.74882202518887586
  0.76005515545483282  0.77141986416336439  0.78218695131052207  0.79291038455333940
  0.80328862774833654  0.81392067415938374  0.82435798521676396  0.83462802422734239
  0.84470711015470468  0.85464846496399771  0.86467528002463967  0.87476283195088944
  0.88487730621051541  0.89484410441800522  0.90505809598884734  0.91529708684826916
  0.92575491506106566  0.93607561266558714  0.94676927591229276  0.95732726422162484
  0.96783422684591014  0.97828304877147321  0.98899639397193218  1.00000000000000000
 -0.00252740569452429  0.00987433878911888  0.02010600744085844  0.03044557295494084
  0.04068734520835451  0.05094364644650704  0.06124898596584979  0.07122379870985582
  0.08137843200232402  0.09157286059700238  0.10195256380296479  0.11210059867348948
  0.12250107088383150  0.13295640552296978  0.14346374712263807  0.15349670994299566
  0.16350687657598095  0.17366012830920197  0.18402626806183095  0.19456294497591167
  0.20519815434400632  0.21586068779413223  0.22658583026288659  0.23710143129141836
  0.24756226099711054  0.25799513608495228  0.26848805031654077  0.27908559684650119
  0.28976536594809621  0.30068030504114091  0.31171368320168785  0.32291109268421669
  0.33427083307457894  0.34581127160407760  0.35731945384568320  0.36853416297942598
  0.37936560838932493  0.38994850643317908  0.40052099880635172  0.41108925012627129
  0.42179992754108342  0.43238166496432401  0.44301387919379570  0.45372164437364271
  0.46449327454426870  0.47506940926823082  0.48555684580753372  0.49600193957011313
  0.50644061088330627  0.51658277829422417  0.52672059195549137  0.53689565030912989
  0.54716623308157486  0.55757273360425730  0.56787860458281680  0.57827688915707887
  0.58855072379379247  0.59902555831553517  0.60937564561986080  0.61972040187090294
  0.63034236324982751  0.64107260848250380  0.65165092514503109  0.66211787022343471
  0.67294625275754971  0.68396267949514755  0.69480272709996860  0.70579560606202341
  0.71683224706287663  0.72794676112376056  0.73856832484889989  0.74924406136573141
  0.75978972465176564  0.77047930972036405  0.78078863420601996  0.79116665677429510
  0.80152930420283008  0.81220025219607273  0.82270710800699354  0.83313978354038742
  0.84340152050711770  0.85366396012905044  0.86390548165593894  0.87429397156353761
  0.88477326111202526  0.89529157071977516  0.90548314796843787  0.91576030005606646
  0.92590329956245210  0.93615283267312821  0.94659883083988638  0.95696874595872516
  0.96755703596162912  0.97798967855300234  0.98888042629721973  1.00000000000000000
 -0.00247877065594312  0.01012673304578861  0.02096147613308843  0.03156213701785326
  0.04216784588262962  0.05275436624880782  0.06339898510145232  0.07339545551367412
  0.08368375007087407  0.09393957815411745  0.10457273834405505  0.11483214346167626
  0.12516982071696942  0.13547815639249094  0.14586019843470291  0.15600786534257993
  0.16604144685170680  0.17627864853575398  0.18658962580446206  0.19737974854202731
  0.20808979962721746  0.21939193444684219  0.23048159902799184  0.24080245191971975
  0.25116283527819488  0.26167863299611982  0.27206990147357862  0.28206347529642495
  0.29188574895799502  0.30232367022640100  0.31269842059113828  0.32296819716424929
  0.33311722520393283  0.34347867791535630  0.35386623345331464  0.36403946897403533
  0.37439975536265385  0.38474455357062876  0.39515686087975083  0.40570799726534457
  0.41641242634197279  0.42729155951493158  0.43820808710242604  0.44930034296860166
  0.46031698849907654  0.47128613893151783  0.48227798463653271  0.49314067272566287
  0.50399305796907834  0.51475915443989473  0.52542895420205593  0.53588853642070988
  0.54620812289643905  0.55642911606171697  0.56657385164671681  0.57690386542451733
  0.58760036284857142  0.59865360167771853  0.60951816853508323  0.62041991505420979
  0.63102410944486031  0.64159637725791607  0.65216133554175637  0.66268355938463208
  0.67321210167045431  0.68379906396864509  0.69460978059874723  0.70572984248795489
  0.71644843091299615  0.72703455108532000  0.73718250953529407  0.74722411610735717
  0.75742178214284250  0.76753657042587775  0.77800563376496701  0.78864756004200409
  0.79936780595446755  0.81008030432689249  0.82071917787327842  0.83153671505374638
  0.84219663786633281  0.85272387307811193  0.86321236011633606  0.87370361905440197
  0.88391641463697612  0.89418786348687773  0.90454301213526711  0.91484722812325581
  0.92519324596746222  0.93552331800595590  0.94603568901302892  0.95662314217211486
  0.96732690982615710  0.97818109407549447  0.98903201980004807  1.00000000000000000
 -0.00220492659428462  0.00957275069851031  0.01969786930889822  0.02987608778986119
  0.04001318935043041  0.05005579253532395  0.06025259546192277  0.07068735134339410
  0.08118021436078567  0.09180357580095075  0.10239207317619883  0.11263133704220085
  0.12282568525932083  0.13338682546322328  0.14423514294446235  0.15492559662561017
  0.16541592612985351  0.17592819868788467  0.18646594735125474  0.19700127023845745
  0.20764990960142973  0.21828751624544859  0.22887910728247621  0.23937471210942085
  0.24975083520374033  0.26007695762993105  0.27036065634728684  0.28050670080075996
  0.29055065393404533  0.30048011668291663  0.31075448470730016  0.32104236689861682
  0.33157003612117242  0.34243620112690654  0.35345131769651000  0.36438511662312606
  0.37529708861228550  0.38635232222986138  0.39715647883195598  0.40790216115554340
  0.41854877820819958  0.42956037845795786  0.44056462840441585  0.45181623946949917
  0.46276820003697461  0.47321775174533448  0.48374107685419648  0.49403717708837913
  0.50428973391494158  0.51453728308430358  0.52545406520378046  0.53715150504725107
  0.54830413919468091  0.55952931819695972  0.57046590974961020  0.58147024187899854
  0.59192738991701099  0.60214272616034259  0.61237267832139308  0.62266041789187154
  0.63340160211788310  0.64415529963850271  0.65477733081702127  0.66529485906616648
  0.67602080767569539  0.68682626719634521  0.69738744512563544  0.70777138937369821
  0.71793439938236481  0.72800168101859752  0.73836190100580545  0.74879688417317913
  0.75906549542889168  0.76926916072913787  0.77983852890951133  0.79060690695567148
  0.80099929073513254  0.81111901340043846  0.82126691115539285  0.83130488221966303
  0.84147342541630143  0.85148685378547773  0.86181735390131542  0.87215613178716045
  0.88281167332163124  0.89377171497495034  0.90467709955751274  0.91540475297579194
  0.92598763950155372  0.93671752093713823  0.94710669603341113  0.95746199030311663
  0.96799691798829757  0.97878768466974853  0.98940493712690214  1.00000000000000000
 -0.00244190232795993  0.00932542948461306  0.01950466560630966  0.03032061994714240
  0.04112824827692745  0.05188406536898778  0.06263680862371085  0.07315519099325261
  0.08356008629030892  0.09394369913622902  0.10444029956132174  0.11520327332397061
  0.12618539286187891  0.13732447939602321  0.14837605085750746  0.15917841426094895
  0.16973064015609318  0.18023177734161847  0.19061425058502671  0.20074275886608428
  0.21054187460152743  0.22024658412322753  0.23007959433817840  0.24035665574680826
  0.25085165075526700  0.26136161845726197  0.27206645712851407  0.28278873110330766
  0.29335351871806381  0.30351920526495102  0.31390019426035443  0.32469015898571885
  0.33576349899889585  0.34688170567846643  0.35802710405519389  0.36920754368249531
  0.38026405578464623  0.39147367395629362  0.40259051168949223  0.41367630813362988
  0.42443906209492244  0.43508796070684203  0.44569055168076743  0.45634541558412611
  0.46701873703918145  0.47755718440946393  0.48809168045606449  0.49863251535890840
  0.50934095207374330  0.51986925787016025  0.52982587196932385  0.53972091493631558
  0.54975510589580112  0.55969341572968911  0.56975631087024137  0.58007610297188161
  0.59072146486080801  0.60139420410523858  0.61195572668161458  0.62243936024602498
  0.63300336926958634  0.64350137531969132  0.65391720470552095  0.66414523809855830
  0.67436612208422342  0.68495586213815862  0.69530447680180463  0.70568724030471042
  0.71586712250229378  0.72617635701842564  0.73634880270144476  0.74673460449166851
  0.75729918653295492  0.76790832848067270  0.77858050332076445  0.78948066079076362
  0.80031711366831537  0.81130843077589765  0.82177614015405476  0.83241666530266689
  0.84257001454479064  0.85280393792133091  0.86290774090332767  0.87303477666558016
  0.88329109455680788  0.89377041981406335  0.90453511345407045  0.91543910526236594
  0.92612567341068730  0.93672455073904748  0.94720537123685145  0.95780703942883516
  0.96836035606722037  0.97883088047772060  0.98945763737304615  1.00000000000000000
  0.00959138921822152  0.01656265572384533  0.02565993738571320  0.03649613956701886
  0.04680932956405449  0.05709167124783060  0.06739090603139004  0.07781836195551363
  0.08816781127738864  0.09864912145398315  0.10933183568839308  0.11999616679274487
  0.13064682979706624  0.14121983313130176  0.15186943400194675  0.16283779019960232
  0.17383571749201077  0.18491840209743207  0.19595440066351941  0.20686420863760435
  0.21727366098127562  0.22778099092053300  0.23829351353587552  0.24891766598845122
  0.25929602070671848  0.26945560079501796  0.27974288040326861  0.29012884938695521
  0.30072524136883511  0.31137106137806370  0.32213563269105144  0.33306322377523362
  0.34398110858876257  0.35471593598559664  0.36526933709458465  0.37588536809059814
  0.38649084142791928  0.39702465420947913  0.40747412510117975  0.41803060066509862
  0.42869595041017489  0.43930104377201934  0.44989286525372846  0.46063047462487411
  0.47151707462585518  0.48229112709571309  0.49272412011654432  0.50283724693230536
  0.51282936367239629  0.52279151454056760  0.53275102359681059  0.54266039059553406
  0.55265626668749346  0.56280694377371387  0.57314197727806171  0.58346782505182893
  0.59375684790686045  0.60396568000626416  0.61404917948662796  0.62406403971001734
  0.63406399283813186  0.64427149245882054  0.65460159141834973  0.66493053534171465
  0.67512212095673951  0.68535901847183367  0.69573879500896862  0.70607889130213719
  0.71622147207145415  0.72651453565303525  0.73687589747275672  0.74707895451508710
  0.75715528593390125  0.76726607990915030  0.77738206814390087  0.78735802356686169
  0.79742106786708811  0.80746267537826988  0.81740655543254137  0.82733349041406645
  0.83752727043974162  0.84785537099188668  0.85797418581535800  0.86794981453034248
  0.87802390274040421  0.88864993792349767  0.89912139406751479  0.90954640860490277
  0.91983442348180433  0.92996019589287671  0.93998591041104307  0.94976372054892333
  0.95986229795992750  0.97014619656328671  0.98060061867015169  1.00000000000000000
 -0.01802906520635090  0.12132479703888119  0.15990092313800114  0.18306280871616129
  0.20100741130709526  0.21593986849618599  0.22912112792469252  0.24084063754617827
  0.25176082738898908  0.26166915905234739  0.27118971179079165  0.27983965009791789
  0.28835686122743215  0.29638631660001968  0.30412782851088516  0.31170618134881989
  0.31888022200371735  0.32594679911292335  0.33286047257300067  0.33964877169389007
  0.34628493398074167  0.35280497286008206  0.35912797625131992  0.36535909817726936
  0.37153376936526167  0.37761412986903009  0.38357604963901665  0.38945173273577766
  0.39525223426638445  0.40095501813091577  0.40659526238934479  0.41219910430263318
  0.41774627496765970  0.42322938583155439  0.42867822594288763  0.43409494605077575
  0.43946050284006721  0.44477034941135735  0.45006084892549941  0.45535156352152784
  0.46063684488453066  0.46589807635420033  0.47113015054990792  0.47634387469390449
  0.48156168809680477  0.48681320415721163  0.49207206890580513  0.49731975567655018
  0.50255390031932146  0.50777027051937640  0.51301594526434635  0.51825138968986850
  0.52347485601127730  0.52870183994054654  0.53394580707033845  0.53920623595784090
  0.54450285474676585  0.54985344462609831  0.55518961828862601  0.56054449753419877
  0.56593788801305533  0.57137593450695012  0.57683629259520341  0.58228164504744018
  0.58777634638898946  0.59330881396580348  0.59890482451726612  0.60460289789973876
  0.61040631483709917  0.61628300548411596  0.62221320794195589  0.62825473684159860
  0.63445683527880692  0.64070766857918349  0.64706697534616209  0.65356639718165632
  0.66011582942962321  0.66676509993525024  0.67361871003433271  0.68062247703281420
  0.68782168353017703  0.69533802096673203  0.70313314152988038  0.71119140900443745
  0.71972989973773083  0.72843329370109755  0.73797104599457963  0.74792996152842117
  0.75887932830357063  0.77058526922428350  0.78364240551643360  0.79861913039209242
  0.81669928264011638  0.83994015219452667  0.87765798098803549  1.00000000000000000
   1.0214275690885704E-043  -1.0000000000000000     
 F F F F F F F F F F F F F F F F F F F F F F F F F F F F F F F F F F F F F F F F F F F F F F F F F F F F F F F F F F F F F F F F F F F F F F F F F F F F F F F F F F F F F F F F F F F F F F F F F F F F F F F F F F F F F F F F F F F F F F F F F F F F F F F F
  <DiscreteSampler_grid>
  grouped_processes
  1 # 1 for a reference and 2 for a running grid.
  10 # Attribute 'min_bin_probing_points' of the grid.
  1 # Attribute 'grid_mode' of the grid. 1=='default',2=='initialization'
  0.0000000000000000 # Attribute 'small_contrib_threshold' of the grid.
  0.5000000000000000 # Attribute 'damping_power' of the grid.
 # binID   n_entries weight   weight_sqr   abs_weight
    10   10   1.681374992141748E-030   6.916081970927655E-060   1.681374992141748E-030
  </DiscreteSampler_grid>
