  0.98403425315010085  0.98442448962256046  0.98475838922066594  0.98499819541246281
  0.98521193380876382  0.98539166784835541  0.98556224921543478  0.98571547780577495
  0.98585620892363224  0.98599099966962067  0.98611401483460270  0.98622786793839778
  0.98633993031483069  0.98644953224291532  0.98655074271508225  0.98664773826286911
  0.98674470888544885  0.98684112918782196  0.98693258422664731  0.98701706761702279
  0.98710095005416054  0.98718303031683086  0.98726375066676442  0.98734123906664784
  0.98741429927985613  0.98748742982308735  0.98755963383789780  0.98763067207293453
  0.98770127824533949  0.98776911245025145  0.98783361155959515  0.98789690727688650
  0.98795931764348477  0.98802157241091693  0.98808390385180622  0.98814557053819518
  0.98820465608329811  0.98826185171568715  0.98831881916028153  0.98837566804774968
  0.98843176582540537  0.98848781412134501  0.98854290436593706  0.98859627315629039
  0.98864697646660060  0.98869732828826051  0.98874782422321283  0.98879835218232370
  0.98884874180940041  0.98889865720714376  0.98894820487039548  0.98899761251116547
  0.98904332326695510  0.98908881553957206  0.98913438481805149  0.98917979569121750
  0.98922475215998951  0.98926852130179155  0.98931197368737511  0.98935489647181007
  0.98939826050615753  0.98944022981402524  0.98948038975799235  0.98952042389677808
  0.98956020190148253  0.98960023540383035  0.98964004490579860  0.98967965792073198
  0.98971891185322602  0.98975763211606183  0.98979633502420905  0.98983475554271094
  0.98987194673313883  0.98990850245719619  0.98994509848412349  0.98998182899760689
  0.99001834148651724  0.99005508985612956  0.99009162248591431  0.99012778774157084
  0.99016358655572423  0.99019853075845876  0.99023360954662465  0.99026792764866367
  0.99030098897744356  0.99033265426444739  0.99036464863580354  0.99039621187308624
  0.99042785437216274  0.99045949402291222  0.99049088096140181  0.99052197016655075
  0.99055314442176479  0.99056734112402822  0.99056922431269023  1.00000000000000000
  0.00482167621170166  0.01482266270841922  0.02657110303601592  0.03820301049618942
  0.04976624579406273  0.06139608442852251  0.07273487247411956  0.08398521096755156
  0.09514341527402202  0.10631928264061599  0.11706400110042850  0.12779495939119023
  0.13860307282242915  0.14963354895932651  0.16064539735626540  0.17167624851208291
  0.18247359539260979  0.19269414226122622  0.20240275314491230  0.21199307362542719
  0.22180769727599059  0.23188041290413253  0.24207493554666806  0.25224446004398993
  0.26262854338958663  0.27314545590181050  0.28392580629533742  0.29481663212970610
  0.30560261325790322  0.31614515883973382  0.32606889205497647  0.33614110090428001
  0.34670801033779919  0.35783288849782713  0.36904306004771270  0.37994444292685592
  0.39073741100535186  0.40161328389781104  0.41234650410763435  0.42285025070440763
  0.43318516918407546  0.44360131413543091  0.45430208751556211  0.46498417011135945
  0.47585004896521715  0.48713003738008770  0.49854485757706829  0.50922340965873258
  0.51942545481819147  0.52929538065526816  0.53937582133661466  0.54907850613383558
  0.55914210678395426  0.56938475287758727  0.58006134876675364  0.59090651731397170
  0.60172651972083935  0.61250289994523366  0.62296483213524678  0.63313392060008078
  0.64291834144596538  0.65274173571410710  0.66279411857652382  0.67282328306512851
  0.68282683064149174  0.69299855665729571  0.70345578008727871  0.71386631555871560
  0.72423726245135334  0.73488121816987195  0.74607466908973974  0.75750637433441048
  0.76893001514044745  0.77984483549097938  0.79038470757005197  0.80055536720428477
  0.81055254397852428  0.82029282907156398  0.83007018829525647  0.84022792282224423
  0.85063169366399016  0.86092516397124574  0.87129247543328181  0.88195503519800178
  0.89278394625685442  0.90314443022777502  0.91307584701713529  0.92279016744003406
  0.93245900672476034  0.94240605772395936  0.95250449873523124  0.96292581856025583
  0.97271859426289964  0.98173014021144733  0.99077332578542987  1.00000000000000000
 -0.00231303307245808  0.00984028132885155  0.01968843086456572  0.02989997968994224
  0.04003249846732371  0.05049784172162258  0.06114196502419188  0.07199667410907226
  0.08274241933731111  0.09343791186521672  0.10439857551204688  0.11524871479825359
  0.12610041992168344  0.13692466405727355  0.14806683220271666  0.15954727335888319
  0.17091251587685041  0.18205688446354423  0.19288470831456384  0.20352906116975922
  0.21401550343649750  0.22442093040205605  0.23481190393550819  0.24535121887003400
  0.25631011354844285  0.26746688480879999  0.27847961257257792  0.28914087385619935
  0.29956633519547349  0.30998632952090444  0.32026083971055053  0.33033018366939537
  0.34038610420738741  0.35043919987133498  0.36054546453962916  0.37070193071745239
  0.38124466713970473  0.39209584742998127  0.40304597161784861  0.41389841299146873
  0.42470208343965599  0.43542378515234481  0.44619654465829145  0.45684104109406359
  0.46729493637032521  0.47766477165824939  0.48810198088074791  0.49845304665382606
  0.50865921705004780  0.51897666647478424  0.52949056083072810  0.54005033496043764
  0.55058741172126346  0.56133299627839695  0.57212192846191334  0.58272390192590462
  0.59312308141729786  0.60371745540291721  0.61437672558214296  0.62483475398120125
  0.63481781655564229  0.64463813424634475  0.65474296981249214  0.66507626239985773
  0.67570760439209687  0.68630377353794891  0.69731410297773355  0.70855502462268882
  0.71984079056580752  0.73093652606459514  0.74171444858843949  0.75211482679479391
  0.76207609956691935  0.77188859503151241  0.78182587783860924  0.79202119027121676
  0.80235181012957524  0.81282987050192113  0.82301528056167528  0.83291558256237175
  0.84262010856821679  0.85243462761022404  0.86258761125229089  0.87292457144284963
  0.88379244883745278  0.89441649554896641  0.90513355871313350  0.91535188309900095
  0.92544014035160693  0.93529851178266876  0.94504968421704139  0.95511514634789252
  0.96542409980199917  0.97626756161940953  0.98796793777198144  1.00000000000000000
 -0.00248938082204563  0.01049714080451941  0.02118383212546589  0.03188639746337038
  0.04281572754437894  0.05288997042973720  0.06318904505484664  0.07287135756974310
  0.08292468711859667  0.09266006667980664  0.10232351698113056  0.11253177539870178
  0.12281891613641197  0.13340827599486724  0.14363640442179620  0.15455733859659998
  0.16489001146626833  0.17568209060303902  0.18657185165015300  0.19798650359708495
  0.20904668000171470  0.21955684104976592  0.23023366939541653  0.24149358859840822
  0.25255542422605809  0.26334039779740476  0.27382738587776206  0.28410115743994357
  0.29387721295611613  0.30348359688280463  0.31309021740437681  0.32329207365413765
  0.33361936482816890  0.34408170352183043  0.35471519656501338  0.36558578487541860
  0.37620878362821703  0.38637737304428965  0.39644983090328156  0.40659899402932798
  0.41680946089113935  0.42722255426620281  0.43840307197729239  0.45033362259927806
  0.46220690402419129  0.47372799460158926  0.48507824322757415  0.49642173024445579
  0.50735425343297458  0.51801694626319494  0.52824416594281542  0.53842570802320699
  0.54814350152240832  0.55792996384542159  0.56784127053295208  0.57798456433160661
  0.58805711700778318  0.59848536586422518  0.60900822689007938  0.61954124836942148
  0.63007282877280302  0.64043391284737039  0.65060345813431097  0.66067390601733988
  0.67103160883971924  0.68188887419132305  0.69251226718171421  0.70294789238312394
  0.71337817788301805  0.72368648198702723  0.73433659105046833  0.74470911766817804
  0.75524384012944168  0.76591930555081544  0.77725032151200824  0.78851544022285525
  0.79920591849449496  0.80937013527443979  0.81956042368672244  0.82946553289321889
  0.83961328724993212  0.84985445263364212  0.86037792245100198  0.87081896076618126
  0.88154678964930111  0.89264628249626921  0.90339253740683678  0.91401006288932252
  0.92489782136000553  0.93597140632868614  0.94672035154444800  0.95761527631516019
  0.96730952085108213  0.97810246735613982  0.98875541131298050  1.00000000000000000
 -0.00241902717273225  0.01023854836808064  0.02059809200528032  0.03179564052203088
  0.04273008825572698  0.05360162832578385  0.06392628439750739  0.07472099923744303
  0.08564089600345709  0.09672812252170880  0.10753603859706734  0.11761080727899552
  0.12771188145675205  0.13801308659690378  0.14820120022815161  0.15877586944317534
  0.16901999490124758  0.17931145530990647  0.18898576352521393  0.19859573638542360
  0.20842983467345375  0.21848400064252094  0.22842919527074981  0.23876307064636526
  0.24953119074872976  0.26034124326339769  0.27122610793238094  0.28171285904416793
  0.29169547219064290  0.30153053965934329  0.31157742507780067  0.32215665774042507
  0.33258961037406343  0.34308168542247408  0.35375070514791768  0.36444766694865355
  0.37485184482829875  0.38490940071357621  0.39513760164121114  0.40582727673522229
  0.41668958913151344  0.42707062997529188  0.43707617881145649  0.44761098658300413
  0.45831014034975431  0.46853945917579765  0.47856940316152968  0.48942721632815089
  0.50058897224511756  0.51147741385016166  0.52187972499175828  0.53199315999246655
  0.54237181066013462  0.55282460117478793  0.56305688919033814  0.57287506095934770
  0.58261480388667075  0.59329425367284083  0.60418421834438996  0.61485709192037019
  0.62530803999272500  0.63593492128485285  0.64663997290426423  0.65679500854629269
  0.66646652243140980  0.67628350939175585  0.68657512472725657  0.69731592751258564
  0.70812673428781781  0.71923133622832836  0.73048393260876820  0.74099471246857185
  0.75128342012379334  0.76142690389168433  0.77165367875925794  0.78205956879727079
  0.79245531195035113  0.80299991139967453  0.81359570376986123  0.82454639771840332
  0.83557933010778873  0.84634860608486051  0.85705436907032273  0.86734949908504089
  0.87780058926181581  0.88819154715186033  0.89874507960224181  0.90943203718203758
  0.92030536871270674  0.93176734693071028  0.94320700347538000  0.95458329051205226
  0.96608975738736313  0.97757842446605092  0.98889677038693413  1.00000000000000000
 -0.00205034865961006  0.01006576502257134  0.02053755305092813  0.03154967070910479
  0.04254714449401293  0.05358034541335734  0.06489402503285759  0.07638216200263243
  0.08703709145510920  0.09705181155364856  0.10669577634067247  0.11632197685156088
  0.12618421949812694  0.13630669161145564  0.14674944769054313  0.15749188749445694
  0.16861525836511543  0.18003443771013752  0.19087728349851826  0.20128365551971727
  0.21143425973708665  0.22154322190393086  0.23193648813785844  0.24253322801433888
  0.25351952177070836  0.26433313408196768  0.27522081490502925  0.28619599770911147
  0.29721125283045041  0.30848474368036516  0.31946970603113123  0.33032286930856680
  0.34139066603039048  0.35244091645424924  0.36296282654215090  0.37332050530107719
  0.38404994141099325  0.39503715566125752  0.40590353189286987  0.41688132822515378
  0.42779825475213940  0.43822056042010915  0.44818143319983367  0.45838787554757315
  0.46892539320255933  0.47963178564341113  0.49011577559925867  0.50083120333592590
  0.51132529788746739  0.52214384245442702  0.53295698590755569  0.54402464537570516
  0.55496306900418135  0.56567748838975318  0.57637667231594381  0.58689518282216624
  0.59706187430128999  0.60711256039534101  0.61722893837046444  0.62722711095138828
  0.63694243549065044  0.64646738497696210  0.65632217314341190  0.66636016731941961
  0.67661969255156951  0.68695168174254728  0.69752888729496143  0.70856948560867417
  0.71982653109299954  0.73066662062478638  0.74118635853327175  0.75136261274621619
  0.76131715902971697  0.77135331989570233  0.78183903909872687  0.79264390947359520
  0.80309054145395842  0.81321027943662094  0.82344088026310691  0.83376142305350698
  0.84368333359117498  0.85343810268189724  0.86336645467447048  0.87381485277391413
  0.88452408322570686  0.89539590475642095  0.90614191260596944  0.91696302830238507
  0.92746018354465176  0.93803564614979618  0.94920060420418684  0.95977143766949058
  0.96984884236988145  0.97956732053762685  0.98972791017132011  1.00000000000000000
 -0.00222370732795626  0.00878529494989822  0.01814872138564216  0.02785767933200967
  0.03799997355760731  0.04841661092409269  0.05907041660670423  0.06956145510152179
  0.08010068706237063  0.09008657029499781  0.09961817663928305  0.10930462970893740
  0.11925130839588052  0.12945967260501268  0.13998408380642666  0.15027993581260984
  0.16045461933891242  0.17080643087268962  0.18148154076076514  0.19235260091813594
  0.20265333161603696  0.21319485839207492  0.22391901400980260  0.23457274713909851
  0.24534511745316689  0.25618272948964993  0.26707891398628247  0.27763658497904825
  0.28791708716506365  0.29824173613732657  0.30866428936286477  0.31939347201178708
  0.33017005895642659  0.34103320829552014  0.35173206128900431  0.36238879504049804
  0.37335868867781941  0.38495044500203768  0.39644706065230795  0.40722457657496258
  0.41766430930782250  0.42831771555406195  0.43926292721438420  0.44976965462067831
  0.46028253703553118  0.47077142614931522  0.48171896412247073  0.49305702151686837
  0.50451501791966369  0.51578570169472471  0.52664599039222992  0.53725178652466876
  0.54789019120173243  0.55848520848113503  0.56922602027071567  0.57990933679797074
  0.59042836983803604  0.60103882992060043  0.61210259979789883  0.62248053957930849
  0.63309396385065453  0.64365575253022256  0.65469674970228686  0.66582587536105853
  0.67671283291999418  0.68738690503641742  0.69763042664142094  0.70763130604206603
  0.71723037456245387  0.72698009716151346  0.73725660239312829  0.74778512114872198
  0.75772751753152146  0.76767573123782906  0.77809236904267531  0.78872633423807348
  0.79897540906759534  0.80925243074958975  0.81993903989383954  0.83100739395924528
  0.84199476575017740  0.85329832519858517  0.86438557104534886  0.87523859285245653
  0.88582744323798479  0.89622243786628952  0.90688857697402225  0.91774732273077941
  0.92878936152422187  0.93920568056657217  0.94941985739525070  0.95994108314053495
  0.97028693964460277  0.98035983058036325  0.98992733892359552  1.00000000000000000
 -0.00232683434551253  0.00937861919108727  0.01894864984492077  0.02910348147739376
  0.03943124252099846  0.05010236583053464  0.06033898001166566  0.07118254494918148
  0.08185662849025606  0.09317193707502909  0.10432267556961305  0.11518242162884328
  0.12610297220038294  0.13727738549782528  0.14852476792010422  0.15998487544747664
  0.17142371934052308  0.18246924892868285  0.19299663776160156  0.20335136526701145
  0.21416441878027531  0.22550133870344857  0.23650014954845769  0.24674202193471209
  0.25642907225078382  0.26643124635646931  0.27654476954964696  0.28637761576964244
  0.29623646844451906  0.30656506505046405  0.31704047454033563  0.32768300620043839
  0.33815150807874561  0.34856288853162193  0.35914113090485011  0.36930008545280796
  0.37904836999524144  0.38864518405606757  0.39888427008819111  0.40941202106468311
  0.41980546929869417  0.42985960974028808  0.44001877325494404  0.45056474834776816
  0.46096688956160486  0.47158345134387974  0.48232805929596695  0.49289084124309884
  0.50306865877679574  0.51264176478493695  0.52304908261188410  0.53418454666097748
  0.54574840211758935  0.55655933478517583  0.56710816816896348  0.57771883101738553
  0.58797904868639195  0.59837382954053153  0.60894692127034522  0.61937890072440926
  0.62970504621872059  0.63985840564886898  0.65024415123481261  0.66069212518543741
  0.67156968091899605  0.68255326291817908  0.69345399336517732  0.70398762520590696
  0.71435946883477663  0.72489821045000946  0.73554113145295508  0.74614605321556737
  0.75688404271881715  0.76737133524544265  0.77769226025720894  0.78794517035385347
  0.79847706951323483  0.80839053237065628  0.81848382311018719  0.82865921555672584
  0.83882866361807618  0.84911752421735853  0.85911379278003064  0.86975078458387833
  0.88028435791073412  0.89141534592081073  0.90246025505777860  0.91392766217736776
  0.92564644927744189  0.93790235589001492  0.94925506234892576  0.95977813920915900
  0.96946047907481825  0.97941959455990835  0.98944634620475347  1.00000000000000000
  0.00974639898499962  0.01596859005958919  0.02456768383807589  0.03457356813678790
  0.04458853202371464  0.05468104069835480  0.06474731603135656  0.07492951512930958
  0.08544201271576654  0.09609713604280580  0.10640998686891225  0.11633799641279409
  0.12631369066215434  0.13643932452624619  0.14656165529573917  0.15627604230331416
  0.16591668413341334  0.17567733791440596  0.18581917626292704  0.19608907085114313
  0.20637563346689825  0.21662337735658768  0.22699143117290196  0.23756963060143790
  0.24825197658398801  0.25877909290176970  0.26909288722375158  0.27933665483105480
  0.28962626472942304  0.30031218686274835  0.31124992980504040  0.32209002348882315
  0.33268301644495285  0.34306174090918973  0.35367680902307974  0.36441377539377762
  0.37535442719561568  0.38620777609541163  0.39695827182643767  0.40764595539976861
  0.41826152500506442  0.42888104131470312  0.43969625387282291  0.45075524822100743
  0.46179208237063951  0.47265642376401995  0.48369462138274205  0.49492170435780586
  0.50588943440376477  0.51655662211449704  0.52693216699152534  0.53711699892840814
  0.54724821835679038  0.55709218086232126  0.56699088800651609  0.57690757527394165
  0.58701728694025923  0.59762516215554906  0.60816354941442485  0.61841261681805715
  0.62859544869253681  0.63888457123662323  0.64938629101723022  0.65964089270001258
  0.66969078763728063  0.67980307270522933  0.69001545884479298  0.70019495746488791
  0.71006756694174300  0.71980114856948740  0.73001088060075914  0.74089942222427629
  0.75203342224213088  0.76286641377503606  0.77374911973799143  0.78517466188320961
  0.79659992527889267  0.80800206888900061  0.81931249466762845  0.83054545409348135
  0.84135471060215117  0.85216880665472761  0.86278995287465832  0.87317346406900598
  0.88333996707148721  0.89339725883683851  0.90364841045407951  0.91390810054864169
  0.92427726371070051  0.93469040983810325  0.94528636058317961  0.95631969657219895
  0.96738503785364194  0.97833089375020210  0.98919963522342835  1.00000000000000000
 -0.02046480430165057  0.12049026461865101  0.15935072421941177  0.18190407807523579
  0.19967459294241469  0.21490091365786321  0.22825242924182731  0.24032850234077469
  0.25151665663263839  0.26200152172523677  0.27163073243427344  0.28030505707638487
  0.28837877931070405  0.29617576886893299  0.30383031599586113  0.31139096789087117
  0.31862924276983501  0.32547650854465893  0.33213195423595887  0.33876840907738576
  0.34565028531895126  0.35250989182178605  0.35908844224634495  0.36535073181556837
  0.37132383619614784  0.37703532844515375  0.38262370446438532  0.38835222265401564
  0.39427760879229812  0.40021479191256887  0.40599131684954343  0.41157602789244085
  0.41712815553159299  0.42272384793284679  0.42844330065450159  0.43403473908184764
  0.43932872200322975  0.44466218910567806  0.45005274734803541  0.45549505213746216
  0.46085493367713010  0.46599484886229675  0.47108819780565109  0.47626026399721727
  0.48133795251456180  0.48641375725631386  0.49145177765038972  0.49644558148978951
  0.50164795517995242  0.50692791316477903  0.51240357624148103  0.51784027197450921
  0.52348716366745318  0.52919292559299536  0.53478658472494123  0.54028813356744931
  0.54570651822441707  0.55097987774523050  0.55645432748997425  0.56197503969612050
  0.56739538053768335  0.57285050824048833  0.57825503170547699  0.58359630438186516
  0.58892464954959534  0.59427144933035725  0.59968662111798487  0.60514044912851594
  0.61060641427636475  0.61604322274880263  0.62153704778906427  0.62724072054208435
  0.63315277190226882  0.63922251054963064  0.64530847809720793  0.65133937189843261
  0.65745177195396665  0.66363572188138931  0.67027652280342376  0.67746014767289253
  0.68486719408805574  0.69248382956684096  0.70029243785647588  0.70817474199677422
  0.71676886714411314  0.72554304327923169  0.73544393726693857  0.74607102052626539
  0.75751483280469434  0.76945190116748019  0.78266265296533666  0.79758184891065897
  0.81548890223267501  0.83894276636040055  0.87950013610796973  1.00000000000000000
   2.6658661356694523E-033  -1.0000000000000000     
 F F F F F F F F F F F F F F F F F F F F F F F F F F F F F F F F F F F F F F F F F F F F F F F F F F F F F F F F F F F F F F F F F F F F F F F F F F F F F F F F F F F F F F F F F F F F F F F F F F F F F F F F F F F F F F F F F F F F F F F F F F F F F F F F
  <DiscreteSampler_grid>
  grouped_processes
  1 # 1 for a reference and 2 for a running grid.
  10 # Attribute 'min_bin_probing_points' of the grid.
  1 # Attribute 'grid_mode' of the grid. 1=='default',2=='initialization'
  0.0000000000000000 # Attribute 'small_contrib_threshold' of the grid.
  0.5000000000000000 # Attribute 'damping_power' of the grid.
 # binID   n_entries weight   weight_sqr   abs_weight
    10   10   8.119410998390455E-020   1.215384549766731E-038   8.119410998390455E-020
  </DiscreteSampler_grid>
