  0.00513502136410416  0.01599736839307443  0.02720228374717552  0.03888098401616821
  0.04986353554930599  0.06076939853547177  0.07186292383272282  0.08308694387833639
  0.09417412653004610  0.10518221305773695  0.11623406552316701  0.12706127147133028
  0.13756036529624127  0.14801147266903705  0.15857321383723083  0.16914692516433649
  0.17967629826956763  0.19007507267945969  0.20058512265307066  0.21110510817263420
  0.22169070404262503  0.23214357502210711  0.24246072400442759  0.25260402760216732
  0.26248284240157188  0.27232719993185800  0.28240372453453721  0.29285789024071107
  0.30351506862291933  0.31422492066016139  0.32496389711432982  0.33582696203883106
  0.34656369947355808  0.35723439367304893  0.36778812203837369  0.37840633944516833
  0.38884122695552614  0.39931162586240976  0.40974906439682096  0.42043617310751219
  0.43116403704253414  0.44192891942070228  0.45257673472800841  0.46292965794294183
  0.47323245480707332  0.48348833782932998  0.49369502203052362  0.50383466131634225
  0.51405858925920689  0.52433681865708903  0.53452990680055468  0.54464815311107362
  0.55485688171748171  0.56516722462603652  0.57559322867929963  0.58602582867420527
  0.59646872929889183  0.60665737619424276  0.61671292070934580  0.62693807363315734
  0.63735123368185098  0.64787337279809798  0.65848258925065251  0.66917930549399840
  0.67989808011815467  0.69038432693484020  0.70061713465721920  0.71075547564896147
  0.72090155071320672  0.73105146908282392  0.74125752565593395  0.75163860148148354
  0.76218665246829209  0.77264316391193699  0.78277208241685148  0.79272020260274334
  0.80280499426571705  0.81308585201025729  0.82334747552124754  0.83346466390950869
  0.84358193198276354  0.85386386396316805  0.86438603573931794  0.87497533645714332
  0.88543811361354130  0.89578384737420980  0.90591118575073193  0.91587425247645149
  0.92568675793312094  0.93544750947331412  0.94521228416005665  0.95487170994463433
  0.96438209250196305  0.97373565245020455  0.98287627080951934  1.00000000000000000
  0.00492866450281289  0.01547689239165568  0.02726979911519777  0.03944315264441128
  0.05080786809993781  0.06188707374744345  0.07293141092902494  0.08405086713116729
  0.09500948952088950  0.10579598425486363  0.11654831988821279  0.12717164316170554
  0.13755183458528583  0.14769214693569413  0.15778527164637929  0.16792954858280620
  0.17820191569508023  0.18861368300682754  0.19932740376744709  0.21023877313737538
  0.22129414275753048  0.23255040747707384  0.24385858430858290  0.25510761299273405
  0.26612374449922593  0.27678416049067511  0.28724864367279807  0.29780248202320359
  0.30843429067232542  0.31889452375071436  0.32917366824915872  0.33947411179958276
  0.34983296332185165  0.36021373171071014  0.37073900605695304  0.38145133870047387
  0.39219110856836503  0.40290537887535638  0.41363696773363862  0.42437961531917995
  0.43510031969123042  0.44575777051371757  0.45642861235293247  0.46698555046528517
  0.47758812894279667  0.48852098415234602  0.49953691218221524  0.51024837468717121
  0.52076770223147972  0.53137920033619357  0.54209127601815776  0.55277624615484067
  0.56341425210932916  0.57396658847567417  0.58434966642903008  0.59457472745821738
  0.60477784616567454  0.61511056170754030  0.62557636590878840  0.63612469069550426
  0.64666339922431038  0.65706623734518255  0.66751863349934393  0.67788115355720302
  0.68812497199960687  0.69832076006329802  0.70854019529986900  0.71888659561217960
  0.72943317749206205  0.74022592736723880  0.75111907243845022  0.76175588072436595
  0.77232585037299539  0.78285788586485738  0.79328800137261613  0.80366350485907379
  0.81402244608708663  0.82447595063103396  0.83481577393391126  0.84497249596772628
  0.85495580055489451  0.86486089828798263  0.87462321975991397  0.88412702301648238
  0.89359866833173152  0.90328161340612489  0.91308978033483612  0.92292364588356424
  0.93276391425906702  0.94272920000995553  0.95284030175717493  0.96289837810884849
  0.97283632725802927  0.98240193037545587  0.99130963413464501  1.00000000000000000
 -0.00251120282406494  0.01001535827329986  0.01997526402866834  0.03069470954846154
  0.04102749610722606  0.05179546818352480  0.06252765784910988  0.07307701452011547
  0.08368420129998043  0.09393243441459927  0.10426385919821342  0.11452042919457074
  0.12479366310269858  0.13554982086215536  0.14634369417540535  0.15735339078860147
  0.16837113688397748  0.17886099406151923  0.18948645396752836  0.19985633767457844
  0.21022821657959764  0.22020336215525133  0.23010253306052314  0.24043257581403199
  0.25070163754861263  0.26129114017429894  0.27176187824556769  0.28225971028960689
  0.29252464859487770  0.30281528952858633  0.31320462476993777  0.32368983973804155
  0.33434394924058525  0.34490902339459034  0.35547724908027589  0.36588547738012578
  0.37640406830471129  0.38699054206194955  0.39757894889785350  0.40807719143750809
  0.41854960281249109  0.42916780942567617  0.43986234439938304  0.45055410270751906
  0.46119845937955645  0.47201350390127966  0.48286561457208221  0.49376710395669560
  0.50465810074724626  0.51575047231612858  0.52681858553354077  0.53783585669172995
  0.54858236035616337  0.55923597812090631  0.56993754980762845  0.58084227945665767
  0.59172519573249416  0.60229943155492027  0.61260912297599279  0.62310764134459307
  0.63359531153961646  0.64415801851145460  0.65461538769935534  0.66502393553455974
  0.67569085625065650  0.68639311505010592  0.69709269416610176  0.70798154341695541
  0.71898273060033457  0.72991655572075709  0.74022794104590839  0.75050662663474621
  0.76135926470116599  0.77219252227700663  0.78301638678957663  0.79395065002516585
  0.80486675709171518  0.81570907951154947  0.82584829902452983  0.83607093993608128
  0.84607206449320060  0.85604563950094881  0.86616405350843162  0.87616866467662680
  0.88644388959994058  0.89658411326067566  0.90731443449427407  0.91794882627191032
  0.92818937592830442  0.93848534556897367  0.94885075681028885  0.95917722693418572
  0.96941955809412461  0.97955501129702816  0.98981524829719159  1.00000000000000000
 -0.00226020759154752  0.00964318691471145  0.01967697903441617  0.03010204612125330
  0.04032737793670534  0.05100058635520763  0.06161818917809134  0.07203042020473285
  0.08244233740116881  0.09318022632454842  0.10416435153653532  0.11465536911245211
  0.12512843013478567  0.13593137809870987  0.14652098028661512  0.15703036785711449
  0.16755861417599618  0.17829617649340401  0.18920694362785817  0.20007826851270205
  0.21075595708012049  0.22128534373871128  0.23171150433579907  0.24226758916473123
  0.25264271474849043  0.26303231930709536  0.27329393610165215  0.28362452984067810
  0.29374843194833838  0.30385093914107197  0.31421892890384856  0.32464478492001320
  0.33501661604295147  0.34532244142293372  0.35574581359748070  0.36631806630957869
  0.37694048633370342  0.38752575268084527  0.39811190276560265  0.40847652257127498
  0.41911555748210499  0.43014097905088100  0.44109198537069005  0.45169255091852600
  0.46208980946183920  0.47254552524297677  0.48304228505428060  0.49359800689210120
  0.50435848077611056  0.51513001892070953  0.52562503100747926  0.53576843543438324
  0.54576345605691934  0.55594431377807407  0.56620163189070316  0.57657360830706439
  0.58691610390840276  0.59766245255045825  0.60823215241456596  0.61882411795617132
  0.62915675903586277  0.63949728207012990  0.65006477535348861  0.66073496288365574
  0.67152432480780266  0.68202401229185783  0.69253238479900447  0.70306781731987089
  0.71389062808617032  0.72474300193487773  0.73562318767288037  0.74632042977744861
  0.75686848840076248  0.76758993043812396  0.77847442836118330  0.78923780779270714
  0.79978048083018172  0.81011787883276309  0.82097385340513951  0.83189411310356320
  0.84235794607113401  0.85275633878623602  0.86316170576800499  0.87400642678578477
  0.88441307369945243  0.89487152055288044  0.90528689789719852  0.91589909042016748
  0.92655321889977427  0.93692672391439935  0.94738878151421568  0.95799081469682501
  0.96853780704010362  0.97927123414871053  0.98947892343897603  1.00000000000000000
 -0.00203328917231632  0.00912704201965695  0.01904991713942192  0.02949303334651663
  0.03971940406601681  0.04985477845287265  0.05975786233479157  0.07003537238780518
  0.08041264075948461  0.09102161886922416  0.10164230330712830  0.11269347433384415
  0.12388353154881938  0.13459413257847833  0.14531886464098615  0.15583437980783010
  0.16632887602021559  0.17655736587426071  0.18694939032705965  0.19761829277475787
  0.20823262783667223  0.21903471119866533  0.22994642180537067  0.24058786697655501
  0.25089627702087769  0.26118176287205325  0.27166096477355300  0.28220724167309286
  0.29248206906677943  0.30273905351253655  0.31337966380075155  0.32429738005866993
  0.33528337999006047  0.34589970672809239  0.35657765150185872  0.36738178487913936
  0.37801291476001303  0.38850069156088290  0.39914194595291608  0.41015526280511527
  0.42156676095752882  0.43274510215871675  0.44341500509806109  0.45381257152849058
  0.46451981066375897  0.47527807466768640  0.48592129664700967  0.49612244346200518
  0.50675758581107744  0.51759808093630355  0.52850718654483264  0.53929755015068181
  0.55002822497618042  0.56083524257633577  0.57143386509376171  0.58194756791105984
  0.59237304226587306  0.60282437967713032  0.61347248202511273  0.62410232648127861
  0.63488938551215490  0.64556904017730232  0.65621706692789616  0.66666496285155707
  0.67705691223944586  0.68752178085029936  0.69800803951573731  0.70858268049830420
  0.71941997226658760  0.73033407276442808  0.74123951508820229  0.75167051663425910
  0.76195428624713879  0.77217004107243925  0.78248913316571878  0.79269072108397198
  0.80289058732838536  0.81324769929954788  0.82384145978965240  0.83428626640767445
  0.84464450312027295  0.85511372776255701  0.86542740243850058  0.87560380985647857
  0.88587797631934062  0.89640059001916206  0.90690535411200324  0.91734194011598724
  0.92778992685107120  0.93803373275444313  0.94837503618466812  0.95847521326631746
  0.96897859650963825  0.97912906547239054  0.98973914237709071  1.00000000000000000
 -0.00265943863960673  0.00978909448036013  0.02027989381480722  0.03060244439842038
  0.04122987929773360  0.05230799815736416  0.06348939217464353  0.07417763448466012
  0.08480642595813272  0.09517548302061241  0.10536118998259324  0.11542473619785042
  0.12594992610581085  0.13657570247595457  0.14710194029312532  0.15726978323537052
  0.16754406930475019  0.17784131136340250  0.18821085561784776  0.19852450951931164
  0.20892177755957159  0.21939060645845054  0.22964233773493728  0.24010801107603125
  0.25037122637213993  0.26070040401620997  0.27102186018399632  0.28180715131101569
  0.29268212395804100  0.30365152788051281  0.31437689583336076  0.32497511569972604
  0.33529937336466453  0.34555764499567665  0.35559012727188899  0.36566994653802359
  0.37583479089039157  0.38631554906792748  0.39677792822184316  0.40738505711359574
  0.41841742456483111  0.42941424426622554  0.44025032053138746  0.45095252058332413
  0.46170798959749987  0.47201062953352313  0.48228384937713759  0.49241914935229492
  0.50267074586091531  0.51266821806036422  0.52281130517410568  0.53321666095881581
  0.54362952882678417  0.55389490793948026  0.56426228058004624  0.57472634085153118
  0.58518390144527765  0.59578969476264421  0.60635626224493999  0.61747002646476179
  0.62846602543050312  0.63982423857099124  0.65090360668372371  0.66212184192432821
  0.67294412154596317  0.68378083065243334  0.69437781547235378  0.70495317695414361
  0.71553406561003263  0.72611454701252109  0.73651130170052459  0.74720634584464396
  0.75803034398893165  0.76906397310383590  0.78007828893885600  0.79087985093886903
  0.80146949661586420  0.81206045336415023  0.82269888886705611  0.83325306476870575
  0.84358474060435329  0.85379709274415738  0.86405722710620014  0.87447533260206511
  0.88516465417291845  0.89619892301487902  0.90706413301238675  0.91800975224351511
  0.92885411266769091  0.93968139395989914  0.95034064343503588  0.96094986719794084
  0.97114799852894762  0.98098822767773641  0.99050317082722195  1.00000000000000000
 -0.00245218345351552  0.00921525987092441  0.01944523156647194  0.02977418807920419
  0.04019206186871371  0.05034438651442528  0.06036321882911809  0.07049344745185013
  0.08072287895774789  0.09143317389175669  0.10209444729454203  0.11250346675161962
  0.12285220873443975  0.13339761361168906  0.14407470428991867  0.15486584009311213
  0.16557145069366327  0.17658716689466961  0.18726871118562260  0.19813325462362075
  0.20888094894360754  0.21944188402723694  0.23005236588910943  0.24088714061785080
  0.25176134453257615  0.26240487270386331  0.27286280985838762  0.28331911221923367
  0.29353213495557662  0.30372764951225262  0.31389639028657496  0.32432728302841746
  0.33464266172342699  0.34502268538287206  0.35548770113395728  0.36611779676171780
  0.37648754409898177  0.38673241330815694  0.39698568444341747  0.40784591710674595
  0.41873288165112471  0.42946639985899265  0.44024472338262399  0.45123423167458970
  0.46211208563111089  0.47254682416167348  0.48306474121595699  0.49362128128438115
  0.50409209212433159  0.51468954188192895  0.52518243238114903  0.53565059158423112
  0.54594266688366522  0.55652372858501020  0.56701124992116125  0.57751176530902859
  0.58811211883372361  0.59903898516562271  0.61003200017390879  0.62084898590527882
  0.63136010136162957  0.64175008386260113  0.65203959216522656  0.66210530308169990
  0.67229902322859492  0.68236101093833823  0.69309764611563873  0.70416513584589213
  0.71514980542778483  0.72599726443453116  0.73639892791405304  0.74687298506374611
  0.75725820714146175  0.76777166955203413  0.77842066732497861  0.78913097748087313
  0.79988579464010123  0.81088574475988928  0.82165702758792658  0.83233327167283966
  0.84302975591903384  0.85360592727838125  0.86415317920268497  0.87461506581922022
  0.88500568122716705  0.89551024347925845  0.90542868144194000  0.91566924242627445
  0.92643149139196823  0.93708073690414695  0.94753295508810509  0.95772941180430415
  0.96834250385767329  0.97897028175029066  0.98953322465883831  1.00000000000000000
 -0.00254139456075489  0.01034982762755940  0.02129588434984583  0.03194571077878345
  0.04262292048287018  0.05293525694543203  0.06332444277774756  0.07362963894802690
  0.08376202240527347  0.09374252473711470  0.10368720062957630  0.11393356886248926
  0.12424483616041444  0.13455902588698310  0.14471924299598296  0.15541524574709900
  0.16612439121161429  0.17666569034768997  0.18701102272277234  0.19741572180665629
  0.20786079485668904  0.21814178827829694  0.22843791391266866  0.23891886955896255
  0.24936334124530798  0.25989066564390639  0.27044661891426475  0.28110201360268683
  0.29182867319725520  0.30246048872801407  0.31309603649369183  0.32349100768338901
  0.33404988010345327  0.34500189163736167  0.35612859914581135  0.36715037143580947
  0.37793424096520167  0.38851513124838105  0.39897000394626753  0.40912599605167149
  0.41934860202961655  0.42977464148753736  0.44032975183287815  0.45088033517500348
  0.46121802373504822  0.47176811127256940  0.48260798702781399  0.49355312336310297
  0.50468277646786641  0.51542426353855719  0.52611865349668463  0.53671683988131869
  0.54731955180416636  0.55786292065789056  0.56817236757582923  0.57873990249597285
  0.58909916416208563  0.59958670607250164  0.60987428439489344  0.62037905166593132
  0.63051266245511495  0.64059339175591856  0.65106385426229718  0.66190138717213831
  0.67270824628156911  0.68339988945863872  0.69453552511322203  0.70562710308035770
  0.71615669961007100  0.72653692286198535  0.73686473692645871  0.74720363273150481
  0.75755859129426639  0.76817796202044786  0.77861531566203113  0.78891823398243710
  0.79925214429808500  0.80961201626491519  0.82010158873235139  0.83065044781421660
  0.84099724040135815  0.85120475936958262  0.86140050892435693  0.87198688591977158
  0.88257796001776101  0.89305986554033279  0.90365715054501472  0.91446778645247717
  0.92530492348853932  0.93609775540289852  0.94660755712547096  0.95720929925337417
  0.96768962483617882  0.97840856193890413  0.98909829180803333  1.00000000000000000
  0.00950830477825566  0.01634447400374837  0.02515739896373075  0.03563995586008855
  0.04572568237234759  0.05586359318435493  0.06619011592434908  0.07672098498815075
  0.08709171089135541  0.09757166825770898  0.10789136718121550  0.11821745376921605
  0.12894891084177079  0.13972339676874301  0.15059788107508593  0.16126411534474455
  0.17177051720762410  0.18226001855441745  0.19287952758155477  0.20350705797438715
  0.21398175725823898  0.22408452968661186  0.23442028374673948  0.24475647883130330
  0.25541574647357146  0.26582656933787646  0.27629062730784743  0.28652387209382124
  0.29682378838355927  0.30711623440574076  0.31756771345671370  0.32785055520767131
  0.33800196640962510  0.34785676999503778  0.35801691091078292  0.36835015203102517
  0.37891918473576541  0.38942102432812525  0.39991218274801937  0.41051836750901899
  0.42101846560025907  0.43136434661830769  0.44150383024496576  0.45158327626036254
  0.46172055099237447  0.47198907785810518  0.48252896337423479  0.49319964609102013
  0.50384735305374040  0.51434421204719960  0.52477612560046716  0.53532320607714534
  0.54587105570325156  0.55649324504599773  0.56712849651826314  0.57757869493770064
  0.58813355508074139  0.59871228577293423  0.60925259673723153  0.61973964316511077
  0.63009077547992964  0.64062362875163581  0.65122526519914359  0.66170579309973587
  0.67219705238297234  0.68235799051226032  0.69255794755046496  0.70264711232299681
  0.71290928263557252  0.72309397548476650  0.73355654869907427  0.74401019320009742
  0.75436805775770055  0.76460585939406234  0.77480871829324416  0.78557421669187066
  0.79617948051299259  0.80674315475808867  0.81735158172132161  0.82805609849205097
  0.83842607299741212  0.84853663119744693  0.85876857327422140  0.86927988891549735
  0.87975315183546909  0.89000418409972482  0.90029575913719628  0.91024052268000555
  0.92011177064172323  0.92996352672673777  0.94003039438565839  0.95032972405933247
  0.96048567778600191  0.97076181157427088  0.98088946044805647  1.00000000000000000
 -0.02056592200458266  0.12132091720532019  0.15983047305335935  0.18287368560523187
  0.20074681197816116  0.21579296903653955  0.22899345968664858  0.24075903810619084
  0.25160069940906887  0.26142355171090764  0.27094090659041981  0.27973171264594959
  0.28829981383663400  0.29637955226919799  0.30408696586249917  0.31158521235740105
  0.31876658272635250  0.32582827266417169  0.33279190413510518  0.33960744550231237
  0.34624757674396139  0.35281769010684505  0.35915795741755907  0.36538350356325450
  0.37152786720996073  0.37754431280091172  0.38347979354640138  0.38935689286449793
  0.39515674764501474  0.40084049043256509  0.40644529917939598  0.41204662621847277
  0.41761207541458673  0.42306970721847342  0.42853981682187670  0.43399378679377759
  0.43939517898230601  0.44470796068011303  0.44998612165854918  0.45524463626320849
  0.46052158206672233  0.46580142511863165  0.47107354809045904  0.47631819113912055
  0.48152153090743394  0.48670467254748134  0.49190036143417465  0.49712121668165699
  0.50235388090008837  0.50758367225413525  0.51280617905279380  0.51800769768962884
  0.52319760050096742  0.52836194774416823  0.53356258093948594  0.53879859977368327
  0.54407964958221899  0.54940763534703019  0.55475445423297010  0.56012678320751497
  0.56554500695125764  0.57099219022493786  0.57641084686160826  0.58187240221260916
  0.58740858312797450  0.59301886864064823  0.59866769833430544  0.60438249554047907
  0.61018093908109405  0.61603907742781661  0.62195156692319853  0.62798593802494784
  0.63416013408090810  0.64038910330924781  0.64672105674753266  0.65318375373989235
  0.65976238925946762  0.66644813985219320  0.67334029550606300  0.68043459562891284
  0.68768186052068347  0.69532133330369628  0.70313024634901033  0.71119528517230535
  0.71973992841222223  0.72847084145103158  0.73798997187071746  0.74803026573223463
  0.75900546492448606  0.77087530973641316  0.78395770383464369  0.79888952958090131
  0.81670998729855482  0.83958646941254611  0.87833265456862608  1.00000000000000000
   1.2422379164723159E-036  -1.0000000000000000     
 F F F F F F F F F F F F F F F F F F F F F F F F F F F F F F F F F F F F F F F F F F F F F F F F F F F F F F F F F F F F F F F F F F F F F F F F F F F F F F F F F F F F F F F F F F F F F F F F F F F F F F F F F F F F F F F F F F F F F F F F F F F F F F F F
  <DiscreteSampler_grid>
  grouped_processes
  1 # 1 for a reference and 2 for a running grid.
  10 # Attribute 'min_bin_probing_points' of the grid.
  1 # Attribute 'grid_mode' of the grid. 1=='default',2=='initialization'
  0.0000000000000000 # Attribute 'small_contrib_threshold' of the grid.
  0.5000000000000000 # Attribute 'damping_power' of the grid.
 # binID   n_entries weight   weight_sqr   abs_weight
    10   10   1.965293081947795E-023   9.905010268268022E-046   1.965293081947795E-023
  </DiscreteSampler_grid>
