  0.00487062057773067  0.01540127949797732  0.02661729176202682  0.03834638488354859
  0.04960109637073051  0.06084327732474918  0.07182425263865426  0.08270023306782143
  0.09350086465766229  0.10437320262852164  0.11511923374410871  0.12589776866940014
  0.13681942968088659  0.14761625308970686  0.15811478375532212  0.16855911728765138
  0.17863074009755731  0.18901072344774217  0.19927219055184600  0.20964319442548970
  0.21996071411299964  0.23013678604455362  0.24058044208966481  0.25107489025151414
  0.26155894064055080  0.27200270487469336  0.28238231660067248  0.29259514849982415
  0.30296862959969445  0.31332478137134351  0.32380948881625660  0.33412037215147256
  0.34430106383323628  0.35442581251533917  0.36442818925374632  0.37452548578072214
  0.38514300720776279  0.39576783714655411  0.40608954863574437  0.41622527220251576
  0.42623212124363691  0.43654518927422503  0.44674694121729591  0.45705904408988762
  0.46734411291196332  0.47751732089857174  0.48781720384017380  0.49828554394395908
  0.50880506581247575  0.51924702068036688  0.52967257988628558  0.54011366838259600
  0.55057051215846631  0.56092574867855394  0.57130109361584025  0.58177319938773875
  0.59238113516478141  0.60292634149125246  0.61345035271177173  0.62391189722547424
  0.63428656759775082  0.64471134965395571  0.65519697245149555  0.66570177922676876
  0.67614921914101200  0.68649294774926439  0.69682013337845528  0.70713025177597344
  0.71756756447773340  0.72824059525722507  0.73915599779902508  0.75027314589598892
  0.76135200014955662  0.77224109013230147  0.78279998387565730  0.79355040541048916
  0.80436202330683781  0.81488390839682290  0.82507655459429086  0.83534439442138231
  0.84572380199646924  0.85604008842036283  0.86621667436802707  0.87636839674946065
  0.88637750404917248  0.89633662771602851  0.90633125218545918  0.91639718828764360
  0.92633954990122980  0.93607188953383980  0.94564242728168280  0.95518569489763427
  0.96457808045178639  0.97386272586567524  0.98299415255760292  1.00000000000000000
  0.00490373298614641  0.01511699763863278  0.02705277811805729  0.03851483043184500
  0.04979861838499146  0.06107228548594850  0.07217823192438809  0.08325931816734623
  0.09445242952974754  0.10571084376991595  0.11667520798605990  0.12738705375108955
  0.13801698064519932  0.14884131784294222  0.15983184369562026  0.17064297974455028
  0.18120893771893615  0.19180512306318279  0.20258196372111284  0.21342261881127203
  0.22420672424848950  0.23501671813609268  0.24594786061030005  0.25678947933222701
  0.26757189563634992  0.27844970428187260  0.28950258959286773  0.30079718495766822
  0.31223002100855013  0.32326555443432087  0.33425530601215969  0.34502047574615791
  0.35579756681722963  0.36620617185083054  0.37646886667383894  0.38675353499401521
  0.39712951999406609  0.40764500204382303  0.41812353712776895  0.42829086580586961
  0.43846634840226995  0.44859176696893710  0.45879881862122668  0.46893062641931615
  0.47932564629988117  0.49005345187951621  0.50087589189907700  0.51167064477470148
  0.52237851936349500  0.53312531824854459  0.54384828826085230  0.55444622171533775
  0.56524139300805232  0.57579021884479809  0.58630747032749708  0.59698427166733525
  0.60777093143678307  0.61848471859262255  0.62921878241866258  0.64013751049591627
  0.65072907540703628  0.66094346739319765  0.67115312975417396  0.68193226029777376
  0.69255555293476900  0.70302725580224346  0.71326307004875922  0.72351512665024997
  0.73383480022101555  0.74420040965730827  0.75465630984509047  0.76498516903432567
  0.77515788860085733  0.78521196403625559  0.79523029177811788  0.80534173764128203
  0.81573053090011771  0.82649492290812676  0.83703237571096933  0.84728089439978960
  0.85734377821274654  0.86713418717996882  0.87676797735487999  0.88639329700088687
  0.89624943608144225  0.90626453990566302  0.91634556325155603  0.92646876520488119
  0.93649703950773067  0.94637845187275715  0.95617201382376360  0.96555249392808806
  0.97461950652872609  0.98327194299125797  0.99230463112634448  1.00000000000000000
 -0.00239249198447085  0.00998311065604997  0.02038444190451601  0.03091079048305135
  0.04137495024331649  0.05205694079883456  0.06269048217938933  0.07301296490613625
  0.08331780200972505  0.09378837572223156  0.10410930443454423  0.11403205268450822
  0.12394697995759518  0.13403662918037845  0.14423381347711975  0.15417282829763793
  0.16403050609801495  0.17434659512565587  0.18473380067271566  0.19589155730216967
  0.20684812250568649  0.21846646665756503  0.22992876439938170  0.24124218568796732
  0.25230612153708715  0.26318096645132072  0.27407798613362722  0.28499813580411215
  0.29572910118703244  0.30627989241594050  0.31682216429803023  0.32736851359011337
  0.33799266237920750  0.34841933406779890  0.35876374590751559  0.36918674872907531
  0.37959396675362889  0.39000717110239697  0.40049350781131293  0.41097306997428068
  0.42146737757063762  0.43203352627727831  0.44275038729650767  0.45337942480641430
  0.46371842730603002  0.47393746603013265  0.48423910807886622  0.49459690871799938
  0.50497494299529344  0.51546820727825560  0.52600496608881298  0.53663322852465922
  0.54727698198506824  0.55805913994498968  0.56872986434192074  0.57918848699935721
  0.58964878870992821  0.60009702147262556  0.61087792384021367  0.62172225719533092
  0.63265797752244246  0.64357099746309032  0.65426935472252346  0.66512275825060574
  0.67575876433665394  0.68617196175809692  0.69657919173224525  0.70738014312118225
  0.71814878252382153  0.72880495653370003  0.73911242468103278  0.74964640520219539
  0.75989011628622793  0.77055492716877882  0.78123036984698979  0.79187954462404586
  0.80214254628751180  0.81239174609267639  0.82236975196389572  0.83238125337389723
  0.84243643236450128  0.85255356797277904  0.86261374545463054  0.87272167403320433
  0.88309316922197867  0.89361039033108158  0.90417562618896963  0.91479244404438509
  0.92553139531658912  0.93618493624351007  0.94702306443322182  0.95779004593073969
  0.96854186296120537  0.97890328342753052  0.98947864644703343  1.00000000000000000
 -0.00254619046252839  0.00977229654859844  0.01976176916493283  0.03011207345668979
  0.04039440715387550  0.05063339422867168  0.06094667542197341  0.07174553942275172
  0.08270864201488858  0.09347829048245571  0.10414981612999559  0.11491944193508258
  0.12550200422786068  0.13588835971051660  0.14611870081830317  0.15671616708583713
  0.16724968803116913  0.17778328771039034  0.18828139279719142  0.19889665754601554
  0.20961289338572389  0.22038537094901067  0.23130507765583586  0.24206030420040123
  0.25276509750230242  0.26340284640621853  0.27434483808489357  0.28546871230446930
  0.29650517890849770  0.30729083793831069  0.31769150204439994  0.32806752194217248
  0.33846666658619223  0.34909373466664534  0.35951178196489164  0.36970385376731563
  0.37977050089611120  0.38984208838009421  0.39990486858238627  0.40989251310185820
  0.41991848805089316  0.43028781613988004  0.44077205027028016  0.45119621177339858
  0.46151452740139787  0.47150589224330591  0.48160399020381262  0.49175076845421073
  0.50197038115619041  0.51216211052836869  0.52234791017339299  0.53250139867557689
  0.54301257849709705  0.55379062419843328  0.56437032643459961  0.57474718438308792
  0.58519312394965395  0.59604306438350640  0.60678876444716445  0.61726967606184213
  0.62808439767169388  0.63899027073938131  0.64990543620650421  0.66080458548436993
  0.67152267999766424  0.68194744489478065  0.69211895747553198  0.70252914876774208
  0.71280500379043621  0.72330925138648094  0.73375343766987133  0.74450264303922697
  0.75508582324781204  0.76541167828758183  0.77575585460391983  0.78613736327512862
  0.79661380475189691  0.80705083650800291  0.81751265989318433  0.82814606614373765
  0.83898899787726111  0.84986286013831802  0.86074863574050042  0.87178163676569365
  0.88266951695104634  0.89337153083688958  0.90402507032326873  0.91482099172982279
  0.92557688804422333  0.93620848200110263  0.94680054721682028  0.95746015389831751
  0.96804291628206252  0.97856652408238243  0.98927529626067112  1.00000000000000000
 -0.00186538377911769  0.01031085696387144  0.02062628093374962  0.03142831277793864
  0.04223669059056773  0.05303707613032205  0.06363998557877650  0.07460802188589630
  0.08543733150628484  0.09616843487007873  0.10676585698934818  0.11715911035959427
  0.12747988750232339  0.13765940663755485  0.14806276356440023  0.15836802177120529
  0.16877219016594402  0.17883033506408486  0.18902258256556906  0.19949521130067949
  0.20973569813190374  0.22006246550342734  0.23043325717760116  0.24128017659563267
  0.25203653967599449  0.26242069087965836  0.27292236304537393  0.28359754685418204
  0.29449591269580766  0.30532288956092291  0.31616321248568452  0.32654203494684175
  0.33676112750897136  0.34653740793926846  0.35636931429085361  0.36622942658088753
  0.37617829299215177  0.38663963757949288  0.39715422608475348  0.40779559346874572
  0.41825213258199251  0.42878960626559165  0.43934181367837644  0.44980757033462154
  0.46043372606589578  0.47112165170555570  0.48231253972753274  0.49349099140214669
  0.50434920981926457  0.51482993504301799  0.52553226712279721  0.53654845474504043
  0.54726548780067552  0.55769576522163145  0.56800266435918334  0.57815026058212293
  0.58843403793399618  0.59905859877909506  0.60976049497251128  0.62030096879928265
  0.63080465926077833  0.64143152477404108  0.65212346531732368  0.66269399119051009
  0.67348314162284761  0.68431902906474373  0.69528999506126998  0.70601672876755317
  0.71681735606980801  0.72744332209688722  0.73811948714662134  0.74873297387260807
  0.75909335659210386  0.76929361532445417  0.77948469556632149  0.78969692458967056
  0.79992247239295533  0.80998893664008642  0.82027244216835837  0.83064964656528395
  0.84132426166793517  0.85193130340121459  0.86270815895342734  0.87352180629625464
  0.88426830234900178  0.89500665436581950  0.90541567323662364  0.91608608456836871
  0.92639134176628257  0.93668294685847397  0.94704817408703224  0.95744933990124781
  0.96789517812076808  0.97823914605025653  0.98900636825987198  1.00000000000000000
 -0.00250872268946465  0.00986488455897433  0.01998499266295968  0.03058627592254937
  0.04101212032054448  0.05172720786753378  0.06250430327383254  0.07389796196809421
  0.08532785164175090  0.09649949806174989  0.10751405115270428  0.11852936101475503
  0.12918309585878451  0.13960344928045113  0.15012832539086710  0.16080636782450627
  0.17152055902881508  0.18240386263259328  0.19356702093507241  0.20489684437458802
  0.21600850371097666  0.22690906547797485  0.23739808922251704  0.24759517939710693
  0.25772456457121523  0.26806313424523714  0.27851585934289003  0.28895783003002856
  0.29938393101171296  0.30995430895552167  0.32057948739537523  0.33104682691553683
  0.34120393492269607  0.35138741191032113  0.36176990311568374  0.37222520236174222
  0.38259192495362004  0.39279529040352029  0.40335241809170796  0.41398509958368035
  0.42439528189558262  0.43454123673337519  0.44486239172071590  0.45529843553033256
  0.46580170149672973  0.47636549154310931  0.48722491474846469  0.49830592900062343
  0.50946518165261656  0.52054974414881339  0.53114090910040146  0.54170919730644829
  0.55240360334338190  0.56311918875025957  0.57334449924192910  0.58360634998152949
  0.59408802589213539  0.60458736618959563  0.61482338260727010  0.62487749746880139
  0.63572275249644772  0.64657109899551013  0.65733882577082947  0.66799709297421894
  0.67856302177136507  0.68914301713898773  0.69938944038583684  0.70986780126320270
  0.72032789758871152  0.73075643416090053  0.74104823277781062  0.75138208201838663
  0.76193602385327885  0.77230668152597548  0.78287989015832338  0.79332721206099521
  0.80408393279559198  0.81459087844037958  0.82522856805845279  0.83560920067232847
  0.84574439409455238  0.85583105654950997  0.86590842162083437  0.87581115269585019
  0.88586360320426172  0.89591106133951248  0.90620104238097088  0.91651810263918254
  0.92718389353314279  0.93818477689612378  0.94874435986226036  0.95926168917493093
  0.96964812661072475  0.97995689300193811  0.98997772854820143  1.00000000000000000
 -0.00237168463512078  0.00939565924118141  0.01897155191277398  0.02940602504813030
  0.03993768380053743  0.05050422700392264  0.06105722406006259  0.07134863555042946
  0.08166517129552103  0.09162444541470423  0.10163177548968716  0.11196121357175927
  0.12219547779480835  0.13231071355439630  0.14234511492157229  0.15261003392425210
  0.16306848753889192  0.17366140559319088  0.18424205162726853  0.19501643750488512
  0.20592847009966400  0.21668090207712271  0.22741752170070673  0.23799740292854615
  0.24862956343553447  0.25931134555142227  0.26985363667681911  0.28025462513419475
  0.29069156677710878  0.30121867299392496  0.31195084356796138  0.32242870526295897
  0.33292369320191562  0.34339565197955979  0.35385450103948263  0.36445615521921448
  0.37502377257542480  0.38540198874567655  0.39571455579968207  0.40630111096881333
  0.41698041355871945  0.42767657766411660  0.43809822764290884  0.44881973210327253
  0.45960204127944609  0.47054729253349831  0.48158767525868695  0.49227756605465878
  0.50282769766160462  0.51334082498197964  0.52403808392282536  0.53494696355179661
  0.54592576565790241  0.55672328274095129  0.56729099495335444  0.57765543902054750
  0.58827977418931554  0.59890934431633003  0.60951983903378693  0.61995347175370241
  0.63052137296838662  0.64123444782251660  0.65169514542892382  0.66177201941715436
  0.67172406278602281  0.68216717181987108  0.69274201441252381  0.70344181205271772
  0.71413893102453263  0.72472865169504486  0.73530639873123527  0.74571631288110207
  0.75628072378882338  0.76675256624830346  0.77721246568606572  0.78783106493347921
  0.79835677469411614  0.80890417588477115  0.81953982523945401  0.83026655899259083
  0.84092779486739100  0.85147730044702186  0.86193645414296005  0.87270582280212661
  0.88331231788002662  0.89395644108360128  0.90454528388220712  0.91518311628607518
  0.92578142768078509  0.93629786802993087  0.94684234521093791  0.95740262387419905
  0.96829511541670132  0.97896134956120995  0.98958991930333373  1.00000000000000000
 -0.00243880919431867  0.00990096386140124  0.02057367472476747  0.03147647662246630
  0.04248205233598915  0.05282396689707179  0.06337312910422373  0.07379714068556978
  0.08437429650151279  0.09466217188849106  0.10494829638555454  0.11525996167620385
  0.12551987556353353  0.13609885815919467  0.14671047745998722  0.15772960276431605
  0.16857902979551193  0.17926475860121624  0.18973726305272823  0.19992464475549820
  0.21028852357890843  0.22061061576155902  0.23104809635927598  0.24181494658091310
  0.25268907983883443  0.26347521734120249  0.27402834167597989  0.28453253816142909
  0.29495562827710375  0.30551177108324234  0.31635661905890144  0.32728987981198010
  0.33783284071566061  0.34827016470965588  0.35876233754562337  0.36920483201414372
  0.37963738502836558  0.39019505173141883  0.40076611971711396  0.41114290941159987
  0.42136406144445793  0.43172070211292307  0.44225326685747568  0.45286508070638842
  0.46329503469414990  0.47367575742207868  0.48432259172995984  0.49506574651334495
  0.50576840912219090  0.51631904030421061  0.52731879674189408  0.53843188072117754
  0.54944997516187655  0.56039040378541183  0.57123252892908849  0.58206227742666705
  0.59245399590955605  0.60279851423695285  0.61315024174400568  0.62373543599187720
  0.63450637799922582  0.64509717618075946  0.65563155675110274  0.66622550208934628
  0.67738428522333349  0.68821478256999336  0.69855345499138455  0.70894307443678484
  0.71959985611421329  0.73014600609925218  0.74028620355006669  0.75041590496920318
  0.76071234929906917  0.77133522907255758  0.78166429624650535  0.79186801803416729
  0.80169253460940482  0.81159401842183199  0.82172632206437024  0.83181755059038032
  0.84219221108149767  0.85248705749985854  0.86292539200521812  0.87349962899216504
  0.88427140285717998  0.89521217155922261  0.90588207463782366  0.91651310073536807
  0.92682507255793345  0.93704813467485293  0.94728870767646856  0.95770446501660889
  0.96842010725969574  0.97901886670330085  0.98965265973176841  1.00000000000000000
  0.00963373656668833  0.01579456163114715  0.02477231209207161  0.03588505875400060
  0.04636232807821598  0.05701702443186173  0.06760897331392482  0.07818010232807197
  0.08839560837374379  0.09835087918477865  0.10837900777059596  0.11857029494902245
  0.12882112416172645  0.13898691206401129  0.14919904055001901  0.15933900318329125
  0.16967027212328673  0.18002430355748519  0.19039186562443239  0.20055392923863177
  0.21089709955706451  0.22132240652464300  0.23194343141983609  0.24228853335087930
  0.25255857260750264  0.26273454068386398  0.27297092687075791  0.28321896284191933
  0.29357782772835278  0.30399425812588615  0.31457830097995504  0.32546291482236933
  0.33632967121327523  0.34703215012559596  0.35751434023422657  0.36797822374602962
  0.37837417441797938  0.38868110644478338  0.39890318624836496  0.40898592000621814
  0.41910779469144199  0.42944150496436867  0.44007530499211678  0.45079644717651385
  0.46147543405169500  0.47223448925213352  0.48294751994551249  0.49355181527792774
  0.50403273864725662  0.51442454554191130  0.52478271154556067  0.53514743428527933
  0.54571408571077162  0.55653965627327440  0.56738705248969323  0.57806475027018556
  0.58861049696243650  0.59906036810122998  0.60940103424788261  0.61962638730998942
  0.62961567527725215  0.63944448619235761  0.64931433364744173  0.65931846178180353
  0.66953049339481341  0.67995615520053576  0.69039904963056364  0.70070756401441125
  0.71091273788874476  0.72110230599308434  0.73132238536462901  0.74145413213745726
  0.75150984813167865  0.76173007181405539  0.77239043554492881  0.78327809520231284
  0.79390284481284856  0.80398463860290659  0.81392631097551771  0.82387100610238029
  0.83384093220052424  0.84385538743467836  0.85405327307122070  0.86462103605144069
  0.87525828586590204  0.88562106204170143  0.89574686960532524  0.90588194708657366
  0.91609294226108406  0.92634632788766180  0.93663356516249274  0.94732516589477034
  0.95820258659355129  0.96912661382625509  0.97984282629371089  1.00000000000000000
 -0.01959909359405486  0.12148929656981425  0.15962418906310488  0.18266580218469061
  0.20066032906153364  0.21568569858324671  0.22879753031141686  0.24048229933892171
  0.25134958934992391  0.26125316224472883  0.27077818440259405  0.27961296419300596
  0.28819784491844669  0.29632007217845918  0.30416666486252969  0.31182669452765055
  0.31914298034993932  0.32620148947446803  0.33305714279260706  0.33972262539223158
  0.34628951425356408  0.35280855149794610  0.35918053158912455  0.36540540588020853
  0.37157582817049456  0.37764734666815392  0.38363944516176646  0.38956884841924494
  0.39539465677050273  0.40108770457276732  0.40671049816363686  0.41233151743249508
  0.41790667943709042  0.42339827254133189  0.42883797691798126  0.43422721870367897
  0.43955090676146485  0.44480721215477348  0.45004959823631607  0.45533478400456279
  0.46062135643567520  0.46591812438595376  0.47120015067461823  0.47645338716193880
  0.48170305804301433  0.48695039603280466  0.49218789561549414  0.49743297073766540
  0.50264786244971194  0.50787217097929660  0.51308010949967287  0.51827901557478329
  0.52346134372198960  0.52864531773724743  0.53385242365364205  0.53907742494107103
  0.54431803119262900  0.54958921536371796  0.55488494820995871  0.56021835852208957
  0.56559724889463392  0.57103492944054823  0.57652883459110782  0.58203280554166470
  0.58764688973707047  0.59330330069509407  0.59898886379619265  0.60473017464891665
  0.61054857240265648  0.61642489625989383  0.62236428598304050  0.62843473384860560
  0.63463554742129136  0.64087916990001537  0.64719071274792339  0.65364055470782267
  0.66016920131285339  0.66683256789291701  0.67371436442423283  0.68081283192222353
  0.68814373464946887  0.69589854479615798  0.70381009624501756  0.71193760313595233
  0.72039706175640628  0.72906016685454333  0.73863988724251184  0.74865277919525142
  0.75961224519865567  0.77141549605401383  0.78465912663045767  0.79962131565178285
  0.81744401554338730  0.84048809700380100  0.87916671616797393  1.00000000000000000
   3.0184514931318214E-032  -1.0000000000000000     
 F F F F F F F F F F F F F F F F F F F F F F F F F F F F F F F F F F F F F F F F F F F F F F F F F F F F F F F F F F F F F F F F F F F F F F F F F F F F F F F F F F F F F F F F F F F F F F F F F F F F F F F F F F F F F F F F F F F F F F F F F F F F F F F F
  <DiscreteSampler_grid>
  grouped_processes
  1 # 1 for a reference and 2 for a running grid.
  10 # Attribute 'min_bin_probing_points' of the grid.
  1 # Attribute 'grid_mode' of the grid. 1=='default',2=='initialization'
  0.0000000000000000 # Attribute 'small_contrib_threshold' of the grid.
  0.5000000000000000 # Attribute 'damping_power' of the grid.
 # binID   n_entries weight   weight_sqr   abs_weight
    10   10   4.053160003410802E-019   4.989586136020603E-037   4.053160003410802E-019
  </DiscreteSampler_grid>
