  0.00506934812487480  0.01495894868400055  0.02653870121993607  0.03788934846363997
  0.04878115993091407  0.05938481865811822  0.06993508664021998  0.08047168261710369
  0.09102446258302332  0.10156302435145571  0.11202014850876280  0.12264884894292404
  0.13331199705483129  0.14400444071997523  0.15481086740237376  0.16574591913951592
  0.17676702365424946  0.18781289800226220  0.19881895653028325  0.20957508736561600
  0.22018460663354364  0.23078230799248689  0.24142194432954978  0.25206756917376727
  0.26287504827637381  0.27384619261260273  0.28482621697113664  0.29598478024444774
  0.30717733313470974  0.31829425159979519  0.32920608914321142  0.33994323514276803
  0.35052075519989578  0.36092073483011400  0.37130759239870331  0.38188075675951139
  0.39248732453652252  0.40311744905791025  0.41376209387017576  0.42440773122628878
  0.43507632273910923  0.44583405555232858  0.45672411541015345  0.46768338583862790
  0.47876281534740311  0.48990847570192753  0.50090219527843871  0.51138698225526702
  0.52170543343096643  0.53217950581530560  0.54268342073445042  0.55313485698927189
  0.56352993888229541  0.57384615803468630  0.58407649841056808  0.59418472776382847
  0.60428222343021953  0.61446769362373399  0.62467773653485215  0.63514993738259340
  0.64564364429659471  0.65583174174544445  0.66608900152158790  0.67644184778438976
  0.68693651323976168  0.69727297280982137  0.70761130698385799  0.71807301346187125
  0.72861771700934852  0.73923701998485003  0.74984625192431897  0.76037726086210222
  0.77082256607116584  0.78096086833695677  0.79096327488281715  0.80094189203668864
  0.81095390487281482  0.82116524860970974  0.83131845247795866  0.84178870671424821
  0.85230213926340537  0.86262282265080015  0.87281200918522428  0.88267794180412551
  0.89246178746584348  0.90222391459402440  0.91206787592858984  0.92198001462592494
  0.93184185148124343  0.94177073107077347  0.95177340730978932  0.96176254206972711
  0.97176542572486457  0.98147626652058917  0.99089676258565984  1.00000000000000000
  0.00485702845122998  0.01588328646162473  0.02827488699511553  0.04056203496867701
  0.05221745898275285  0.06374502177160360  0.07510799658987929  0.08629467483132419
  0.09684286693512401  0.10733493629239431  0.11780147727171053  0.12842894930049578
  0.13917673520633103  0.14994733897181833  0.16082241246696269  0.17157918676422107
  0.18205815950947940  0.19235331369293787  0.20262649930741258  0.21303884245553850
  0.22351610171391015  0.23427229984444037  0.24543152237688914  0.25641155722571196
  0.26706247309629405  0.27767526029445483  0.28848032982259586  0.29905423609849530
  0.30958412564565330  0.32011526670645757  0.33080991861506182  0.34150777325319071
  0.35216083729788267  0.36262061676806384  0.37298857721765760  0.38340471203089155
  0.39393526940218310  0.40443949267952212  0.41507195744442238  0.42573472719349797
  0.43647702622385443  0.44694981106990794  0.45753958987378363  0.46797290480980464
  0.47833681401479416  0.48851750804798066  0.49868731492046070  0.50888429211855390
  0.51915053631062325  0.52953694531412221  0.53998604386830806  0.55034720078910115
  0.56063939833015863  0.57110625070722254  0.58176440601110757  0.59243861309008894
  0.60311292933275995  0.61383300484660774  0.62460399998216976  0.63524500014081131
  0.64602608848372667  0.65687478559906198  0.66768604922876718  0.67784031273435985
  0.68792514706023500  0.69799088784074836  0.70826521791112973  0.71836298552039957
  0.72872443854279711  0.73905084559729661  0.74934116219062263  0.75937052555432438
  0.76936956608601903  0.77955013813489860  0.78986083773860305  0.80035040446780803
  0.81090743765108331  0.82126518655936387  0.83152004488290299  0.84177262558266264
  0.85191194955201832  0.86185383982195984  0.87158701771790126  0.88151994518207966
  0.89154097119482001  0.90166442420653037  0.91192608583625911  0.92230954385857722
  0.93268865016914582  0.94305429954394093  0.95315913345642456  0.96318783764769711
  0.97287116325749357  0.98214696961617087  0.99213675591647088  1.00000000000000000
 -0.00255441557535457  0.00955781164784165  0.01961383727333698  0.03023216356303593
  0.04081539947440060  0.05151558915285946  0.06233415342489020  0.07313406729546774
  0.08384211374784137  0.09438249460621649  0.10502156885266821  0.11595149675898096
  0.12676517202811874  0.13737011955528947  0.14811792876513602  0.15888157413667492
  0.16993977215711259  0.18075901249591345  0.19151844616855510  0.20218082654672678
  0.21288324733793085  0.22381659951693547  0.23446246454655378  0.24493624410389642
  0.25535701831328234  0.26579282958116129  0.27621964613513444  0.28644301615321355
  0.29672119993558771  0.30701534068106312  0.31756949620624708  0.32838573733193710
  0.33898290745987397  0.34944562765849352  0.35960131774737630  0.36961838188189633
  0.37965521818350406  0.38986145499646607  0.40047344471770330  0.41087923052882402
  0.42127425546331787  0.43162320345856148  0.44225501576407894  0.45293939456182697
  0.46350224859127226  0.47421079481526590  0.48484724810034141  0.49551626822362654
  0.50602137358313415  0.51635030009228466  0.52660566904277228  0.53673274708171603
  0.54714051411976306  0.55769284578659917  0.56820305692588302  0.57850442122784851
  0.58878442761185834  0.59929397122719597  0.60996309964687523  0.62059640551640904
  0.63109925570852687  0.64162190132338692  0.65194888841612109  0.66209936005012160
  0.67215252106890144  0.68211386019368414  0.69242856216108972  0.70298998396139034
  0.71355670136747995  0.72397086132698218  0.73449980229563949  0.74558024552877766
  0.75622847519817704  0.76679669377395976  0.77728212069783309  0.78792533644649165
  0.79828921473561221  0.80829084124226014  0.81832134403917978  0.82830987887344976
  0.83853900509122603  0.84903315932716417  0.85951322106623884  0.87027303581079418
  0.88116188262535644  0.89253738128405768  0.90366355107362761  0.91441796187739621
  0.92506307780086916  0.93569893636441326  0.94652726318844838  0.95748989354002934
  0.96859707701953623  0.97946252672899270  0.98978936191899036  1.00000000000000000
 -0.00259853980533235  0.01018697167955597  0.02063428116509421  0.03096360051575462
  0.04122326969452977  0.05170508944911892  0.06217032465407284  0.07267779402620987
  0.08310558558496388  0.09346492782549549  0.10393616552957133  0.11429930720608759
  0.12494398533492494  0.13557265779626440  0.14599873725147963  0.15635918535517318
  0.16650141287863160  0.17701139546269928  0.18762084557621042  0.19808367290087528
  0.20837366305642693  0.21871364176495381  0.22902685946708054  0.23959060949059499
  0.24981099700201045  0.26021328232406016  0.27049741424346779  0.28116306834811772
  0.29211508287324778  0.30310678851081535  0.31413251168574596  0.32518267201358403
  0.33612367258614084  0.34705215369035641  0.35798580180514200  0.36895771512620529
  0.37969296044383100  0.38996403879983765  0.40005474355848475  0.41030563226110772
  0.42079609158332942  0.43132286414764265  0.44191272645978741  0.45249236796563536
  0.46314106218989104  0.47359499615102263  0.48391242423351238  0.49420288550406516
  0.50453721580079047  0.51489879060401800  0.52505244217242719  0.53500802546391435
  0.54492061887426324  0.55499481525711658  0.56538471899567877  0.57595838949469902
  0.58665923070722237  0.59724061506134252  0.60752927935952761  0.61788349121708530
  0.62861705682846025  0.63981881005329944  0.65079104675120858  0.66152526833630609
  0.67233263321680592  0.68325411468967279  0.69405322907009281  0.70471756297248211
  0.71545102016103068  0.72608813387903448  0.73657961678189399  0.74691263104043437
  0.75742498469539876  0.76805484982664085  0.77869439426988818  0.78944847451368805
  0.80050964664336288  0.81165624931828295  0.82231167047265497  0.83266700539838012
  0.84286555376847905  0.85320583292610985  0.86376827807863144  0.87434020273978730
  0.88507350486275704  0.89588168637971677  0.90699545170700935  0.91777710089194087
  0.92831745474812910  0.93859231423462564  0.94885943965715669  0.95917667998506750
  0.96951290474104279  0.97964539081540547  0.98976343603328021  1.00000000000000000
 -0.00239599773138678  0.00931031191285529  0.01907502639097119  0.02941430654117399
  0.03973204177646185  0.05012324760417840  0.06055934313082686  0.07116718316527212
  0.08180387315870398  0.09223053577472917  0.10258449442886365  0.11288259939303115
  0.12321280547730090  0.13364157770545310  0.14400675628509299  0.15452702701039334
  0.16503999828232388  0.17563776788005475  0.18615464819160685  0.19660069251070300
  0.20706319971347292  0.21759427158922809  0.22836669470348550  0.23875460541230437
  0.24908715254564781  0.25945016130721982  0.26992704815388069  0.28026517263411210
  0.29053138571329590  0.30116067873118030  0.31204810392605248  0.32271843717924054
  0.33372561212843782  0.34430161683825489  0.35487728517711481  0.36489315054241661
  0.37538610697367292  0.38619168952239874  0.39697384068397601  0.40771196109462010
  0.41823069379303029  0.42894976364718862  0.43962056129543831  0.45037639881156505
  0.46129140623959258  0.47202602496082557  0.48291784956997852  0.49383736226292618
  0.50462300714103925  0.51545118494044206  0.52622695628158955  0.53752511093180155
  0.54837678744977292  0.55917278786916613  0.56997092049605724  0.58081583683377769
  0.59148036651721414  0.60207389844866266  0.61266162533947843  0.62329592931356570
  0.63380468171165172  0.64407310290570574  0.65411697779116273  0.66395717983631497
  0.67434616320528273  0.68470971200530006  0.69486418396258087  0.70487729792073461
  0.71552737413315703  0.72636122290549276  0.73703574467260202  0.74762989221123843
  0.75871164577180095  0.76967560726444051  0.78044911839012743  0.79118042587917203
  0.80270066285653285  0.81388879799703717  0.82446570972560718  0.83466638635246437
  0.84487780339811314  0.85504727826135596  0.86494973338568493  0.87483679131844605
  0.88521178178956161  0.89559073388786015  0.90615430883402837  0.91677992214966408
  0.92762510988150260  0.93835663780969403  0.94862581849068972  0.95863200290156891
  0.96889638073245332  0.97924870867652591  0.98969393711767462  1.00000000000000000
 -0.00258199561794051  0.00978438225257659  0.02018028021319201  0.03090840485144851
  0.04162842672891056  0.05297081157161028  0.06442317968996136  0.07582648933897983
  0.08701134285387183  0.09804193656153314  0.10902079721381069  0.11999941786623099
  0.13089373156899059  0.14160325248936578  0.15212936781757125  0.16246109327675373
  0.17280410972002863  0.18326336197729748  0.19367911924201445  0.20415857259939030
  0.21460394497385893  0.22507093710526249  0.23547425955283530  0.24610313586174751
  0.25665554214015174  0.26712564659806121  0.27746546619596973  0.28777944838540320
  0.29797303568788619  0.30779846385850945  0.31781031502624940  0.32791662824301637
  0.33824056694030152  0.34854431506216688  0.35908071538687431  0.36939860378944939
  0.37993354900452014  0.39032816074369348  0.40096803925969826  0.41161415363833953
  0.42254309459227912  0.43382878471588765  0.44454315842142100  0.45522588063621289
  0.46607867143267906  0.47712770912082703  0.48804817068329087  0.49868041935115137
  0.50921077595934328  0.51974029171764125  0.52993511104065738  0.53981563317985914
  0.54962997017899251  0.55942481959187429  0.56981188327323495  0.58022396438623502
  0.59069238877217267  0.60138475676878156  0.61198043717781803  0.62264065741186236
  0.63298111832441983  0.64342698654898012  0.65365685294282327  0.66385980395093980
  0.67413124591675710  0.68466311809115532  0.69494915490782661  0.70531671843496835
  0.71587279478977850  0.72646719833407103  0.73715666497676358  0.74762278063891885
  0.75840227805990545  0.76906618267410898  0.77997884552891983  0.79101055673211529
  0.80189708852399066  0.81255698483007088  0.82290848254148230  0.83330726288225654
  0.84392127976613873  0.85445891759317305  0.86500749629568308  0.87562025248757402
  0.88605277426050588  0.89657452878129817  0.90710226471467181  0.91775562380022335
  0.92798952551342828  0.93832075248305757  0.94853525942668537  0.95900660816989558
  0.96901747317771891  0.97919179974394877  0.98948911057085720  1.00000000000000000
 -0.00235036532701270  0.00912108415309896  0.01883163799742837  0.02915655440043730
  0.03933023104211480  0.04953759237339338  0.05983273020725148  0.07001889614965305
  0.08013759875582413  0.09030018903447265  0.10072804336458140  0.11138461093614722
  0.12211353718859361  0.13285058390160781  0.14357014083247527  0.15421302768362349
  0.16507309475073481  0.17559793898616105  0.18612722490971992  0.19689897035513670
  0.20755526746978017  0.21783573488296404  0.22808304626995618  0.23868064397624408
  0.24935507083173147  0.25979496637405791  0.27044027160544415  0.28128688714462524
  0.29222322546243990  0.30296824377648601  0.31351541949773293  0.32386558261861714
  0.33397976430521292  0.34428993764313914  0.35459106895670417  0.36492811630569805
  0.37526854841452745  0.38582163109921852  0.39624241482076411  0.40651178207837246
  0.41657849517444406  0.42705412666361797  0.43772350381010583  0.44855686351119672
  0.45955043459356637  0.47042022602060890  0.48115094803267922  0.49170196995711452
  0.50233605667493719  0.51299592648405146  0.52359013335106674  0.53412409492471757
  0.54446989731407436  0.55470284330371156  0.56492829451389914  0.57522501475935028
  0.58563191241555668  0.59627520752975760  0.60696113910884575  0.61754461850588038
  0.62804921808486402  0.63855958900669074  0.64921267501369617  0.65977689472950030
  0.67037583267517986  0.68117842662283579  0.69195295619032504  0.70278913722243208
  0.71348286985662812  0.72432812820137604  0.73498405109180753  0.74534968242946609
  0.75558019923455810  0.76597118342672588  0.77650724925867520  0.78700402200432595
  0.79777987011437446  0.80857480787081937  0.81928213964917906  0.82978364730855658
  0.84049840188851122  0.85146415086189176  0.86202658523540365  0.87233216335229347
  0.88267008627085375  0.89310643204062434  0.90352771508634333  0.91399030349935106
  0.92482707311121670  0.93575366035398877  0.94639388236582744  0.95696175413852425
  0.96784116261866771  0.97865051027660410  0.98935938317573957  1.00000000000000000
 -0.00198675130546401  0.00967358981446031  0.01975194882519549  0.03055101500741141
  0.04102578577629418  0.05153135176169325  0.06184109338451279  0.07243696773933601
  0.08285246961919690  0.09344696464724642  0.10396934411093013  0.11473077560851751
  0.12540848212085978  0.13608101114506360  0.14664795258406216  0.15715451489796520
  0.16766244977344996  0.17795319882520536  0.18838175727879597  0.19888218058236415
  0.20958582791785588  0.21990875016477582  0.23005304282815275  0.24029241235323470
  0.25082273902145169  0.26172738744668772  0.27270960495420821  0.28390796383629896
  0.29504807586022158  0.30633973105769091  0.31719464750420501  0.32808421009150124
  0.33879786551031743  0.34959675340520197  0.35984338211655204  0.36983004307027745
  0.37990237465611287  0.39018118632665599  0.40090690035662535  0.41164682487544774
  0.42230614813169753  0.43285337847404598  0.44340173603616917  0.45406731979442022
  0.46468371478960208  0.47513775363482358  0.48546859037486095  0.49585260291967032
  0.50633605010082305  0.51692232474927113  0.52749172869608885  0.53819386024373828
  0.54903144440545448  0.55985633422877468  0.57059224437407652  0.58115317507354269
  0.59147070652081013  0.60172199252640446  0.61206837216317089  0.62260881125235568
  0.63299757068913565  0.64324640883986284  0.65347086719847036  0.66405966248048875
  0.67471039742113414  0.68516938395571814  0.69553028407135242  0.70611658170629699
  0.71676010784917155  0.72718287233159706  0.73782728853659107  0.74857262024230542
  0.75905964980106444  0.76956842536361847  0.77993446262256860  0.79051419652568178
  0.80090998775399103  0.81134099120305181  0.82188817375040424  0.83245153816578055
  0.84319288872996490  0.85424372195318654  0.86519056024023899  0.87585164918011482
  0.88620286662727021  0.89631115881706158  0.90658011202346500  0.91690737349817264
  0.92752223387172550  0.93792334056490423  0.94825095884054700  0.95890683544708977
  0.96928019700892309  0.97980983865380733  0.98983776443771876  1.00000000000000000
  0.00945547652846760  0.01591040392922788  0.02549230962465960  0.03620103392770212
  0.04672590191944826  0.05752132341781939  0.06827206846354412  0.07873510748807828
  0.08916188726481029  0.09964054032376392  0.10992122139660085  0.12005406740289044
  0.13036473973456750  0.14070149707154564  0.15100691575331568  0.16098810904190483
  0.17111100691615283  0.18150875377536874  0.19194743736892414  0.20234513496039649
  0.21292601961489760  0.22353090394829775  0.23419212865815747  0.24466186141488733
  0.25534252174816630  0.26616701567445189  0.27696620837495456  0.28760072514088558
  0.29798349891840065  0.30831683612437871  0.31866239351756426  0.32917777118891245
  0.33973648460706207  0.35018254320109998  0.36038085293808925  0.37053417983843334
  0.38074857262221368  0.39106508831237180  0.40127637713179881  0.41141471761624449
  0.42168104513032972  0.43205892251373190  0.44242173898600073  0.45268109914521942
  0.46302277459428132  0.47355484191484160  0.48414618845302576  0.49488586754964187
  0.50567961990350607  0.51643926660659800  0.52683031173530981  0.53688801096281880
  0.54698680619978868  0.55714971538807290  0.56738210446013149  0.57742477469601183
  0.58733786719168946  0.59712402626166849  0.60694878004354436  0.61694495062309573
  0.62710200854459985  0.63736899645148748  0.64760624149141699  0.65782042148130182
  0.66806732365598953  0.67833055442377743  0.68864849857028643  0.69893483608747575
  0.70917340558865516  0.71948856258840621  0.72988274692822530  0.74028081944987933
  0.75054056419209647  0.76058264670413267  0.77065189901504993  0.78095573334958179
  0.79149972518239586  0.80215190401795378  0.81275320707912702  0.82332798162206466
  0.83378546335011328  0.84415546610664471  0.85452844315162180  0.86505613578802742
  0.87561399961887532  0.88607807365185387  0.89634601968461480  0.90663532742633435
  0.91683680319289174  0.92736395081386647  0.93812561560482333  0.94903431784472259
  0.95978353280035189  0.97026854785661032  0.98073597725601125  1.00000000000000000
 -0.02042618139927953  0.11952327178692362  0.15858417283124179  0.18196666352091012
  0.20002818073718792  0.21512702380497623  0.22840198608985579  0.24023846267791038
  0.25117472959136800  0.26117380106604993  0.27078258134417293  0.27956433158690341
  0.28814987432149974  0.29627836691679482  0.30410198231408841  0.31168163296874185
  0.31889159264780365  0.32589643138343399  0.33281218577541294  0.33956962368232002
  0.34619973635700568  0.35269193291235240  0.35898782428132181  0.36518461619428128
  0.37136649970584013  0.37743134523493727  0.38338067709435064  0.38924941031924709
  0.39504379503964615  0.40077341992885201  0.40645438293891095  0.41210951405850704
  0.41770929918863797  0.42321565216243545  0.42869056326056559  0.43412901170734647
  0.43950856595196719  0.44484661884084492  0.45015428746793479  0.45544860724634462
  0.46071653034907201  0.46598150970897567  0.47124168721712878  0.47648854820886910
  0.48173111919543576  0.48696273131475026  0.49219008399426839  0.49739093553411812
  0.50257393780319981  0.50777512110564338  0.51296039528731330  0.51815351170159041
  0.52334587200171978  0.52855283946523668  0.53376238812022803  0.53898458243489766
  0.54424411630621061  0.54954271918241537  0.55490058840496204  0.56028701571762307
  0.56569373772360032  0.57112050011366100  0.57654388169917348  0.58197346280301143
  0.58755198594651492  0.59318235856632373  0.59883721642374976  0.60453322538148324
  0.61029991049274868  0.61613186741158843  0.62202969112628514  0.62804921944096226
  0.63420019942859718  0.64041961031447148  0.64674107964128147  0.65322634547613945
  0.65981596220847394  0.66649675241839013  0.67337571151833275  0.68046998978013751
  0.68774555890983913  0.69538692099016941  0.70314371864577574  0.71120141845970530
  0.71974504957181151  0.72852831832144993  0.73805877819558763  0.74790256110635778
  0.75876279431948657  0.77048956623573761  0.78366734435705021  0.79860643422279065
  0.81643459261578955  0.83941537880836992  0.87711583694684281  1.00000000000000000
   4.9459487357330352E-039  -1.0000000000000000     
 F F F F F F F F F F F F F F F F F F F F F F F F F F F F F F F F F F F F F F F F F F F F F F F F F F F F F F F F F F F F F F F F F F F F F F F F F F F F F F F F F F F F F F F F F F F F F F F F F F F F F F F F F F F F F F F F F F F F F F F F F F F F F F F F
  <DiscreteSampler_grid>
  grouped_processes
  1 # 1 for a reference and 2 for a running grid.
  10 # Attribute 'min_bin_probing_points' of the grid.
  1 # Attribute 'grid_mode' of the grid. 1=='default',2=='initialization'
  0.0000000000000000 # Attribute 'small_contrib_threshold' of the grid.
  0.5000000000000000 # Attribute 'damping_power' of the grid.
 # binID   n_entries weight   weight_sqr   abs_weight
    10   10   1.401282885788956E-025   4.316226593151930E-050   1.401282885788956E-025
  </DiscreteSampler_grid>
