  0.00519502306319627  0.01500118933663086  0.02699788091018827  0.03916320632690184
  0.05068186609959038  0.06178031627355881  0.07247184766177496  0.08303542227986557
  0.09363944799031597  0.10425861755570423  0.11493249590339073  0.12557356317339274
  0.13622858829583132  0.14679654816790066  0.15742687014802814  0.16810916651166158
  0.17895307463098575  0.18988210453049351  0.20068106730371604  0.21132344137764947
  0.22193900129757210  0.23271155802828203  0.24361876884604236  0.25441198670787918
  0.26499049457698876  0.27545521987391647  0.28596609166528503  0.29657309173573820
  0.30716810859907123  0.31771930711779561  0.32820972111180108  0.33870477275514632
  0.34934767543716749  0.36006832937544248  0.37073811766879500  0.38132025006444148
  0.39189013117873200  0.40257035413971104  0.41334222024247086  0.42424335353703485
  0.43527800592040683  0.44622285370608206  0.45707814044771050  0.46775733272934245
  0.47822265002777620  0.48869057310549868  0.49916226879575815  0.50969323230561148
  0.52014967178623128  0.53047719880186062  0.54065921122064142  0.55071152188621597
  0.56081646804664309  0.57104010759919310  0.58132714916831874  0.59146077079793358
  0.60152888241337132  0.61170852159446953  0.62218832948178882  0.63294943493571976
  0.64358157502880842  0.65392142860814184  0.66410218523027842  0.67435274926640054
  0.68467922754004618  0.69491056476649260  0.70515059170773553  0.71553091316368733
  0.72596908321055476  0.73644974531832375  0.74694140276319665  0.75747534545448048
  0.76804380715939524  0.77863070444786375  0.78932482378709357  0.79979255267428495
  0.80992531139513502  0.81992485941938653  0.82999987722076873  0.84033389842155382
  0.85087686694281428  0.86160309884539243  0.87247067662454092  0.88315269523982765
  0.89360173670413512  0.90381287586276104  0.91368588440746079  0.92341888552160978
  0.93323596838683176  0.94328057828431067  0.95328272437292916  0.96307894362555801
  0.97266959214114057  0.98199153815092555  0.99222620053543431  1.00000000000000000
  0.00483125846043791  0.01593941671510202  0.02711216740018071  0.03909544949063051
  0.05051215018880445  0.06174017346049621  0.07300883750812839  0.08412076573020089
  0.09497649691143221  0.10579320731996902  0.11672520799353918  0.12752493998565187
  0.13816016971854592  0.14876172557007783  0.15923305129959309  0.16952371297573368
  0.17969940530347325  0.19007786493092874  0.20069109933920026  0.21137938936424552
  0.22199666327031040  0.23255282395960986  0.24316762081441615  0.25375226411452229
  0.26424470133486555  0.27469327488675999  0.28525583876117550  0.29607793221651307
  0.30722003147023852  0.31865527719109360  0.33017863749893539  0.34188695551558718
  0.35353486363332498  0.36475665257509921  0.37559608145707057  0.38617152709863073
  0.39648342663365904  0.40662174480932656  0.41688802976392680  0.42759661164060242
  0.43858226824837293  0.44939437013126937  0.45985957713178333  0.47007315589848553
  0.48017249175013776  0.49033516239937730  0.50051384094244344  0.51062926523278940
  0.52068610379694047  0.53076432056802492  0.54083083450314451  0.55086281598376341
  0.56103253761788574  0.57167862111419576  0.58264751251475388  0.59353955694913485
  0.60428394547035857  0.61494656425944849  0.62569045487628661  0.63640845746440866
  0.64714774779983386  0.65770534575285877  0.66810290142059159  0.67858602790718403
  0.68912153342348870  0.69958044705877609  0.70996390501339468  0.72043830554962229
  0.73110536399169357  0.74177778241215575  0.75236132682001133  0.76282789520037853
  0.77330206028181958  0.78386828813327547  0.79434334975216714  0.80454166133008287
  0.81452300848485459  0.82438863829444908  0.83445027482592815  0.84478385691484092
  0.85522404665123708  0.86562330429658330  0.87592035374246480  0.88608379355195510
  0.89611609648080537  0.90592986573396184  0.91564329780613318  0.92537732978579601
  0.93509629824078877  0.94477767052992290  0.95447537937269955  0.96401603545241943
  0.97346577309434323  0.98253812837840604  0.99226827586275834  1.00000000000000000
 -0.00174127881989342  0.01001265587029138  0.02030687787842740  0.03163074852174878
  0.04241248018357557  0.05291056063847596  0.06330497902075607  0.07363669765253565
  0.08400476154712297  0.09413234365401321  0.10435872217144701  0.11468754304677710
  0.12496537874763410  0.13559400100813554  0.14613275691264963  0.15675972120752882
  0.16738714205229194  0.17791389843338271  0.18854330695306881  0.19873147710827840
  0.20906365976367366  0.21954206282296593  0.22999607064829891  0.24052752178568285
  0.25089327059733657  0.26125817263678697  0.27172471071290166  0.28221107657418371
  0.29280057762317735  0.30338854543298566  0.31417362373457991  0.32498697230476181
  0.33580140158178967  0.34677662670847603  0.35775971541373486  0.36865562662493068
  0.37918324998337616  0.38966190946782842  0.39999533726933784  0.41023634960242644
  0.42049840064728666  0.43067306980210596  0.44093937777359049  0.45139537483884246
  0.46198693960147075  0.47262770556562239  0.48316119729333368  0.49366625151079319
  0.50425316587913205  0.51474022285943177  0.52518767771242547  0.53552132030728627
  0.54603698838485348  0.55674297140002249  0.56770971303113515  0.57859380723142495
  0.58916068899888085  0.59946816297015537  0.60979808050134021  0.61999920470556646
  0.63031741127622887  0.64073634155362647  0.65137021499523751  0.66201777589301269
  0.67236438216760530  0.68281105449690505  0.69313243679215963  0.70369915470072653
  0.71412644491970956  0.72485211121034498  0.73545945439483362  0.74612031158734016
  0.75652999741852489  0.76692879734080910  0.77749156736614522  0.78799784187447119
  0.79859105289032606  0.80932493419356000  0.82004126144082223  0.83090214911668980
  0.84175188374858723  0.85268518494609657  0.86332851798285370  0.87410755578922361
  0.88497773374549593  0.89610038979303153  0.90688908121251921  0.91751173598593339
  0.92765087441647920  0.93782075755179128  0.94790539875453705  0.95796174492303465
  0.96846127820978289  0.97887314895157451  0.98950616593758478  1.00000000000000000
 -0.00223756996563243  0.01006316208235301  0.02034659735492223  0.03071283764324759
  0.04084888242516174  0.05116119168875732  0.06142789919718076  0.07229231885486698
  0.08314211342820096  0.09406931392960902  0.10496622419264867  0.11570838962984052
  0.12616927328518607  0.13650815805366814  0.14683885645080433  0.15753731330003395
  0.16821031137619116  0.17885856736505934  0.18952708698221368  0.20024468436204867
  0.21084777245904074  0.22138482600161047  0.23187235711390247  0.24255781639560317
  0.25327671418427505  0.26387469276006348  0.27408048476732266  0.28424647215335813
  0.29451640710057919  0.30504834135863268  0.31545922638078033  0.32577364376281848
  0.33607359350771027  0.34644045227269576  0.35692968890667431  0.36740890868795983
  0.37799773975869166  0.38887831216097918  0.39987022867318101  0.41074691397587920
  0.42158783700953695  0.43234457394319914  0.44286613073647507  0.45326354763458759
  0.46366850972642509  0.47409874376950956  0.48440676316528258  0.49466804148123938
  0.50493114723231780  0.51522043155768593  0.52553822889459689  0.53589964550505154
  0.54620221862165019  0.55653477141692032  0.56689647936453780  0.57746741534882007
  0.58818741386862383  0.59884680328210105  0.60957497501463764  0.62042095577860801
  0.63137574484146652  0.64250542983698566  0.65330035257416197  0.66421597212486072
  0.67518212826362256  0.68606512284376187  0.69649935549463982  0.70664132128108481
  0.71683841831682171  0.72713381365925533  0.73747009629154936  0.74798923336612344
  0.75861057116574204  0.76901171018562176  0.77932359775069882  0.78975730144235357
  0.80032268543645357  0.81063951124303246  0.82080321869525519  0.83100419595183217
  0.84128052931681263  0.85172098433309784  0.86202282644275607  0.87235395943383209
  0.88294710080551420  0.89359528819059830  0.90406864569058432  0.91451004312296424
  0.92523315214867918  0.93601506995185346  0.94643492702251197  0.95674386443629689
  0.96756426993678268  0.97839605088407511  0.98925011697586773  1.00000000000000000
 -0.00251957894286020  0.00982724836927826  0.02015411561887754  0.03051596716079027
  0.04108057199787896  0.05117706779336593  0.06138890375362269  0.07185325355450148
  0.08245302737014981  0.09275467294122437  0.10285650098403003  0.11321286146022347
  0.12383898931640226  0.13430501902088116  0.14466388443107797  0.15517012048213036
  0.16575964628443501  0.17628894356211869  0.18650725184850553  0.19682548092579852
  0.20714426616343395  0.21755272168511106  0.22797235616837802  0.23855763017026085
  0.24912576555126309  0.25969459947539403  0.27027136705089444  0.28103400125393424
  0.29182276972368870  0.30246890834108259  0.31316341958217242  0.32355003114318032
  0.33380065748519361  0.34392629622753296  0.35427848244865812  0.36483084706094393
  0.37541094109137613  0.38595481848669971  0.39647679346616044  0.40677203006941587
  0.41729303584167743  0.42787493109853358  0.43846626496503521  0.44912165719679226
  0.45975242193437865  0.47054261266463837  0.48125584119288589  0.49216786464034862
  0.50301985734588739  0.51332029977927407  0.52364506625480556  0.53397519647464275
  0.54420705305102801  0.55415577434825947  0.56427288185672586  0.57485057244545090
  0.58535171802992347  0.59554064344077295  0.60574811486443525  0.61594358649154346
  0.62622290437467043  0.63676859453873780  0.64713149833601014  0.65784809173759862
  0.66853030450502104  0.67952591120771033  0.69041811186943103  0.70129812578075035
  0.71202420463622795  0.72262961002242398  0.73323146174598230  0.74405149248603164
  0.75502161073790219  0.76594433930000250  0.77669897043450253  0.78727726144800281
  0.79781882243730828  0.80835397569466838  0.81879972435834747  0.82927480798660580
  0.83980031611695871  0.85042976173511653  0.86106628809034236  0.87161217086801324
  0.88248764195012896  0.89309661871902568  0.90378687120967027  0.91436066393057747
  0.92508719392325123  0.93575268121958000  0.94616100051079466  0.95672496700047704
  0.96734647768445037  0.97827519335915680  0.98902262685456588  1.00000000000000000
 -0.00190784122003833  0.00964594695540654  0.01948988326734242  0.02970795912841286
  0.03997577374577152  0.05074330436952005  0.06130604714685400  0.07202276158258231
  0.08245477918789881  0.09264929245729714  0.10274023360945615  0.11304478322027192
  0.12346611987488851  0.13362232403512453  0.14375090966647860  0.15426276108619605
  0.16502547041537427  0.17585975132227730  0.18656200222677513  0.19744257043559851
  0.20815307533361771  0.21874129463084907  0.22909627302551450  0.23910676369920525
  0.24906939084970306  0.25925594348727238  0.26953194785014456  0.28044630489997052
  0.29110436288224478  0.30215438510909320  0.31308659455120652  0.32425188176786679
  0.33525667775682549  0.34610343689205292  0.35675258984668795  0.36707250924214652
  0.37732970929841902  0.38774518237639533  0.39811228270570892  0.40874112427668780
  0.41920199097531252  0.43003776559710211  0.44059668793244022  0.45126189943143019
  0.46175319796103925  0.47224612108071223  0.48261912071471286  0.49314016793079479
  0.50369228949576927  0.51403870433592391  0.52451063703034440  0.53510275356643189
  0.54583715273976452  0.55654183680497982  0.56703615054224266  0.57765343023695059
  0.58843241467663554  0.59955047269959161  0.61022381152008764  0.62077613624580463
  0.63153075878238207  0.64250154018093164  0.65313201169412438  0.66369517820090895
  0.67433343110810307  0.68486294757584198  0.69528826260784138  0.70589110762789953
  0.71652892357662490  0.72680033389349941  0.73692090484505546  0.74692448561094982
  0.75731325730030541  0.76782745605496139  0.77842934908396932  0.78887842127237195
  0.79928995078308318  0.80976531694478937  0.82044714880600578  0.83123864583160656
  0.84206221557436711  0.85270040769059807  0.86319083626307447  0.87369322926236548
  0.88435162281865676  0.89502219334148270  0.90598236124286902  0.91697476257642951
  0.92777370629228340  0.93822304782783850  0.94853569488757128  0.95883442569327926
  0.96921785918367909  0.97949276359942583  0.98982384376314847  1.00000000000000000
 -0.00241662743993632  0.00927568688120468  0.01924075971642801  0.02974042196028465
  0.04051066740571199  0.05143162284278787  0.06211672388548777  0.07291624458163777
  0.08347020736790400  0.09442898867949807  0.10545209499295082  0.11608843831183557
  0.12649250119492136  0.13661438754972785  0.14693976282718280  0.15710203310832629
  0.16746512027640825  0.17842112980808308  0.18918534680577390  0.19951675255254950
  0.20968383099396984  0.22022725071041557  0.23092839829515602  0.24160879537891311
  0.25226201095624545  0.26280293661697074  0.27327246634379981  0.28373004093485976
  0.29418457319405217  0.30459901187798838  0.31494700391232006  0.32566137581121868
  0.33619341921871776  0.34660648392724719  0.35675475154014180  0.36722624578899948
  0.37776708466241332  0.38837015690745663  0.39891207705389670  0.40959157826773590
  0.42004598336133020  0.43067692778564548  0.44116110572120448  0.45188542633662193
  0.46245332106173387  0.47303448444340962  0.48359309245561510  0.49413399447092576
  0.50469590538381370  0.51522979282654802  0.52582651459774932  0.53647513214714204
  0.54722074932857079  0.55805193383993257  0.56877874944227125  0.57916277887732903
  0.58952695317643311  0.59989836216188519  0.61054522761084262  0.62121011948012161
  0.63194766552992621  0.64264793868221082  0.65319696119300374  0.66377708926119638
  0.67427917597343912  0.68472590805722822  0.69492387340211192  0.70533368184686152
  0.71579288529436458  0.72645861756604924  0.73690929794397519  0.74718440075563697
  0.75739450069895164  0.76776102333521712  0.77833101932406057  0.78885081581357519
  0.79921608243963327  0.80955485273230521  0.81996757284577027  0.83035561257075841
  0.84087901152906475  0.85158575041705509  0.86225715624945942  0.87292378184150843
  0.88354724357688430  0.89419776358351388  0.90477347369946670  0.91513607021390964
  0.92579563728648595  0.93639667251692593  0.94713812864669711  0.95804265658127541
  0.96879289055390161  0.97963500822764715  0.98979450841191052  1.00000000000000000
 -0.00243894857832542  0.01039770533438297  0.02094541210572082  0.03161080420508593
  0.04212632609871684  0.05231511048178893  0.06262725765392813  0.07328896738538031
  0.08382078792999878  0.09444192797034420  0.10490640453609222  0.11584881256678917
  0.12680053133152508  0.13775401871679491  0.14845267881599375  0.15897445669223667
  0.16947959751216174  0.17979918710655779  0.19011863663506218  0.20040578084454796
  0.21077025623954357  0.22116114255486344  0.23142129183385429  0.24160284541556951
  0.25165983768634331  0.26186597908798803  0.27211769325836332  0.28234778250314391
  0.29223416482909254  0.30217985550108500  0.31229538927688427  0.32284309722296495
  0.33336225668083463  0.34438570033508431  0.35537814947734880  0.36653112388275627
  0.37731129444049788  0.38779577267204807  0.39821617128386833  0.40848515875124164
  0.41897431182966138  0.42924940845335285  0.43943204082777032  0.44962702695346868
  0.45992474182048354  0.47048773958805196  0.48089698278467685  0.49132167043225927
  0.50171982356104450  0.51212403276483554  0.52251012817322018  0.53289375194671518
  0.54347469445892638  0.55432499040407213  0.56519344286834872  0.57603231300887392
  0.58669751386713753  0.59729824033756318  0.60774226387221109  0.61824702165920109
  0.62887115414192762  0.63930502932885103  0.64963541495242338  0.65970321191449377
  0.67004618176445352  0.68050463621469737  0.69125619183966180  0.70198260271370705
  0.71253732312551177  0.72319664853549204  0.73410655809798553  0.74510183838463095
  0.75572661846218703  0.76596695383832392  0.77631686386791399  0.78702828128482916
  0.79803493833606443  0.80925189843086254  0.82036388161253815  0.83124397944977868
  0.84145837324130601  0.85178480660398936  0.86226706568823841  0.87276507170085726
  0.88323280391901016  0.89376914729364543  0.90470566774958905  0.91561642678885091
  0.92609750915195677  0.93639504128217255  0.94683430269210034  0.95752649047861227
  0.96783262043555895  0.97835495100155945  0.98909222240978145  1.00000000000000000
  0.00948046066795441  0.01704015627869781  0.02600942013446936  0.03662076380143845
  0.04680278587403813  0.05697072806153330  0.06723970809120257  0.07724605048389260
  0.08729620497704202  0.09762841527524388  0.10792987257352225  0.11818537654658416
  0.12842899309106418  0.13897085706629972  0.14953487908974059  0.15986479598739756
  0.17032644134638106  0.18068641227226051  0.19104774830374410  0.20129848337518594
  0.21153526525077757  0.22209733891179559  0.23245704571294970  0.24301458042889842
  0.25364896651985253  0.26435575410488726  0.27499624932653399  0.28532085367421478
  0.29572978651781789  0.30618709261704291  0.31682519990539204  0.32749350315179437
  0.33812728065592912  0.34879480707261412  0.35954581793344237  0.37019649198364180
  0.38077885805504713  0.39124560973069578  0.40178471695077844  0.41231528438964471
  0.42281061307637358  0.43331457689134140  0.44390454998975853  0.45453300179350886
  0.46499820533857450  0.47546240880727431  0.48601591998897004  0.49661636448857782
  0.50703028922903970  0.51736954578382000  0.52771658342449501  0.53816783064238538
  0.54859376835515006  0.55891063422887666  0.56913378874838283  0.57924645225715277
  0.58945554306779513  0.59966358464773251  0.60968462445973903  0.61950224464588177
  0.62944636499559525  0.63953975016432818  0.64975454197455740  0.65998849787232983
  0.67035885899425729  0.68094174224465787  0.69155307886248263  0.70214289785872808
  0.71253931687045668  0.72277510791898270  0.73294623122786495  0.74309256465157614
  0.75331510420982384  0.76368838866495437  0.77397581985809172  0.78404028595099540
  0.79418099489631078  0.80443363561195191  0.81474883391243047  0.82484464231039900
  0.83497459603407387  0.84528219737708710  0.85573583408994203  0.86640623715265064
  0.87697377244066554  0.88741922858765443  0.89796277871827190  0.90828880105489407
  0.91890818241572181  0.92922130803240899  0.93989923454448820  0.95044308972523950
  0.96071151877427641  0.97071174503983881  0.98071947273972027  1.00000000000000000
 -0.02054107771434521  0.12142752898952777  0.15955113125837631  0.18277319057312710
  0.20089118972421377  0.21593452506999389  0.22906246902789787  0.24074240696064433
  0.25159870334883933  0.26145532916861719  0.27104297785327902  0.27996273575171499
  0.28868537514157727  0.29687665747505421  0.30465089294055719  0.31226148730261249
  0.31947568367398338  0.32657789408757792  0.33349922388760789  0.34021646027428054
  0.34678912314978921  0.35323071462412581  0.35951035768264533  0.36569516838016980
  0.37181361613758868  0.37779386216752964  0.38369886894168814  0.38956947459920688
  0.39537599365546461  0.40107753262457152  0.40669156015521007  0.41227890089722158
  0.41783610616038347  0.42330641391619028  0.42876006017914120  0.43417510913688390
  0.43953471159518043  0.44486857222316600  0.45018205913602866  0.45550148418538644
  0.46077709172530801  0.46604132480561872  0.47130276871021087  0.47655164001944667
  0.48178726995023530  0.48700646940532161  0.49220452691315858  0.49735069039955365
  0.50250128230847035  0.50764917678002486  0.51284481357262779  0.51807695508063267
  0.52331525501513876  0.52856746937514187  0.53382895934834473  0.53910300825722635
  0.54439828161851234  0.54970343619262296  0.55500577829804221  0.56033980089200819
  0.56573076438918612  0.57116294033294579  0.57662139890696662  0.58206384608470274
  0.58762731766729248  0.59325741858483327  0.59894244005103270  0.60469995664414378
  0.61053704733456171  0.61643062760054346  0.62238793773694201  0.62846352509817183
  0.63462651655254620  0.64078744044824953  0.64702153867326240  0.65344504600225151
  0.66001549623705758  0.66671765781045844  0.67362809299959681  0.68066547186589654
  0.68789688801339033  0.69550817117528463  0.70335019250383635  0.71140891990005595
  0.71989917056421937  0.72856606127338375  0.73821224955690479  0.74829498292655927
  0.75929807601912191  0.77114116170811520  0.78439348839859802  0.79940576136731134
  0.81734068390852377  0.84043879566849289  0.87819435010764635  1.00000000000000000
   2.5745468899946804E-035  -1.0000000000000000     
 F F F F F F F F F F F F F F F F F F F F F F F F F F F F F F F F F F F F F F F F F F F F F F F F F F F F F F F F F F F F F F F F F F F F F F F F F F F F F F F F F F F F F F F F F F F F F F F F F F F F F F F F F F F F F F F F F F F F F F F F F F F F F F F F
  <DiscreteSampler_grid>
  grouped_processes
  1 # 1 for a reference and 2 for a running grid.
  10 # Attribute 'min_bin_probing_points' of the grid.
  1 # Attribute 'grid_mode' of the grid. 1=='default',2=='initialization'
  0.0000000000000000 # Attribute 'small_contrib_threshold' of the grid.
  0.5000000000000000 # Attribute 'damping_power' of the grid.
 # binID   n_entries weight   weight_sqr   abs_weight
    10   10   4.693604482035535E-022   6.316969227557453E-043   4.693604482035535E-022
  </DiscreteSampler_grid>
