  0.00549335707146141  0.01558494206391737  0.02724732257499444  0.03865561405034351
  0.04973472454464126  0.06068466060484506  0.07150176171408469  0.08207049452261748
  0.09263655340556744  0.10334374912476205  0.11414678249169585  0.12485352977133489
  0.13547174813097546  0.14619635306583761  0.15707161659404312  0.16794371254213375
  0.17870095811428477  0.18942241817628216  0.20006683792197263  0.21074180560731134
  0.22142639617675131  0.23217739038273688  0.24294225834565600  0.25369796174495590
  0.26447593500638028  0.27520292081807496  0.28590045532063607  0.29639699819121917
  0.30668726202277313  0.31686850857301946  0.32716105659371769  0.33766445864384304
  0.34826009103790628  0.35875006624783479  0.36906671833864113  0.37937886220863243
  0.38980742177657307  0.40031941916991459  0.41108582710835773  0.42185215104227070
  0.43276011404926712  0.44362411193396739  0.45467554616576550  0.46580913249499667
  0.47677670131925431  0.48795866129931770  0.49926279317698563  0.51042089489626119
  0.52155338008438301  0.53248411400738482  0.54342121004041966  0.55386973286804619
  0.56427432366594166  0.57459594113962320  0.58476272062071699  0.59485224930992231
  0.60489925318333349  0.61490560538017047  0.62497208811735150  0.63535635397669754
  0.64577842102566441  0.65642878306727970  0.66704519385235261  0.67762888474914529
  0.68821161897623317  0.69880254379119788  0.70945908432913818  0.72005418532006693
  0.73045966773084525  0.74075112659981845  0.75112720118822351  0.76173779632396299
  0.77229233003805908  0.78264186095317934  0.79307212001037974  0.80364103840259882
  0.81411807858183571  0.82430576078853501  0.83447150230453893  0.84489236515807553
  0.85534832743511868  0.86579731709997587  0.87628352817280908  0.88686135618815387
  0.89731712660466101  0.90745288890070397  0.91736161656838200  0.92730358137138313
  0.93734450061490016  0.94721893480330277  0.95679950416331538  0.96611721157433439
  0.97495158323323805  0.98327277716584849  0.99228821442183734  1.00000000000000000
  0.00484265531553199  0.01578919005610530  0.02793263837291053  0.03975348275518212
  0.05115430892844817  0.06243314661524808  0.07338786882642992  0.08411705968151319
  0.09485836954174293  0.10558926771814385  0.11637825352249191  0.12725144183285214
  0.13823949521662293  0.14927732835005109  0.16024352922062643  0.17111680411137067
  0.18185737219254217  0.19279116713201480  0.20380976969558257  0.21465019598135340
  0.22533214314881081  0.23618502362006089  0.24705789176106741  0.25767850894475086
  0.26810918517058480  0.27852373237281836  0.28892701544009047  0.29918668024177325
  0.30924356619907323  0.31923725724877972  0.32916901950780264  0.33939142222443697
  0.34971290785835063  0.36038161109519778  0.37116195188437029  0.38189193992470427
  0.39251234363684173  0.40307116853388419  0.41363122536866126  0.42422568489573254
  0.43496453365228077  0.44574801391295543  0.45656593973608650  0.46729863302472580
  0.47792378905605676  0.48837103823396510  0.49867990873089035  0.50911686966410630
  0.51972606084348916  0.53054207216267357  0.54149148970833894  0.55249989356019324
  0.56341580571230931  0.57422730185391457  0.58493055984625530  0.59529536327880328
  0.60547072920999068  0.61561839513199712  0.62588547648028670  0.63612329634437559
  0.64646305228013490  0.65681121896271277  0.66722760153676175  0.67745927629973302
  0.68761440451854428  0.69773923834031404  0.70796247739645357  0.71859310694347089
  0.72960330936347695  0.74061000860756998  0.75137089691547110  0.76187921452466123
  0.77238907378207478  0.78283311561177804  0.79323067496141220  0.80358713409584270
  0.81383893589889855  0.82401522654483761  0.83423366703922563  0.84448176095501326
  0.85473972179890934  0.86487528715875406  0.87487900881356384  0.88492830710917891
  0.89510120227947820  0.90527083905703654  0.91528454617834920  0.92534541102211421
  0.93539490448180840  0.94545664185301492  0.95539162873261085  0.96525683327238510
  0.97469796595327607  0.98325771476894508  0.99229900232040835  1.00000000000000000
 -0.00267780649011645  0.00995724015478201  0.02072841789868905  0.03177853571111387
  0.04290218769404559  0.05396509410877127  0.06498217747739590  0.07586908961281554
  0.08679371252254420  0.09768764872749987  0.10846232710446477  0.11890083274631771
  0.12923205778499416  0.13950032315027958  0.14986523526289822  0.16012807495921427
  0.17049631098380255  0.18099795669782820  0.19166503616199143  0.20222058577638782
  0.21253693534478527  0.22270039332376473  0.23297150226434074  0.24351363948357038
  0.25414480813376805  0.26467564068846761  0.27530439466741191  0.28604299919402815
  0.29681501892748607  0.30768810542703451  0.31854035754642268  0.32936538013614036
  0.33989227150098184  0.35029645032543155  0.36053958425172838  0.37067446194781706
  0.38087357899610313  0.39087053481679251  0.40099966456560510  0.41083178839250445
  0.42101193830053896  0.43117849086479176  0.44139145239943756  0.45145356737239517
  0.46174292904605130  0.47229174616736808  0.48307852746069946  0.49366274228702245
  0.50422852872006252  0.51470143686270464  0.52510057278964861  0.53524151245426421
  0.54543833599391278  0.55595791897339308  0.56661270239250416  0.57750962880079526
  0.58867719787340766  0.60000906978860635  0.61069800775991223  0.62108045439413040
  0.63169113605428517  0.64250739148108937  0.65331448271675130  0.66399305048045665
  0.67449515354564893  0.68504620639520875  0.69578846043530718  0.70672433499173781
  0.71743389992529494  0.72793945782344482  0.73854416886074659  0.74901093238885519
  0.75916720427049822  0.76932897497816921  0.77956582763613613  0.79009845505163923
  0.80057064730370009  0.81111177938100620  0.82152382640859611  0.83184869382210402
  0.84212313439092235  0.85242321554312162  0.86288129395059232  0.87333700218683186
  0.88382095626914292  0.89446587600716920  0.90544821018970545  0.91650309536053032
  0.92723581434809421  0.93777065568961182  0.94831390344449029  0.95879105087948902
  0.96917477959733178  0.97945398572403009  0.98981273110676238  1.00000000000000000
 -0.00245073360444070  0.00936928877601855  0.01935350281989521  0.03004019008196930
  0.04075852539806579  0.05159127442514704  0.06245490839885751  0.07327777327490828
  0.08430914469015893  0.09496740412192320  0.10555582232470602  0.11578142252108783
  0.12614487881499931  0.13647434107036091  0.14685832169756957  0.15733243492836338
  0.16818326035997327  0.17900653926873289  0.18947402243078837  0.19969737774516827
  0.21009136136284615  0.22080255756608866  0.23134917788206072  0.24184556366299778
  0.25210311486704390  0.26248548075538436  0.27268657337745628  0.28334351177203054
  0.29386957105670869  0.30432313165346736  0.31460119882818238  0.32524112262112703
  0.33585030351086670  0.34644187839146007  0.35713324145449676  0.36800639878763342
  0.37887405007821096  0.38950687215440433  0.40015108272430788  0.41051478576175965
  0.42076809025377837  0.43085793446771475  0.44092617473132140  0.45113790049471930
  0.46126462736616258  0.47149775320474030  0.48178765575375676  0.49248881096398173
  0.50303845133700509  0.51341121544997359  0.52359801142215512  0.53390262530143628
  0.54415189563405919  0.55442752538519058  0.56489412797138172  0.57556886130797724
  0.58634123927340343  0.59721689511417453  0.60814405254550030  0.61896179908754279
  0.62957404335175604  0.63995446126923605  0.65047640365606951  0.66120943806459065
  0.67209928545284936  0.68277700129512819  0.69342756426395913  0.70409208681685431
  0.71485326749908129  0.72551277654183455  0.73623963425184247  0.74682707380682123
  0.75730212313198242  0.76768958110138308  0.77825977749103559  0.78879533016021608
  0.79937615906656156  0.81011398825677583  0.82069038383825976  0.83124027865999150
  0.84167989080626837  0.85213234086632084  0.86284504114065008  0.87317691040768064
  0.88392989818168610  0.89475438731488643  0.90594709280467034  0.91729059582283090
  0.92804052486991873  0.93870322456512800  0.94879587098455209  0.95894515783126577
  0.96897710038211515  0.97914775487421413  0.98940170318712839  1.00000000000000000
 -0.00203486418664141  0.00997385830693787  0.02025811280602664  0.03081070369913240
  0.04137107371119742  0.05219646075022907  0.06304233087389376  0.07386136139542847
  0.08443836324329874  0.09476563665472880  0.10503557092253847  0.11530449748215078
  0.12547078517480614  0.13587791028580268  0.14658363594738361  0.15796147952493569
  0.16918212839307734  0.18006643285308699  0.19047178988099464  0.20076243812159292
  0.21109719158514181  0.22137421317452674  0.23170665744489233  0.24211845179614352
  0.25274731796704475  0.26339933509236102  0.27403194538033782  0.28481324321843432
  0.29553748140566033  0.30583406822563963  0.31589791971531883  0.32602633313272800
  0.33628650343499938  0.34658495944192746  0.35720360378436888  0.36818210867255274
  0.37923350485220797  0.39032671857085710  0.40122175094531709  0.41216629424167545
  0.42280415630769824  0.43333432629494850  0.44365529922100566  0.45386132531279150
  0.46447765328287549  0.47518656070235182  0.48563168511245886  0.49589545019242598
  0.50625034143367786  0.51679412748814002  0.52718494810760352  0.53762874933985139
  0.54830239725253915  0.55906461396747653  0.56988488310435725  0.58083597787510755
  0.59183999918603425  0.60281594154462459  0.61352854311744953  0.62440097220621016
  0.63485179913444634  0.64515963873020221  0.65524950838978313  0.66555582109292111
  0.67597930963573993  0.68632659817643715  0.69645929658930006  0.70666365481522808
  0.71714741835833251  0.72781139759688851  0.73830320407096828  0.74863837296629276
  0.75903387345993478  0.76955231428953941  0.78002620796805833  0.79037017523551545
  0.80074072339338931  0.81117978421901860  0.82190837496490843  0.83267437213870810
  0.84308391068364685  0.85340582541237098  0.86354948255377950  0.87377180065689020
  0.88403052989479836  0.89406536580216112  0.90427608330351861  0.91441360440645403
  0.92497626138803990  0.93561411615859902  0.94608914461603688  0.95649166173365174
  0.96721605682857659  0.97802823666202854  0.98909508729747153  1.00000000000000000
 -0.00211997776860154  0.00968293999506176  0.01972941815414071  0.02987012586045139
  0.03995209509987142  0.05016326045017844  0.06045665061703567  0.07110464919487225
  0.08157718442513760  0.09219368713769087  0.10281315732965346  0.11313083650140694
  0.12337117891519710  0.13365489103853234  0.14418538602440120  0.15495744178074508
  0.16577262407620705  0.17662648234742981  0.18731875557739155  0.19782291910022629
  0.20843721293749040  0.21919889431655593  0.23008461078138523  0.24104323067724734
  0.25197944972564695  0.26294577692001914  0.27394197923819796  0.28494282028357998
  0.29600935398291367  0.30704043644944007  0.31791979985943736  0.32845381221019876
  0.33876832172997029  0.34902170726936887  0.35935546384881129  0.36984981349004464
  0.38031592137546361  0.39064661723075755  0.40087999406712788  0.41124275626237100
  0.42173882159426251  0.43235940873978801  0.44326986267978818  0.45434503333420784
  0.46519343465283158  0.47571636554336888  0.48607390022539709  0.49635396976346419
  0.50655774877027537  0.51693841719979028  0.52754911279376193  0.53834533175195831
  0.54912648512152928  0.55993983692624472  0.57086766585183790  0.58171552376209035
  0.59232749092398884  0.60273064497795403  0.61316439421966018  0.62364335164017648
  0.63407236458653715  0.64440547729700115  0.65471998648248375  0.66490519337632459
  0.67508089873255961  0.68535728908710658  0.69579900888158486  0.70621850635791705
  0.71634555942731815  0.72633762967258808  0.73656420145299362  0.74680893144533855
  0.75704906929713256  0.76726495747910362  0.77772767281306121  0.78818371217253624
  0.79860772723458129  0.80900826175860896  0.81956702248881574  0.83008840379432425
  0.84086206571583300  0.85199929994027845  0.86263630943795755  0.87333856914102226
  0.88371357148390572  0.89411571202587203  0.90439677534184204  0.91467630895055341
  0.92498620391938879  0.93538593091673572  0.94578089617532857  0.95617554164147667
  0.96685413594059544  0.97780642223401781  0.98895834002981808  1.00000000000000000
 -0.00246839693593162  0.00929505591776793  0.01951254922029508  0.03010333152999382
  0.04069978543146363  0.05097849682510402  0.06124346596524050  0.07148458169286431
  0.08191353802871096  0.09248151238196105  0.10320263694096198  0.11389977381828152
  0.12450202830603606  0.13509550140434948  0.14553113223957875  0.15605897895096568
  0.16672711967616308  0.17754947563731829  0.18839597543879832  0.19905135648735295
  0.20947878956337593  0.21981766056874663  0.23014234907826381  0.24039371553727859
  0.25081870906514153  0.26181826788242968  0.27301082447684222  0.28420800307538141
  0.29492413474719809  0.30562538506659725  0.31623515499948363  0.32669497136776837
  0.33710097796820299  0.34751316468462995  0.35801188884152912  0.36840466594048893
  0.37862925416369991  0.38896970982242773  0.39926387347916081  0.40993422783322159
  0.42050407442186466  0.43098489656057498  0.44143845389129943  0.45180396841904363
  0.46244553869688165  0.47298502697696715  0.48367767780596005  0.49444528236920365
  0.50492778000162086  0.51508692505649967  0.52513442851726733  0.53519096602592120
  0.54541204001160959  0.55572672307282256  0.56612741293822588  0.57655154294629507
  0.58681144484965431  0.59732620798060709  0.60789806380200906  0.61868910750477935
  0.62944103478428781  0.64011335907744815  0.65082270994632352  0.66130517208863382
  0.67175295146714731  0.68185108716229259  0.69198556161271052  0.70244848165263984
  0.71309100836506012  0.72352036758271621  0.73393351583306055  0.74429556304932520
  0.75456625263146548  0.76466490508348028  0.77482037370706625  0.78546347738949251
  0.79612746951928492  0.80663706400590907  0.81720354699197617  0.82791881045523641
  0.83872151968824660  0.84971960346344044  0.86070218418647138  0.87192955018542528
  0.88313580523913560  0.89418584133207035  0.90507755950612667  0.91556959774061664
  0.92616867093855193  0.93689234216618045  0.94780443190105668  0.95878072895726763
  0.96876309737691579  0.97922562704950111  0.98947764321455955  1.00000000000000000
 -0.00262287465673470  0.00977695030147088  0.02049353454265185  0.03137001702864206
  0.04240451962633231  0.05319700545657575  0.06381669038565843  0.07441297076120534
  0.08505762930714471  0.09562688761809039  0.10622259131453184  0.11682058614826990
  0.12730475172574729  0.13763257714224078  0.14802598213977450  0.15844953324490954
  0.16887388026457534  0.17955901813422812  0.19039887603803304  0.20125264535333440
  0.21189701108496101  0.22266597785140058  0.23338963280096278  0.24399084280509728
  0.25454720500670908  0.26479879701883913  0.27488179634946930  0.28485733654027062
  0.29503315127592111  0.30527020997315762  0.31546455487118225  0.32586579052351777
  0.33644801146686126  0.34677730857494121  0.35709146244881512  0.36745675903310127
  0.37804020166801078  0.38844159129285560  0.39888139701020103  0.40926849803486398
  0.41974577633275628  0.43002820192572744  0.44026536388615212  0.45054900612250165
  0.46061928830322263  0.47107000016065476  0.48153345070065506  0.49245683993070954
  0.50305114395650674  0.51353719023061628  0.52371155950740400  0.53379781363292300
  0.54402371687874795  0.55485750050013416  0.56560974263019637  0.57606940630839054
  0.58663244078541998  0.59771805171102832  0.60870439824718248  0.61929922837614781
  0.62983066138827537  0.64055117859230026  0.65115542063594278  0.66184118015811277
  0.67242928735349217  0.68294109115636814  0.69336521674975804  0.70390287964162823
  0.71435503163635761  0.72457739647880037  0.73482559259105029  0.74523376046677925
  0.75572109286165834  0.76627168648033173  0.77661943173428172  0.78716599147201483
  0.79784039063719470  0.80883896214552919  0.81946902634315999  0.82991626424607379
  0.84044430414834137  0.85137851350256810  0.86250666604997495  0.87352520852008342
  0.88402043748959380  0.89450101993295394  0.90491056232094980  0.91542243245272159
  0.92574158308593346  0.93603673111621666  0.94647106694564320  0.95698629083481157
  0.96761068056440791  0.97801284027464197  0.98884013649756464  1.00000000000000000
  0.00961298988926421  0.01624695175463650  0.02564876127317823  0.03667929512106712
  0.04720751141960924  0.05752386113816886  0.06779774965186880  0.07826004145440184
  0.08883271974824886  0.09945782607756409  0.10999433306732403  0.12055132157589245
  0.13097415777947477  0.14125643264078988  0.15161600958458651  0.16200987337826506
  0.17235355903415650  0.18251383010467406  0.19258231215572932  0.20281746391597175
  0.21325860283137421  0.22377685418290699  0.23420952242276347  0.24449055080096538
  0.25484463326000817  0.26506924101399265  0.27545504455051306  0.28584214660096741
  0.29640609474186097  0.30695488988765190  0.31753014904749416  0.32810776097062688
  0.33883187296001438  0.34957957505169707  0.36017503178539495  0.37056171609370503
  0.38081087940812769  0.39110833134626832  0.40143219006764053  0.41154562451783161
  0.42166795598334439  0.43194661664273204  0.44255488205238791  0.45323505271278286
  0.46377118410362206  0.47432902330525561  0.48501886350787127  0.49569095360639098
  0.50638083841036097  0.51714352066592917  0.52796538109461688  0.53871254224818577
  0.54922284195555870  0.55968001921837474  0.57009296887276073  0.58056182390034372
  0.59137188362593585  0.60232025616205564  0.61296977852650825  0.62341297771969162
  0.63379572145609586  0.64408313580840271  0.65429542941110674  0.66451762113963209
  0.67491105764401271  0.68542616728409966  0.69587405992905904  0.70617768921013069
  0.71635022731398457  0.72642325864353863  0.73644276390103092  0.74654564572363669
  0.75682148049295084  0.76698637992796370  0.77712454735999004  0.78740573575109341
  0.79765114306172602  0.80794786368462390  0.81822411904609349  0.82857515741703458
  0.83862944681254903  0.84840607479957841  0.85838720611640706  0.86843308383542195
  0.87839909685709583  0.88837785009994163  0.89832997400912584  0.90870913056277902
  0.91908278933601240  0.92941332975460478  0.93978637595974868  0.95013284692005207
  0.96053531135705361  0.97078299683334990  0.98083156637809332  1.00000000000000000
 -0.02044016657712972  0.12153654110070501  0.15986792816174911  0.18286312469409202
  0.20071450125452117  0.21577592276777666  0.22899501047222748  0.24079857172332453
  0.25172852163178394  0.26174619534156007  0.27137648242730000  0.28012570491707056
  0.28863559971897168  0.29666848275293073  0.30441795422537088  0.31197399431524314
  0.31920874537921673  0.32629620919306690  0.33320487118972164  0.33991698605722209
  0.34647913723077012  0.35298699845344156  0.35930377897244692  0.36549439281965113
  0.37161106005581906  0.37760737020954283  0.38351017163425544  0.38937497817637756
  0.39517797368619678  0.40088288721843907  0.40653307969725150  0.41216886084877358
  0.41774188984846616  0.42321691314014442  0.42860268572076965  0.43398693381390818
  0.43933141715057006  0.44467345009221382  0.45002322170994413  0.45536169815251043
  0.46063474712967789  0.46588205539156508  0.47114075783327380  0.47640492807944185
  0.48166997218624424  0.48690133117302159  0.49210064408776322  0.49728155266839152
  0.50248840564784547  0.50774591485776410  0.51297279262993767  0.51818765580033233
  0.52338185990983055  0.52858913522381223  0.53380854055915361  0.53902683611085023
  0.54426393598848888  0.54954636534668677  0.55485983795148497  0.56019890437549924
  0.56558056107470744  0.57103819250980381  0.57646641942916577  0.58193258403626036
  0.58745814410657271  0.59301568818728423  0.59861565177405263  0.60426609764926265
  0.61002260124268326  0.61588162807070979  0.62178897051184168  0.62776127418877370
  0.63382304187760918  0.63991583158004772  0.64615170993249305  0.65260807830528000
  0.65920725678835645  0.66598162331038802  0.67299797598039091  0.68017631247407595
  0.68749715215925078  0.69514675121046010  0.70297623821420063  0.71100012604018159
  0.71950471464452181  0.72820039847362261  0.73774070952762327  0.74770559889098398
  0.75864808544362761  0.77049014076567013  0.78371330154570129  0.79877370451001384
  0.81670597819564428  0.83975024953815369  0.87831229980121417  1.00000000000000000
   3.1722627790850587E-044  -1.0000000000000000     
 F F F F F F F F F F F F F F F F F F F F F F F F F F F F F F F F F F F F F F F F F F F F F F F F F F F F F F F F F F F F F F F F F F F F F F F F F F F F F F F F F F F F F F F F F F F F F F F F F F F F F F F F F F F F F F F F F F F F F F F F F F F F F F F F
  <DiscreteSampler_grid>
  grouped_processes
  1 # 1 for a reference and 2 for a running grid.
  10 # Attribute 'min_bin_probing_points' of the grid.
  1 # Attribute 'grid_mode' of the grid. 1=='default',2=='initialization'
  0.0000000000000000 # Attribute 'small_contrib_threshold' of the grid.
  0.5000000000000000 # Attribute 'damping_power' of the grid.
 # binID   n_entries weight   weight_sqr   abs_weight
    10   10   6.798749934389754E-031   1.608694803341186E-060   6.798749934389754E-031
  </DiscreteSampler_grid>
