  0.00478677427407463  0.01598490523249891  0.02695030868837180  0.03837368545679895
  0.04930716305801097  0.06025880054891809  0.07160694001465150  0.08296666213696721
  0.09405464488042696  0.10501478297174141  0.11587274431526028  0.12661882738252117
  0.13706108226957073  0.14745143874597760  0.15791494391681971  0.16845852350577459
  0.17913771309472831  0.18990096446549615  0.20081663516212825  0.21148670115810189
  0.22191082835402029  0.23246295333518077  0.24313087035063216  0.25361112040848061
  0.26379710914434784  0.27406615052964944  0.28446602833640561  0.29481400257542328
  0.30499856594084118  0.31516478693095779  0.32519343231388170  0.33530461260647004
  0.34565823125334882  0.35613085742632306  0.36649142542293828  0.37694520922750918
  0.38757996839322545  0.39833320563315683  0.40895764683345348  0.41953690014601386
  0.43012487394393700  0.44058915179950875  0.45071019512550947  0.46113070812681650
  0.47159569988836664  0.48206200750186012  0.49265310994245393  0.50324932711943215
  0.51405481234581518  0.52445666713087524  0.53479057070619307  0.54521940590873863
  0.55572716314879811  0.56608001463214008  0.57637409655536531  0.58677669973355939
  0.59722849100590014  0.60748943010935430  0.61755936067290529  0.62774734005885147
  0.63810250787928624  0.64854658240422958  0.65900213466500712  0.66944416511258731
  0.68006440716321193  0.69076146125153526  0.70152194698536019  0.71216166120998381
  0.72269338710926723  0.73323373610249154  0.74380644887362235  0.75430553462913963
  0.76465707651500114  0.77492444534850446  0.78517289466432283  0.79545670721979778
  0.80569957735628850  0.81604486879946014  0.82656071043442414  0.83700429053451619
  0.84722827229390518  0.85729559354149498  0.86745033417217843  0.87756923071848014
  0.88742609126979388  0.89725750031709661  0.90725362844465662  0.91747048267244269
  0.92740032399275218  0.93720498013624487  0.94679322477675165  0.95617455470441171
  0.96542135182647748  0.97435760387733672  0.98315628732111371  1.00000000000000000
  0.00481923961077297  0.01637882138837300  0.02784412628412923  0.04017221513825537
  0.05189989552852432  0.06335069304810127  0.07458171773956460  0.08571416342357774
  0.09669133181051040  0.10746035019339309  0.11808426316329772  0.12863584343167853
  0.13916347635810866  0.14972505531310901  0.16025244394185945  0.17064400353743400
  0.18090913534596434  0.19116731012991164  0.20146725558984713  0.21194121199664104
  0.22269223969227489  0.23364476368197407  0.24446163862868009  0.25502955665977856
  0.26551655980173416  0.27585858224854254  0.28638066845865190  0.29700563825454035
  0.30768636597368593  0.31831094798896131  0.32902526479214289  0.33977107770478132
  0.35056030349392991  0.36133597163859926  0.37229660750876203  0.38307248956508311
  0.39398037825769389  0.40462796316733729  0.41562972800019077  0.42662774869353642
  0.43748172453732420  0.44792587521321187  0.45831409455073313  0.46902352899801858
  0.47942712553612837  0.48956274824800178  0.49971070746000668  0.50996604130719259
  0.52048028537347135  0.53114931623164030  0.54205596580599991  0.55267184760297960
  0.56304019296433883  0.57344044031268626  0.58375066311129176  0.59399434527649286
  0.60421080340911071  0.61462561884408551  0.62490781042040977  0.63510947878736135
  0.64511166245101503  0.65515430977095590  0.66520215384359804  0.67560861505871717
  0.68624029199046188  0.69707064319582002  0.70792714660766076  0.71868190604586057
  0.72940722670964320  0.74007547157880216  0.75072009630092507  0.76137649561085341
  0.77193844274407342  0.78223131572563398  0.79250288909790567  0.80282879663444506
  0.81335841073211501  0.82385693667760140  0.83435005657292360  0.84480978092985326
  0.85510311928667848  0.86513470660184422  0.87495097896017160  0.88482717744559913
  0.89487187530156043  0.90520933880420129  0.91557227083958148  0.92572353205229629
  0.93567310806513049  0.94546763417595081  0.95524433299921108  0.96489427774357783
  0.97408633522215082  0.98268973491007405  0.99235795458196308  1.00000000000000000
 -0.00251756638988898  0.00959487565441310  0.01997143804697225  0.03056019175619448
  0.04103303438638532  0.05140337966887593  0.06191829316220217  0.07256648490027323
  0.08312190387602637  0.09350551014896602  0.10379362060558109  0.11413685089260429
  0.12441952345733448  0.13487976967325255  0.14529392928709886  0.15592651997186413
  0.16646707559459084  0.17683315330465757  0.18734663953743649  0.19791829738906230
  0.20883562782048551  0.21973871721621022  0.23055215502875695  0.24136544611559374
  0.25213749110404637  0.26293224437096135  0.27358201798425741  0.28414093125416062
  0.29469514936877783  0.30536677515514776  0.31585222824323889  0.32633987545584353
  0.33658740611632315  0.34686576691107956  0.35710034548254865  0.36754344343415846
  0.37811872624830356  0.38857784581813337  0.39891719620493482  0.40918246682171222
  0.41957521517437407  0.43009341366929282  0.44082268722741497  0.45144033917155502
  0.46204691330335951  0.47254612714584227  0.48309806536927763  0.49371403785430190
  0.50431811099430091  0.51511027246137708  0.52572679965318614  0.53604582177203530
  0.54632477970562143  0.55670877867692115  0.56727701687709386  0.57770056788110857
  0.58830519580043461  0.59909159611918361  0.60986843369567267  0.62042937232052042
  0.63108577711652458  0.64151139258493661  0.65208166150982505  0.66262728107929381
  0.67345295279895578  0.68412081651697709  0.69481094113229358  0.70562482929351078
  0.71622029620599048  0.72682141853481363  0.73740857776919155  0.74824115795399426
  0.75872579176722688  0.76932277742832211  0.77975607660701562  0.79039158255806663
  0.80046812137138745  0.81047772046595135  0.82075211575744311  0.83129099346139912
  0.84194257400722572  0.85228117636836120  0.86286088117782611  0.87339137564678815
  0.88413537551738530  0.89485367919032821  0.90544681298406127  0.91593760873734764
  0.92630177277700576  0.93669646071627433  0.94697083624532863  0.95719487818807969
  0.96801905862131277  0.97864397241376955  0.98940888330525234  1.00000000000000000
 -0.00199315822550762  0.00943155678612700  0.01945181369507026  0.03006721241715283
  0.04058413060795733  0.05106249542258618  0.06170679153267828  0.07216759316203848
  0.08266315974958897  0.09298213800177826  0.10345086013580447  0.11410557117844614
  0.12471450468885284  0.13561152127228743  0.14640490239954196  0.15704320462110430
  0.16750941117864576  0.17767646884526309  0.18788115868268029  0.19793709632058218
  0.20832456421983497  0.21898801904033799  0.22988373272428111  0.24066418710396092
  0.25148802097860501  0.26222075886778146  0.27314785548756643  0.28411924136900779
  0.29479475214676737  0.30517867363177903  0.31533349279851930  0.32550699671510147
  0.33557525838478408  0.34575624584544579  0.35593827265987760  0.36615023211182468
  0.37631065268707564  0.38667107867946265  0.39709537079210072  0.40749506618344350
  0.41770036085538520  0.42824501058734232  0.43886025036053194  0.44930857962423193
  0.45971998838663247  0.47012549672030596  0.48040734099246135  0.49064685528442098
  0.50098474774282609  0.51170408728877637  0.52219899334872433  0.53264180403823858
  0.54307365516825890  0.55359714091984391  0.56404184628077036  0.57449834252189413
  0.58480022713761792  0.59501089550130071  0.60535007310388234  0.61564192474347446
  0.62593582418219784  0.63613576448851561  0.64645911841109394  0.65689264093607158
  0.66739384710949345  0.67804724090034119  0.68874557201410480  0.69941135172281044
  0.71010555441756551  0.72080649095012839  0.73133118039652567  0.74182907393121555
  0.75249875475632255  0.76353509752441195  0.77439805628626657  0.78477212754221526
  0.79539896251103581  0.80624669264376569  0.81726117915140628  0.82827232146883301
  0.83917802494902227  0.85004657976784881  0.86075236669479327  0.87161083573859111
  0.88248067633018645  0.89321826869415644  0.90397724252455813  0.91482581706338895
  0.92557916506724036  0.93610694913762249  0.94669529813527897  0.95723946610955679
  0.96788095323267942  0.97842943360955092  0.98926966232678215  1.00000000000000000
 -0.00246292265165362  0.00939531579751266  0.01946257761474622  0.02995657491722875
  0.04058499252956489  0.05119919581957959  0.06165867324856061  0.07237533547122534
  0.08317865037664164  0.09401871800489900  0.10495159283987496  0.11555151237295638
  0.12657939156593223  0.13724607914745698  0.14794491905362353  0.15847418747858830
  0.16905979771639282  0.17976992226149036  0.19038456165881376  0.20099651029959878
  0.21145671171554140  0.22200926089872852  0.23231356085153709  0.24267680669880456
  0.25328360759993590  0.26424408385047504  0.27517994477384339  0.28590877891676736
  0.29655194363610216  0.30706110705037737  0.31745027061098952  0.32779753443566245
  0.33806941669647828  0.34819328231231000  0.35828077720450907  0.36840526960605469
  0.37857981042699684  0.38892114933024907  0.39955745285534477  0.41042945890299687
  0.42101717952952589  0.43134698033362456  0.44179232073838121  0.45249504716892325
  0.46326801253860606  0.47418705272585882  0.48487477217652980  0.49544890065495567
  0.50555783396430864  0.51575878859211044  0.52587582748483641  0.53603166836733718
  0.54637345085039246  0.55678302883055553  0.56720227900032194  0.57770206342140251
  0.58827516905677224  0.59885750226310908  0.60925325957630205  0.61936746544951071
  0.62947379260034642  0.63971757001545626  0.64998561801546151  0.66031421641481292
  0.67071868050627559  0.68129910366935498  0.69175317336567776  0.70211678265523580
  0.71248474259341776  0.72319570740328865  0.73397291906579454  0.74488395598999591
  0.75549506173366676  0.76618259351205498  0.77685123458238226  0.78754170356126874
  0.79805202706806255  0.80863818654350561  0.81927242708784764  0.82997059059273204
  0.84079918554783872  0.85177368029665623  0.86282596507881948  0.87364030739349863
  0.88449501747918635  0.89524643092651357  0.90593247825835510  0.91656046542192848
  0.92698970285599314  0.93736857955620456  0.94788800418514851  0.95848146334348572
  0.96897476820945139  0.97941585359080652  0.98982163587671190  1.00000000000000000
 -0.00238628471435952  0.00992985166973400  0.02013726981483382  0.03088529368236156
  0.04144197560462558  0.05236803870942500  0.06303286132701007  0.07385188260765496
  0.08472729006462475  0.09567800999886827  0.10661749342620425  0.11739281304397370
  0.12785820187647165  0.13829084228914656  0.14851787066548322  0.15888840095249099
  0.16905874995085859  0.17946190987352878  0.18974963591677907  0.20025167208322944
  0.21053663605854625  0.22116232861840970  0.23173966554213893  0.24240498824077866
  0.25303771228598432  0.26355545965381438  0.27406506870542402  0.28456073019816575
  0.29487395790440907  0.30532719534834601  0.31572829643110617  0.32620708324975850
  0.33665973778170555  0.34709470930375136  0.35766762400870344  0.36830179918220923
  0.37893215839325084  0.38975446619725945  0.40023566040358000  0.41062007641448417
  0.42089131070747982  0.43105774495904525  0.44130277145826646  0.45137081548716901
  0.46151298791874756  0.47161424760141513  0.48167624350085703  0.49217658269817199
  0.50285455683957958  0.51352668962968429  0.52427838568182805  0.53499388340306486
  0.54583515592631460  0.55660782534154618  0.56723239117580770  0.57800683655562968
  0.58879620961541146  0.59971872996922426  0.61059106538778507  0.62140826856861930
  0.63226888589857844  0.64300457548523027  0.65328818655882059  0.66350789644087371
  0.67400526529654381  0.68459762680881120  0.69500885244980237  0.70520817205580932
  0.71565620348330139  0.72637420273902920  0.73712806680734311  0.74789116530457678
  0.75865563829224048  0.76932116069504330  0.77983395813764300  0.79016242209645726
  0.80066858304783761  0.81131496670562919  0.82252815104607968  0.83376685826333563
  0.84493539754662517  0.85565334952053074  0.86617579725085003  0.87647264192444529
  0.88653932261014623  0.89649049380447166  0.90648080791944818  0.91659993116758287
  0.92661085889336192  0.93652040187856556  0.94674146428037598  0.95697488057764302
  0.96749622762644583  0.97814516227721127  0.98913904147747267  1.00000000000000000
 -0.00243977641507206  0.00924299562093358  0.01894506996696257  0.02946813860339452
  0.04032341111796790  0.05121609726949780  0.06181880399915162  0.07233151722701914
  0.08318377874419837  0.09371586338787120  0.10406326373418985  0.11424459722779888
  0.12451899143143404  0.13485242661960362  0.14509373272388293  0.15543171004370862
  0.16575689942981939  0.17610827505596235  0.18649981211604758  0.19688969174892948
  0.20738804096410571  0.21810993693826541  0.22880793189589535  0.23932215167347901
  0.24967575275673770  0.25978209208835312  0.26994143833531936  0.28019084126167126
  0.29025748731316625  0.30092253922106399  0.31163114575838996  0.32289660590245450
  0.33402873981066161  0.34497020033977532  0.35586797399570147  0.36672623863131937
  0.37725647405587964  0.38773260098527307  0.39819413203680243  0.40900993508846101
  0.41956867995039171  0.42988263761990086  0.44012104134339419  0.45047428155670899
  0.46074081592271349  0.47110793441777310  0.48160350243719308  0.49260255697241306
  0.50351350646284465  0.51414679921183726  0.52487445408672129  0.53551532379718025
  0.54630140999475607  0.55694313477263835  0.56752952265840284  0.57799616269800125
  0.58823234629065713  0.59839713341392142  0.60844262095309587  0.61870319362163007
  0.62904936604198414  0.63968418460767495  0.65032532948693400  0.66118413557076183
  0.67203185141736654  0.68290367666733032  0.69356343864884351  0.70407048579374232
  0.71475760100284447  0.72545005045164879  0.73614998535251364  0.74684066122357928
  0.75792612947393612  0.76910045477394362  0.77976724317705026  0.79016341646544841
  0.80082621115522712  0.81157492612647053  0.82247613477220249  0.83349763999189297
  0.84421615967241848  0.85479997452424550  0.86516813940938364  0.87554127955762628
  0.88598022061852932  0.89645678646270643  0.90710927715799061  0.91758132509698931
  0.92785374984088842  0.93820783828634691  0.94869421166183965  0.95904144436261729
  0.96950579661289782  0.97955457583054395  0.98985408035045008  1.00000000000000000
 -0.00245524648942562  0.00932707582039505  0.01939543588756820  0.02974586358015290
  0.03995684606115528  0.05020216360738258  0.06026779257095722  0.07073724598966098
  0.08117975415033928  0.09204557143399936  0.10293608856812385  0.11368770709687094
  0.12433384752165537  0.13493899607932353  0.14559551273117521  0.15641428942625493
  0.16716074832668124  0.17811536344553511  0.18904689884662393  0.19982644788199511
  0.21081477225101247  0.22186848892764471  0.23304028225513213  0.24398949559433813
  0.25487131508906163  0.26599709764925233  0.27695273469623183  0.28754630050979968
  0.29806915090329783  0.30867342595392522  0.31935770810886960  0.33003075115076469
  0.34068568099663016  0.35133424486982540  0.36189442855643378  0.37247238174518532
  0.38317916609057390  0.39387243537788641  0.40452059709558214  0.41512340149168719
  0.42569875990533618  0.43631108058451123  0.44683650696679905  0.45729372928876699
  0.46755947414373555  0.47788625324469880  0.48833399175913333  0.49878359547746454
  0.50914513096657643  0.51941437284450720  0.52984417772108694  0.54022510226048959
  0.55073784656002644  0.56110736428947883  0.57204873168007342  0.58292081265606355
  0.59385837067662350  0.60478741261761004  0.61571495212044647  0.62663041229148531
  0.63724138839349120  0.64791796659071488  0.65844149471830171  0.66889424202246794
  0.67918175134114589  0.68947088130352341  0.69967713406823817  0.70983563169066366
  0.72003319812928357  0.73025412847712146  0.74027081868463773  0.75035091685088995
  0.76035796066821448  0.77023598360332357  0.78039150385807632  0.79074546890083097
  0.80150842694349433  0.81196760259378520  0.82243314888118724  0.83296317029044831
  0.84358705435614323  0.85425118395663036  0.86491292274695786  0.87548390092600403
  0.88595777116535723  0.89648205790439295  0.90693782055514860  0.91745175161932602
  0.92802975949327160  0.93845011752004082  0.94864787903996561  0.95874953602787316
  0.96911662582650104  0.97940765925197448  0.98971866506186890  1.00000000000000000
  0.00947945238003817  0.01668832739478126  0.02577522556498917  0.03663713788156008
  0.04711926799791555  0.05771272697988130  0.06819458570147315  0.07831861378191617
  0.08856908972667295  0.09903041704450191  0.10956446601102833  0.11996014989252365
  0.13039926521494022  0.14089642674952257  0.15121326633329460  0.16133719056231080
  0.17152545536152708  0.18191511627507792  0.19223946643681550  0.20227645696087337
  0.21215391631785466  0.22195265145772436  0.23195620389192351  0.24217600993580357
  0.25264710760548764  0.26318787238709002  0.27368247312536170  0.28423990821458167
  0.29486085428784309  0.30559059038743497  0.31614158995614139  0.32656161866289102
  0.33685771020253347  0.34729901851539396  0.35756771931272613  0.36778412971485519
  0.37813431545985293  0.38848365827221532  0.39858566195723988  0.40853562868947596
  0.41857734525280821  0.42887560194905350  0.43906384671675108  0.44902458987692401
  0.45883438238301000  0.46863999595082589  0.47864429988755258  0.48890923490736027
  0.49936307076901632  0.50978109131377858  0.52009116484193341  0.53056625722190065
  0.54113597964573434  0.55158216648330605  0.56190281386622831  0.57211998698373412
  0.58231720031683043  0.59237730417499868  0.60254358501795691  0.61308577402180175
  0.62400163680142684  0.63516243412770701  0.64631379884515139  0.65735079025873699
  0.66816084802772258  0.67865844093570604  0.68906503902433502  0.69956411631418625
  0.71017364378332015  0.72085022415865863  0.73151677134442905  0.74219429594992981
  0.75276161486671944  0.76320950220469885  0.77367407140941158  0.78409384602902676
  0.79445744698496856  0.80464879244326704  0.81480956071325827  0.82501162282287133
  0.83518957218451384  0.84530547735963912  0.85550077734930841  0.86583565475184032
  0.87623594190874610  0.88664365539135059  0.89704904958931997  0.90772237964579561
  0.91837319974185350  0.92855934189201894  0.93897136770708489  0.94907718118440432
  0.95941435341949410  0.96982460340682064  0.98020243811307628  1.00000000000000000
 -0.01988587459110718  0.12229718692964736  0.16017732376687938  0.18340451301876770
  0.20146169457540883  0.21652710903057698  0.22973492851106850  0.24156001930309304
  0.25251688671093625  0.26246428218128309  0.27196171378074713  0.28068099084986692
  0.28921425804908907  0.29725906493513754  0.30499452899457868  0.31253436672737894
  0.31978390945797147  0.32692224281449184  0.33390884239597679  0.34060747941291636
  0.34712713752089269  0.35352379819682805  0.35976978910471968  0.36591264782062038
  0.37198852434560092  0.37792628775589943  0.38376804411169119  0.38956478939729627
  0.39529945463575639  0.40095439020038209  0.40654945276666249  0.41212492161128877
  0.41767119244843481  0.42311416341773572  0.42856270078584718  0.43396521216347372
  0.43929270858171932  0.44458564008462043  0.44986673618424655  0.45513839876674717
  0.46039941749591212  0.46565048500733419  0.47089021847551582  0.47611434455580154
  0.48132452712235169  0.48653794731942862  0.49177939652489200  0.49703686819750403
  0.50229024268634037  0.50751011602987550  0.51274299832968451  0.51797264826276601
  0.52319138416701072  0.52840166179439751  0.53360703423812028  0.53883129137878938
  0.54408912741476723  0.54935590148508029  0.55461887358082840  0.55990152186841458
  0.56520178691259004  0.57057327375324163  0.57599666378342751  0.58143722570661205
  0.58696930879445919  0.59251933592835859  0.59809260562058297  0.60373296168199753
  0.60948844460042084  0.61535353510172874  0.62129351333243188  0.62734090653100660
  0.63354249947724639  0.63985555420776297  0.64625036970195360  0.65277164556875811
  0.65936393072557531  0.66608797210008874  0.67303112045284452  0.68012916664298761
  0.68732555512541060  0.69490581358235071  0.70268935483199102  0.71088982180775540
  0.71954297970690539  0.72840092606622830  0.73798188908808360  0.74790239666332536
  0.75886346661368831  0.77063823336224835  0.78375204331928849  0.79865130357472669
  0.81659196896584296  0.83966384456141852  0.87795797465952197  1.00000000000000000
   1.7720117556727288E-041  -1.0000000000000000     
 F F F F F F F F F F F F F F F F F F F F F F F F F F F F F F F F F F F F F F F F F F F F F F F F F F F F F F F F F F F F F F F F F F F F F F F F F F F F F F F F F F F F F F F F F F F F F F F F F F F F F F F F F F F F F F F F F F F F F F F F F F F F F F F F
  <DiscreteSampler_grid>
  grouped_processes
  1 # 1 for a reference and 2 for a running grid.
  10 # Attribute 'min_bin_probing_points' of the grid.
  1 # Attribute 'grid_mode' of the grid. 1=='default',2=='initialization'
  0.0000000000000000 # Attribute 'small_contrib_threshold' of the grid.
  0.5000000000000000 # Attribute 'damping_power' of the grid.
 # binID   n_entries weight   weight_sqr   abs_weight
    10   10   5.314175795860535E-028   3.925166811038500E-055   5.314175795860535E-028
  </DiscreteSampler_grid>
