massPhi	mass_S1	mass_S2	ctau	nevents	efficiency
200	50	50	0.1	10000	7.912433809999858e-05
200	50	50	0.10353218432956621	10000	6.991995079999938e-05
200	50	50	0.10718913192051278	10000	5.618088690000056e-05
200	50	50	0.11097524964120718	10000	7.13797076999994e-05
200	50	50	0.11489510001873092	10000	7.997539784999869e-05
200	50	50	0.11895340673703195	10000	0.00011311043899999883
200	50	50	0.12315506032928256	10000	8.651938009999838e-05
200	50	50	0.12750512407130132	10000	0.00010271919214999865
200	50	50	0.1320088400831418	10000	9.421376254999868e-05
200	50	50	0.13667163564620066	10000	0.0001265492807000009
200	50	50	0.1414991297434576	10000	0.00011360025839999923
200	50	50	0.14649713983072857	10000	0.00010310685234999832
200	50	50	0.15167168884709228	10000	0.00012458191234999966
200	50	50	0.1570290124729377	10000	0.0001611774510000023
200	50	50	0.16257556664437942	10000	0.00012924714280000083
200	50	50	0.16831803533309567	10000	0.00016778014790000143
200	50	50	0.174263338600965	10000	0.00022170441785000384
200	50	50	0.18041864093920723	10000	0.00017353212750000188
200	50	50	0.1867913599020783	10000	0.00017847002270000178
200	50	50	0.1933891750455231	10000	0.00015182209720000138
200	50	50	0.20022003718155845	10000	0.00018133566390000216
200	50	50	0.20729217795953708	10000	0.00021396102075000188
200	50	50	0.2146141197858404	10000	0.000249778246400004
200	50	50	0.22219468609395238	10000	0.0002920745893000059
200	50	50	0.2300430119772918	10000	0.00026213131780000384
200	50	50	0.23816855519761582	10000	0.0003975517222000056
200	50	50	0.24658110758226026	10000	0.00025910209215000447
200	50	50	0.2552908068239517	10000	0.000334322340650007
200	50	50	0.26430814869741054	10000	0.0003754268484500056
200	50	50	0.27364399970746706	10000	0.00029163057378400373
200	50	50	0.2833096101839324	10000	0.0003917330878500067
200	50	50	0.29331662783900436	10000	0.00037922052250000544
200	50	50	0.30367711180354584	10000	0.0005513868549499996
200	50	50	0.31440354715915003	10000	0.00047014085516700207
200	50	50	0.3255088599835058	10000	0.0005208616985499965
200	50	50	0.33700643292719284	10000	0.0005540148569999948
200	50	50	0.3489101213406773	10000	0.00048481369176699775
200	50	50	0.36123426997094316	10000	0.0005634254470839973
200	50	50	0.3739937302478797	10000	0.0007118909123509925
200	50	50	0.3872038781812555	10000	0.0007002094204849881
200	50	50	0.40088063288984643	10000	0.0006952725103169924
200	50	50	0.41504047578504755	10000	0.0008943370696849903
200	50	50	0.42970047043208404	10000	0.000921000615818989
200	50	50	0.4448782831127584	10000	0.0007643780387839887
200	50	50	0.4605922041145106	10000	0.000796017308034988
200	50	50	0.47686116977144694	10000	0.0010331620151669877
200	50	50	0.49370478528390027	10000	0.001019650164983988
200	50	50	0.5111433483440166	10000	0.0010953271413999877
200	50	50	0.5291978735958442	10000	0.0011400905022869894
200	50	50	0.5478901179593942	10000	0.0011758999409689891
200	50	50	0.5672426068491978	10000	0.001377271637034987
200	50	50	0.5872786613189481	10000	0.0014844134851679906
200	50	50	0.6080224261649423	10000	0.001453404840335988
200	50	50	0.6294988990221888	10000	0.0016561954182689942
200	50	50	0.6517339604882424	10000	0.001782460384119003
200	50	50	0.6747544053110693	10000	0.0016918842205029974
200	50	50	0.6985879746785247	10000	0.002139443537736014
200	50	50	0.7232633896483536	10000	0.0021482350810190036
200	50	50	0.7488103857590023	10000	0.0019757881927520067
200	50	50	0.775259748862946	10000	0.001998457007136003
200	50	50	0.8026433522257174	10000	0.0021441964600200088
200	50	50	0.8309941949353393	10000	0.00249341672772102
200	50	50	0.8603464416684502	10000	0.0025971134987530144
200	50	50	0.890735463861044	10000	0.0025309682174860194
200	50	50	0.9221978823334327	10000	0.00224161614737101
200	50	50	0.9547716114208056	10000	0.0024838808406210124
200	50	50	0.9884959046625583	10000	0.0022331378244350043
200	50	50	1.0234114021054532	10000	0.0028116155582190226
200	50	50	1.059560179277616	10000	0.002616130296887017
200	50	50	1.0969857978923836	10000	0.0030175418999870167
200	50	50	1.135733358343105	10000	0.0026860882996860153
200	50	50	1.1758495540521563	10000	0.002668223932620014
200	50	50	1.2173827277396614	10000	0.0030676978281710173
200	50	50	1.2603829296797273	10000	0.0029238344899720093
200	50	50	1.3049019780144022	10000	0.002809801143187019
200	50	50	1.3509935211980264	10000	0.0032333621803860135
200	50	50	1.398713102647238	10000	0.003136393595588011
200	50	50	1.4481182276745337	10000	0.0028833541116860175
200	50	50	1.4992684327860455	10000	0.003250385505470011
200	50	50	1.5522253574270473	10000	0.0028755756146530134
200	50	50	1.6070528182616384	10000	0.002610816406104011
200	50	50	1.6638168860761282	10000	0.0030757292967690105
200	50	50	1.7225859653987865	10000	0.0028705631682350136
200	50	50	1.7834308769319094	10000	0.002801602314353006
200	50	50	1.8464249428955435	10000	0.0025348193352530066
200	50	50	1.9116440753857018	10000	0.002607870700503012
200	50	50	1.9791668678535563	10000	0.002722851064469005
200	50	50	2.049074689815847	10000	0.0025836381657210077
200	50	50	2.12145178491063	10000	0.0024948100119520054
200	50	50	2.196385372416546	10000	0.002564187969436007
200	50	50	2.2739657523579275	10000	0.002440048529768005
200	50	50	2.3542864143224165	10000	0.0024627951357850046
200	50	50	2.4374441501222206	10000	0.002290496073102008
200	50	50	2.523539170434766	10000	0.002112316905736006
200	50	50	2.612675225563328	10000	0.0023272331907520033
200	50	50	2.704959730463134	10000	0.0019920769915510025
200	50	50	2.800503894183631	10000	0.002071371495568001
200	50	50	2.899422853882877	10000	0.0019697545031169975
200	50	50	3.001835813575589	10000	0.0018651200257349988
200	50	50	3.107866187782012	10000	0.0018740289148009989
200	50	50	3.2176417502507353	10000	0.001988318462768002
200	50	50	3.3312947879346737	10000	0.001696230783050998
200	50	50	3.448962260405758	10000	0.0018639369485850031
200	50	50	3.5707859649004625	10000	0.0017973181949009999
200	50	50	3.6969127071950263	10000	0.0015650566232019991
200	50	50	3.827494478516311	10000	0.0016291309275009976
200	50	50	3.9626886387014784	10000	0.0015101017684669997
200	50	50	4.102658105827192	10000	0.0014639054388339973
200	50	50	4.247571552536899	10000	0.0015463793200689987
200	50	50	4.397603609302719	10000	0.0013125248448839996
200	50	50	4.552935074866948	10000	0.0011390283327349989
200	50	50	4.7137531341167245	10000	0.001323904624966997
200	50	50	4.880251583654431	10000	0.0010708948374339984
200	50	50	5.05263106533568	10000	0.001318659060167999
200	50	50	5.231099308056261	10000	0.001075005696333999
200	50	50	5.415871378079471	10000	0.0010040489102009994
200	50	50	5.607169938205458	10000	0.0008928112307499993
200	50	50	5.8052255160948985	10000	0.0010305560038669987
200	50	50	6.010276782070382	10000	0.0012683094097009997
200	50	50	6.222570836730228	10000	0.0008866151413339992
200	50	50	6.44236350872137	10000	0.0007861049155669993
200	50	50	6.669919663030122	10000	0.0007761957682010001
200	50	50	6.9055135201623274	10000	0.000900586457566999
200	50	50	7.149428986597577	10000	0.0008431445421999996
200	50	50	7.40195999691564	10000	0.0006719516259510003
200	50	50	7.663410868007454	10000	0.0006915714275670002
200	50	50	7.934096665797492	10000	0.0006658595309000003
200	50	50	8.214343584919426	10000	0.0005494930763
200	50	50	8.504489341802678	10000	0.0005500088753010002
200	50	50	8.80488358164346	10000	0.0004746468972670001
200	50	50	9.115888299750818	10000	0.00044982133396700004
200	50	50	9.437878277775381	10000	0.0005322572242670001
200	50	50	9.771241535346496	10000	0.0004913185836669996
200	50	50	10.11637979766207	10000	0.0004341015740340003
200	50	50	10.473708979594498	10000	0.00045885489466700007
200	50	50	10.843659686896098	10000	0.00024632719049999985
200	50	50	11.226677735108137	10000	0.0004624723061000001
200	50	50	11.623224686798519	10000	0.00022290722826699997
200	50	50	12.033778407775893	10000	0.00033271821376699984
200	50	50	12.458833642950081	10000	0.0004131816551669999
200	50	50	12.89890261253308	10000	0.0003244325719000001
200	50	50	13.354515629298987	10000	0.00025130334156699987
200	50	50	13.82622173764655	10000	0.00025560176565000016
200	50	50	14.314589375234785	10000	0.000202525803667
200	50	50	14.820207057988586	10000	0.000287227498367
200	50	50	15.343684089300117	10000	0.00016949374219999992
200	50	50	15.885651294280526	10000	0.0001857384974
200	50	50	16.446761779946627	10000	0.00019571701524999992
200	50	50	17.027691722258997	10000	0.0002193332864999999
200	50	50	17.62914118095948	10000	0.00016685736739999993
200	50	50	18.251834943190424	10000	0.000209064443567
200	50	50	18.896523396912098	10000	0.00020108944710000003
200	50	50	19.563983435170627	10000	8.458461416699995e-05
200	50	50	20.255019392306664	10000	9.176246003399997e-05
200	50	50	20.970464013232327	10000	0.00024009092050000005
200	50	50	21.711179456945032	10000	0.000101369232667
200	50	50	22.47805833548725	10000	9.626353759999995e-05
200	50	50	23.272024789604075	10000	0.000125682993667
200	50	50	24.094035602395245	10000	9.152383939999999e-05
200	50	50	24.945081352303166	10000	0.00011407169079999997
200	50	50	25.826187606826746	10000	0.000117036880867
200	50	50	26.738416158399467	10000	8.897063500000001e-05
200	50	50	27.682866303920637	10000	7.576212266700001e-05
200	50	50	28.660676169482503	10000	1.4245537567e-05
200	50	50	29.673024081888695	10000	5.6745570099999984e-05
200	50	50	30.72112998861756	10000	6.0519609467e-05
200	50	50	31.80625692794119	10000	5.124679769999999e-05
200	50	50	32.92971255097148	10000	4.2791410999999995e-05
200	50	50	34.09285069746811	10000	5.897912309999997e-05
200	50	50	35.2970730273065	10000	8.280861100000001e-05
200	50	50	36.543830709572546	10000	3.75494166e-05
200	50	50	37.83462617131929	10000	3.3412172467e-05
200	50	50	39.171014908092566	10000	1.4457820900000003e-05
200	50	50	40.554607358408276	10000	5.2406236e-05
200	50	50	41.9870708444391	10000	4.23417611e-05
200	50	50	43.47013158125022	10000	1.2635803000000002e-05
200	50	50	45.005576757004974	10000	3.0548435e-05
200	50	50	46.59525668664677	10000	4.8177662999999997e-05
200	50	50	48.241087041653685	10000	5.41858767e-05
200	50	50	49.9450511585514	10000	2.8404369467e-05
200	50	50	51.70920242896755	10000	7.948339764999999e-05
200	50	50	53.53566677410724	10000	5.7595471e-06
200	50	50	55.426645206631015	10000	2.7101789000000005e-05
200	50	50	57.38441648302393	10000	4.6523294999999995e-05
200	50	50	59.41133984965034	10000	5.1069400000000004e-06
200	50	50	61.50985788580498	10000	1.8637700000000003e-05
200	50	50	63.68249944718586	10000	6.182654567e-06
200	50	50	65.93188271333541	10000	5.2669011e-05
200	50	50	68.26071834272386	10000	1.9960390000000005e-06
200	50	50	70.67181273927491	10000	9.973756e-06
200	50	50	73.16807143427192	10000	3.941433999999999e-06
200	50	50	75.75250258771912	10000	4.256375999999999e-06
200	50	50	78.42822061337682	10000	1.1940159999999997e-06
200	50	50	81.19844993184009	10000	1.8383040099999998e-05
200	50	50	84.06652885618325	10000	3.6407829999999997e-06
200	50	50	87.03591361485157	10000	4.38190917e-05
200	50	50	90.11018251665018	10000	2.2510000000000006e-06
200	50	50	93.29304026284686	10000	1.156814795e-05
200	50	50	96.58832241158699	10000	2.596259e-06
200	50	50	100.0	10000	1.7644397000000002e-05
