  0.00487568296380633  0.01534192628669988  0.02738613431901681  0.03952507597761566
  0.05130309616971331  0.06294494027844313  0.07441824563369048  0.08573228882424178
  0.09674498073939969  0.10760548685404772  0.11791989780632604  0.12826964359688017
  0.13866899664843341  0.14939120405132916  0.16014098913096836  0.17086663215084993
  0.18161684477103573  0.19231201440934592  0.20308978144803413  0.21413908124128631
  0.22518273730648108  0.23594351831333810  0.24646432007208835  0.25703982835707112
  0.26758351148739956  0.27808943933694286  0.28858288831063034  0.29901302989115391
  0.30921980478365763  0.31944410436489562  0.32999461752669801  0.34093140249690523
  0.35201050206280593  0.36286006977101920  0.37351500896632367  0.38407716452658924
  0.39486073953859185  0.40558129892127592  0.41646035528740893  0.42724528819849750
  0.43826232542703064  0.44927888578488823  0.46018569405620879  0.47076799760225108
  0.48127083509827623  0.49169462336353165  0.50210107967430129  0.51242727362003149
  0.52281241084691055  0.53333357875161047  0.54374067850209740  0.55402671918743363
  0.56413480576182140  0.57413870466971073  0.58416084218263642  0.59429384484723358
  0.60462403709029855  0.61489755289055248  0.62518825791132970  0.63555648005416443
  0.64601434334434049  0.65660866191178735  0.66724350000086774  0.67760519242964568
  0.68772704511787974  0.69778393288982077  0.70795896182256202  0.71843007150731475
  0.72906013509940171  0.73991294654137585  0.75051848696111445  0.76101633119914536
  0.77149326396944795  0.78194679236375253  0.79225386636944928  0.80244758044224307
  0.81273153879652793  0.82311383494097612  0.83341677562369532  0.84369566822305420
  0.85398913589782888  0.86432391401956798  0.87442070842501629  0.88432742924287999
  0.89405359874248280  0.90384958989587383  0.91366671805916699  0.92354291040127257
  0.93355249821027109  0.94377669914019979  0.95416110877428095  0.96431608661012214
  0.97408267040360108  0.98324856159131535  0.99222988592316619  1.00000000000000000
  0.00499749754371303  0.01545254606391167  0.02738231404091367  0.03898333357307977
  0.05024723989655760  0.06128700932591923  0.07226469232167844  0.08314863598680072
  0.09413081077257672  0.10491215363914989  0.11523957219554684  0.12537935645591622
  0.13579573040048940  0.14635425337151875  0.15687656805540087  0.16717687321151167
  0.17765356767034285  0.18807905366934133  0.19841532396994019  0.20860141500265764
  0.21890860360660169  0.22916576978269521  0.23948125471586301  0.24991534947096092
  0.26055199431690262  0.27137817462347036  0.28210053495158555  0.29259426860055532
  0.30277300436524945  0.31300514059287504  0.32338755094140792  0.33390656217339260
  0.34430336627819424  0.35465174457294718  0.36526710656619238  0.37603295060368780
  0.38668224502391868  0.39702004834649396  0.40722360450207207  0.41748694415701348
  0.42777841557343993  0.43809006044972493  0.44824652605828758  0.45839318236276311
  0.46847324813067259  0.47849536870575599  0.48867918202976407  0.49879514283700094
  0.50908919921749973  0.51904705597859968  0.52927196146445465  0.53948468180337728
  0.54993013074253938  0.56034289280763172  0.57096694553764005  0.58145802680552428
  0.59208213137686494  0.60276813651180428  0.61373007195600637  0.62451214656022336
  0.63512581589757422  0.64572080950427169  0.65659777317002632  0.66738918326087604
  0.67788918837696077  0.68816882696021420  0.69851666498047837  0.70880530207278880
  0.71884833078298693  0.72884587468220197  0.73902249176824286  0.74942178514008362
  0.75977667827722439  0.77010300628903794  0.78057754473584073  0.79112213391930719
  0.80158981672763063  0.81188345239303639  0.82201402656223266  0.83213273111333708
  0.84223339658488672  0.85227506920812157  0.86237995035416193  0.87256483253528772
  0.88290384174461245  0.89334281357423362  0.90372276731377199  0.91398393622725982
  0.92426297319468487  0.93453085957877702  0.94465545305827880  0.95467945307796553
  0.96461597630221285  0.97420363019643874  0.98327646268364921  1.00000000000000000
 -0.00236965985886630  0.00984791644636983  0.01985993401547934  0.03029545552416829
  0.04077029827809284  0.05133698515942193  0.06157666020813584  0.07162757735485104
  0.08149357453516523  0.09190157234279298  0.10265119966427623  0.11378516741440092
  0.12465903921260561  0.13543664784938936  0.14583605642102695  0.15624267575336395
  0.16653760345512469  0.17696495673336263  0.18718945043257221  0.19781175311208535
  0.20830613895278186  0.21885602050399519  0.22930457693623035  0.23968917087544581
  0.25008779037276802  0.26043416581227519  0.27088973117090104  0.28164637232143164
  0.29244711898551612  0.30317811085281765  0.31381217447736726  0.32446497243204414
  0.33488428118871572  0.34514960500735153  0.35519980028340947  0.36567814011964733
  0.37627618677017244  0.38693680752055126  0.39756110066167455  0.40787701055513803
  0.41831689484317963  0.42894268285170656  0.43951869886548073  0.45037186004592838
  0.46114585635272204  0.47191987177682720  0.48290217424839949  0.49391249693915229
  0.50482845621873584  0.51549201561167313  0.52637611521820871  0.53728362993717416
  0.54782387370303265  0.55825353063621141  0.56880234284450437  0.57959808458891204
  0.59035269049835692  0.60089913931568795  0.61127559038946711  0.62152639164368617
  0.63180568052575825  0.64210689306043733  0.65228961725957002  0.66229986731830548
  0.67239155196092903  0.68254719642353168  0.69283729673952421  0.70316906225097975
  0.71354270410128529  0.72380992474768024  0.73400511919834377  0.74442212375089967
  0.75501809726067459  0.76577897713515719  0.77624454398838338  0.78664290261594161
  0.79717917626501089  0.80803415408988399  0.81887665484266892  0.82971455154527951
  0.84038927810258790  0.85117954137245011  0.86172718424540973  0.87222629612044322
  0.88289858277024902  0.89344822699718651  0.90424711933053348  0.91498331280482015
  0.92574030695630549  0.93641000565959243  0.94680851056954407  0.95729351449665634
  0.96792772562230611  0.97861440543030931  0.98920348235832178  1.00000000000000000
 -0.00248473709387381  0.00953381808431220  0.01961205219806637  0.03014821867606351
  0.04075401516884528  0.05137193262583588  0.06188447245848533  0.07206966587018135
  0.08225493163550436  0.09258639929919182  0.10313463754436226  0.11389505626644328
  0.12461981789157707  0.13536410031953258  0.14604860564372030  0.15646811062934188
  0.16674853263222500  0.17694011103981949  0.18728016296191355  0.19777639522307244
  0.20835153258910885  0.21913334555142941  0.22993509298976889  0.24059301533061853
  0.25123446790972603  0.26186780660243392  0.27246758536839083  0.28302022077759809
  0.29358587066034592  0.30408846955820185  0.31465463813745204  0.32541657584590072
  0.33656663917561291  0.34796673986241194  0.35927057982391652  0.37029809258797808
  0.38090296807340229  0.39137593344087995  0.40186198440486448  0.41237563497393637
  0.42270240398794789  0.43321725657245547  0.44380032789170498  0.45429238808149136
  0.46463938596082549  0.47498538931865014  0.48550867668733422  0.49626784865415957
  0.50724827417653606  0.51843220660387224  0.52932678947575862  0.54013521796933595
  0.55072377667594952  0.56132078575081590  0.57175353343048152  0.58216905719625178
  0.59224099210993375  0.60201094955595114  0.61203115804484676  0.62208936635766465
  0.63270038090537228  0.64347742231698202  0.65423222616243282  0.66510696965683636
  0.67577909052746832  0.68631246310103333  0.69644736725496859  0.70659858466097480
  0.71708889219582783  0.72774924662463902  0.73857202066275618  0.74934670673319281
  0.76017532298149859  0.77089889086538010  0.78171102019247951  0.79253494596578744
  0.80310544130154238  0.81359641840202956  0.82388007225373694  0.83438526908276489
  0.84496512888487163  0.85553527436936971  0.86620114932731718  0.87680437596276517
  0.88752166054811132  0.89822761186877698  0.90893230620784782  0.91942266901281366
  0.92963777381243373  0.93981040902391566  0.94994005866620135  0.95995283079765026
  0.96993477170116738  0.97997396431759420  0.99000898172352880  1.00000000000000000
 -0.00245012200200751  0.00938200135491863  0.01950534655551071  0.03020246213649387
  0.04099588238433811  0.05171647419567794  0.06266446506422334  0.07326977530752386
  0.08392549842303905  0.09417835175685811  0.10465110373623794  0.11522351657022552
  0.12584766186203036  0.13642735513723334  0.14694903231129525  0.15759687912345965
  0.16816703225832136  0.17913211063346790  0.18974422645725919  0.20044528646680296
  0.21108990669872901  0.22188266963361164  0.23266107548170706  0.24311105396157551
  0.25337322991250688  0.26356248707539570  0.27378054213604575  0.28397463746790508
  0.29409312241281227  0.30416188661572957  0.31425686499161770  0.32435155205379140
  0.33440070195054589  0.34467235492865367  0.35502536838958249  0.36533162249065465
  0.37553836615604813  0.38585821326272385  0.39628027412438183  0.40683304748765237
  0.41746495479225759  0.42846140186150605  0.43940188647385564  0.45003594247375356
  0.46074828923471428  0.47138778697259892  0.48197173598543652  0.49236502776643859
  0.50286583611614921  0.51373051776230572  0.52445771881925385  0.53499325881632220
  0.54530251968303378  0.55583522396147145  0.56641199352722826  0.57704728575867348
  0.58761315066351893  0.59803387050378010  0.60847561548159990  0.61889778915201454
  0.62948881261362555  0.64004164557454002  0.65057093101658248  0.66148515217423454
  0.67217279232846394  0.68259164961016161  0.69281568054445675  0.70327022620327606
  0.71375556232122994  0.72402209665609119  0.73427480396845324  0.74456474788486815
  0.75489020341470103  0.76523537453161894  0.77580113849894905  0.78645814869907438
  0.79731081155066919  0.80793178431160362  0.81858523612038137  0.82886374370703009
  0.83913136131213084  0.84922389365815854  0.85975191663757633  0.87048179399528280
  0.88125848718429767  0.89183291349623206  0.90250449116572429  0.91321831768921236
  0.92394993017154026  0.93469599882099630  0.94548181964677380  0.95618109940552920
  0.96695026860583455  0.97795593468252373  0.98894866035717122  1.00000000000000000
 -0.00257658690948069  0.00977303871973169  0.02013303212117224  0.03076013976889347
  0.04155515440672997  0.05217799553586928  0.06272083660106179  0.07311336363331979
  0.08348989513812559  0.09409752142736391  0.10460283651822715  0.11499126412250917
  0.12529285345031432  0.13599988513048017  0.14674510385621331  0.15748224344128608
  0.16807891316921444  0.17887930822098461  0.18967154669127947  0.20008886461773159
  0.21079540554711454  0.22185058035671790  0.23269505921055822  0.24316595703144386
  0.25343282313830662  0.26399346855972899  0.27443407659160990  0.28481195426935835
  0.29549082707425595  0.30634826005497767  0.31726610510227776  0.32787670140026259
  0.33830286171505081  0.34881965984663471  0.35946634826649421  0.37005833487287065
  0.38020658699102489  0.39015587654235684  0.40008437928628837  0.41047235997470854
  0.42101104558505065  0.43161547342502227  0.44211455651194909  0.45273210126469698
  0.46351450591930798  0.47407096306054308  0.48439219988680593  0.49474753328335297
  0.50532078513683554  0.51602721800458473  0.52662850075697565  0.53737805138229555
  0.54811451120215016  0.55879226763875067  0.56956292164209399  0.58079003618926617
  0.59184291868912786  0.60282732353184598  0.61333525754932539  0.62407880758244738
  0.63486037084260749  0.64546203182802786  0.65620127147499496  0.66686971415222507
  0.67784004238228435  0.68856143175600071  0.69912264816591618  0.70961247448668563
  0.71988508588563194  0.73015645963067521  0.74047516153686388  0.75100440896132825
  0.76120243285459444  0.77165807447932910  0.78248377533996916  0.79325603465025918
  0.80331421816688231  0.81341726566351336  0.82352201786315049  0.83369176226095854
  0.84357907178394687  0.85339176788523929  0.86376049983267578  0.87410950351958783
  0.88462253164719862  0.89508383715594009  0.90591941565310463  0.91649927768725936
  0.92706549938444094  0.93754981124027392  0.94822053741167345  0.95898168975300024
  0.96934779201562038  0.97973832823774409  0.98989054387091580  1.00000000000000000
 -0.00215564507920137  0.01006460756840193  0.02084781860261311  0.03173143310779701
  0.04265285971596765  0.05317103492105986  0.06357316931224018  0.07400057720968740
  0.08478969027620387  0.09560274095542026  0.10620573528970176  0.11644629600137632
  0.12689973008919062  0.13753024855182844  0.14798680923897770  0.15842562951728209
  0.16881437070823546  0.17947448260207147  0.18991170816943265  0.20016871694106089
  0.21068228130543229  0.22129058576808061  0.23171969526345165  0.24203184774880435
  0.25238694799299372  0.26292154168514476  0.27308445801455905  0.28330562406032261
  0.29356423143303695  0.30416608520539357  0.31465029682271745  0.32466470322386420
  0.33461421155468235  0.34461789036359103  0.35494894714431441  0.36547031770900540
  0.37592210857339620  0.38651567126552444  0.39711662206242793  0.40761905007650762
  0.41821396973486802  0.42849054392592079  0.43894109654392577  0.44965266031919715
  0.46039604779340415  0.47134799349064527  0.48204644289389248  0.49256318439701779
  0.50307062536258274  0.51337535360615805  0.52361567665150821  0.53388957117278513
  0.54430510190210180  0.55503159116490419  0.56557225616543383  0.57608331520409650
  0.58654332024065825  0.59697080370326250  0.60741638146993349  0.61774324843183559
  0.62800520116953551  0.63833701626595807  0.64872730917394050  0.65906020181664737
  0.66910453191079478  0.67937701517348326  0.68959182010592379  0.70008457633888999
  0.71049672726701818  0.72128256202149310  0.73202977691239046  0.74275797224564144
  0.75340954688813577  0.76399295298529479  0.77430685757864537  0.78443324598192721
  0.79475113933773445  0.80509963198232115  0.81550920054904441  0.82578825875483608
  0.83629640365107027  0.84698882564880396  0.85784260697244230  0.86881836565429593
  0.87950268399901854  0.89072947846544426  0.90201166360180407  0.91355025772022802
  0.92451119914233748  0.93539069559795807  0.94614375971409148  0.95675521189707691
  0.96758509496954614  0.97836500005746041  0.98934982116841452  1.00000000000000000
 -0.00248644486949184  0.00980754811545155  0.01960093201672475  0.02970845120636241
  0.03953362958380557  0.04978095609955008  0.06020169089411626  0.07064301235863051
  0.08116659849075090  0.09206221159584031  0.10300360013859625  0.11366468237445362
  0.12402817462158873  0.13454384834883606  0.14538563792682188  0.15615711705113294
  0.16693997694500742  0.17726215143901095  0.18768079377033609  0.19830018209469211
  0.20891911294545787  0.21963088338997180  0.23004213180884314  0.24054113611947148
  0.25102611794944402  0.26159203660960911  0.27205447946055322  0.28225976790197793
  0.29259095996626244  0.30325808062183818  0.31396978865150882  0.32469756634011393
  0.33512789490480194  0.34584597680626600  0.35661701391798084  0.36760879298321686
  0.37844099189288732  0.38906745133620635  0.39950831354146421  0.40983788987776326
  0.42022824000935011  0.43080551616086482  0.44156508751544082  0.45213375404666067
  0.46262446927789297  0.47306961432964711  0.48379511015606619  0.49489586508402050
  0.50567866594910016  0.51656143598455817  0.52708822758749585  0.53776697925097983
  0.54819260283341364  0.55862055870574412  0.56881096412851917  0.57919814076539067
  0.58983808817316841  0.60069249092492472  0.61135865925259414  0.62184169632099062
  0.63241297763031890  0.64293893487113407  0.65356110919252974  0.66430444094450281
  0.67486428505278684  0.68540388629082460  0.69614362544058439  0.70663191298751460
  0.71702218663282735  0.72724322035851319  0.73790194503972062  0.74859506016869104
  0.75917781962524833  0.76958897829087436  0.77984345425248225  0.79031956391639857
  0.80087878105862786  0.81137356554542783  0.82174543110218501  0.83230421882122096
  0.84311571680793163  0.85387964288933060  0.86435449034616896  0.87504176777252196
  0.88576018710511650  0.89636065296704281  0.90677793006617380  0.91720225146662571
  0.92781800622546395  0.93824421438730066  0.94849920961893541  0.95880883505081127
  0.96914515375495092  0.97940835786972869  0.98964252688887999  1.00000000000000000
  0.00967490904132004  0.01569981483542282  0.02439091347821669  0.03472867081260201
  0.04485466451109574  0.05497999546262389  0.06534760495310285  0.07597910337869251
  0.08661567252682834  0.09715923760212120  0.10760419897582896  0.11807333433441068
  0.12862967106798398  0.13934927980979098  0.15009393986126737  0.16053073474549345
  0.17095186476571958  0.18150442307782713  0.19209728603204360  0.20278522914845654
  0.21340719168872307  0.22404293647139031  0.23453069755007450  0.24491965596607485
  0.25534513218675936  0.26579130609124024  0.27632653184854311  0.28681274126599809
  0.29734527673444922  0.30775775251129955  0.31814711992558214  0.32836360324508229
  0.33867631830116079  0.34910056440759424  0.35974312529289559  0.37075176951266831
  0.38175636729209239  0.39260486590612925  0.40317606508925086  0.41361867569346072
  0.42410746679614797  0.43442302213167500  0.44465085758407530  0.45480596721891509
  0.46504077763041385  0.47559854356830161  0.48608588784494050  0.49688823605612087
  0.50761782322304505  0.51845489554775503  0.52936577744426383  0.54017680494575349
  0.55115898204904201  0.56175660308045194  0.57228846156480351  0.58275474757171475
  0.59330986707647049  0.60395957653915811  0.61434440142567648  0.62456380321502858
  0.63479186819615541  0.64499813296259279  0.65575906857544175  0.66660517723930579
  0.67763533203122583  0.68860690172256889  0.69938324933486118  0.70993237141412369
  0.72031234887884865  0.73082586099744329  0.74137208147047950  0.75192591611133353
  0.76238755172208983  0.77299770031311543  0.78340952663727048  0.79380420752086922
  0.80412942573587942  0.81433941479968674  0.82467326273844466  0.83493223183931964
  0.84585493225540553  0.85664728619803243  0.86759016029237890  0.87838501952635506
  0.88880227653099508  0.89911985931772820  0.90950545474975952  0.91991654123359390
  0.92998520981904975  0.94012616902400092  0.95018887924335105  0.96038439411267795
  0.97051144663935418  0.98069221863660583  0.99138539516864366  1.00000000000000000
 -0.02086886889607729  0.12218451226382152  0.16035967636119991  0.18328857510048294
  0.20112277336773085  0.21610953650407319  0.22930587885786924  0.24116914650883922
  0.25201756931502051  0.26195027316638314  0.27145736095497941  0.28025968987793592
  0.28876818777933783  0.29675372873930705  0.30442956795955234  0.31195873632767657
  0.31919236865308531  0.32625596559021214  0.33317652710212614  0.33993885016220504
  0.34658382375408769  0.35309793114688698  0.35938120646077071  0.36557979534406332
  0.37169146452671126  0.37767495080227020  0.38357046084723923  0.38943933356030325
  0.39525465886362410  0.40097704319779648  0.40662087955083304  0.41223634000323783
  0.41782768343806637  0.42330528038347454  0.42877286283565574  0.43418280902276829
  0.43954161050586738  0.44483891835717937  0.45009733022112325  0.45535600819582450
  0.46061584544907502  0.46585858868774971  0.47109177169137811  0.47632416563439928
  0.48154741943343560  0.48676782134272639  0.49200196695719550  0.49721103445664055
  0.50246186221338140  0.50768393548970570  0.51293249167505828  0.51816750852258087
  0.52339138610127889  0.52861714738035903  0.53384111939707979  0.53908792378569759
  0.54436702090832156  0.54967115120540266  0.55499546480869544  0.56031000856886282
  0.56564631907399165  0.57105438503856165  0.57653975160784787  0.58208318344622012
  0.58772558746361092  0.59337458190562065  0.59903402335432909  0.60474022701540486
  0.61054758582653612  0.61642040594653136  0.62230443022861726  0.62825903052884469
  0.63434023767877490  0.64052579226335593  0.64688638487026251  0.65344848278441892
  0.66012778364739477  0.66693306677174269  0.67387133743742278  0.68096964043381802
  0.68820418826398910  0.69575645949840226  0.70349399461825035  0.71150154262817089
  0.71996161750493715  0.72859303853351365  0.73801456858503223  0.74798283181280845
  0.75890827285060469  0.77076587889497394  0.78401262772549496  0.79926099806056516
  0.81753127993226538  0.84080865951583383  0.87969619032845481  1.00000000000000000
   3.7418634909948286E-037  -1.0000000000000000     
 F F F F F F F F F F F F F F F F F F F F F F F F F F F F F F F F F F F F F F F F F F F F F F F F F F F F F F F F F F F F F F F F F F F F F F F F F F F F F F F F F F F F F F F F F F F F F F F F F F F F F F F F F F F F F F F F F F F F F F F F F F F F F F F F
  <DiscreteSampler_grid>
  grouped_processes
  1 # 1 for a reference and 2 for a running grid.
  10 # Attribute 'min_bin_probing_points' of the grid.
  1 # Attribute 'grid_mode' of the grid. 1=='default',2=='initialization'
  0.0000000000000000 # Attribute 'small_contrib_threshold' of the grid.
  0.5000000000000000 # Attribute 'damping_power' of the grid.
 # binID   n_entries weight   weight_sqr   abs_weight
    10   10   5.308474578859173E-024   8.619821500588754E-047   5.308474578859173E-024
  </DiscreteSampler_grid>
