  0.00499157681795459  0.01497121210316892  0.02671959795219848  0.03846017675890297
  0.04957050103133841  0.06050780345143485  0.07133512062114911  0.08208533355447648
  0.09266705097245431  0.10323149689326712  0.11388719773326718  0.12458428566729726
  0.13523630939174383  0.14592911264203826  0.15647368243827342  0.16688167968047959
  0.17711578990732879  0.18761893241243649  0.19853048134957976  0.20952639728986466
  0.22030811161725375  0.23092700279247730  0.24142544220534706  0.25195276907630765
  0.26241443894074029  0.27277612216065428  0.28298698676971307  0.29331954307251723
  0.30384999066981133  0.31432809727733346  0.32464137123662407  0.33491666520996916
  0.34521117641978505  0.35526865334539354  0.36512735351137088  0.37499810987102056
  0.38521912733733937  0.39561944635372437  0.40605433098186400  0.41652133244314959
  0.42716802657938563  0.43790056497345514  0.44834039925825458  0.45867270063333587
  0.46885408919503424  0.47912442652968579  0.48934793251480113  0.49961641921142658
  0.50992909818806598  0.52031831771538939  0.53085868815606385  0.54152146891278130
  0.55240399829132325  0.56316078754351384  0.57381406383227396  0.58425521375012135
  0.59474679137244291  0.60531489822265905  0.61592823900094484  0.62659259108468213
  0.63703685125159160  0.64745000289118582  0.65768829047625166  0.66785391150456186
  0.67795873670516127  0.68812183769944435  0.69832946032004917  0.70849817248301949
  0.71869430088468378  0.72893515294772471  0.73932054040376904  0.74980516549426468
  0.76026109614715454  0.77063996381498523  0.78101344171596765  0.79147863579362898
  0.80216692900888853  0.81309814756772569  0.82418143034630054  0.83503119705696538
  0.84548487277723916  0.85568654206048900  0.86581998221587886  0.87608230391444109
  0.88622595629715673  0.89637532838241218  0.90661562057544920  0.91687424661983474
  0.92697007420392652  0.93680733055730125  0.94640828142451039  0.95583414471665795
  0.96511876447424216  0.97411540944336306  0.98306831752949275  1.00000000000000000
  0.00469824515383538  0.01577568045916102  0.02748183040889605  0.03909504317027381
  0.05004455555106398  0.06095929858839130  0.07194699340055803  0.08286313682675911
  0.09348503956254295  0.10410260579309831  0.11497187369738607  0.12585401772444002
  0.13639178656518663  0.14677433407474436  0.15738888187671554  0.16791989436516247
  0.17833258256400700  0.18864141675293350  0.19903366079348880  0.20951482017949624
  0.22001156514376699  0.23052122292418042  0.24058952344220208  0.25080908103446081
  0.26124156804485843  0.27184899218684722  0.28234414882636599  0.29274796659402630
  0.30311189426000795  0.31363423214092573  0.32420262707526820  0.33492666858188308
  0.34538788550056626  0.35624225593232517  0.36718155058739405  0.37788116651681830
  0.38825599905418762  0.39865816138124810  0.40923177234628666  0.41973419181938737
  0.43014697571904881  0.44048052693370676  0.45084900996173083  0.46130321940657626
  0.47170702531101116  0.48196128425679896  0.49205348633392382  0.50227901072945247
  0.51271607106862638  0.52320428229670990  0.53387538574057780  0.54471044668351809
  0.55563993309076043  0.56648069688706837  0.57740880797786320  0.58828574859851579
  0.59910077134133577  0.60962065174938695  0.62019054626807535  0.63071332326566509
  0.64108787163551861  0.65131096541097810  0.66144210229678757  0.67155436960562986
  0.68171722368010057  0.69182937418693324  0.70176489481071658  0.71164247153745208
  0.72147439504031807  0.73138424442241223  0.74146951561215946  0.75187678571970573
  0.76255587503013478  0.77325643506180497  0.78385872103748810  0.79421040981029334
  0.80440193988392328  0.81450040855842154  0.82453384084133763  0.83455211030738630
  0.84466209325597452  0.85490852141003970  0.86524246262853621  0.87556952950431111
  0.88587774244815376  0.89608781718110087  0.90618977783665822  0.91631450386419810
  0.92632374945551188  0.93634584559631118  0.94610305366353331  0.95574754571289167
  0.96516904172048412  0.97426120044324127  0.98316837436831561  1.00000000000000000
 -0.00257375005302197  0.00947556529869692  0.02006868932219180  0.03066744415424645
  0.04139955409675038  0.05188145073731747  0.06245272905573042  0.07257923546804945
  0.08281924206178173  0.09314570842794892  0.10360583625771148  0.11401586294448661
  0.12451419526520009  0.13529442001841060  0.14591192861149221  0.15611181112594108
  0.16630254265962685  0.17663159761668162  0.18729786476332388  0.19804098383360666
  0.20888932339473459  0.21974263403377345  0.23078601459476927  0.24184371385337522
  0.25267598450545847  0.26320324223904679  0.27372433631463583  0.28424497831300982
  0.29460963600141582  0.30481572450075256  0.31530974996652839  0.32601210651587792
  0.33682835007201306  0.34772653930105746  0.35856228244247595  0.36934308955768835
  0.37998869372236216  0.39083428589186081  0.40172511013935286  0.41256413593121671
  0.42349039353695850  0.43425979631550221  0.44472714900904931  0.45511897544682683
  0.46553343727221308  0.47605317884351833  0.48621010295880790  0.49638678252903151
  0.50666463490792313  0.51718809204032345  0.52759971708813935  0.53781006266597220
  0.54836462627103133  0.55888379784474351  0.56950491214906152  0.58003917583714049
  0.59043735379489382  0.60086805096541440  0.61101362300955364  0.62135115971027721
  0.63167669720842279  0.64194803825474978  0.65245189861533248  0.66276333411976496
  0.67311965998400713  0.68335628911582991  0.69356011852480060  0.70368497323474122
  0.71402651725559507  0.72460099106326226  0.73561101876089896  0.74639544134284874
  0.75698779084889056  0.76750174876326560  0.77793475680282809  0.78822039905584862
  0.79838792503997069  0.80850575911135225  0.81899834147433181  0.82975675694858075
  0.84087375423005239  0.85182324386651742  0.86264529321040617  0.87335908803223938
  0.88392922389212769  0.89449287211925810  0.90511696182421908  0.91555188561386713
  0.92580097655783322  0.93615390468576942  0.94687192455642644  0.95773848641320924
  0.96825651418300562  0.97891123668526847  0.98946053213363050  1.00000000000000000
 -0.00230467819808490  0.00963291122710745  0.02001542181640910  0.03026288011935906
  0.04078182244109067  0.05099240487534865  0.06139731956209561  0.07187459311438156
  0.08237877138248405  0.09316483677805694  0.10431410860192067  0.11544278140795869
  0.12658624438049013  0.13731860417187991  0.14813935120053223  0.15891823206698841
  0.16955206006165474  0.18007744348880048  0.19058721208691784  0.20132142434110789
  0.21212403048975384  0.22282016988774889  0.23338770671679260  0.24397527189518131
  0.25439875182943461  0.26487906592218174  0.27531903507065808  0.28604956744691135
  0.29674948390970052  0.30761113458803041  0.31821580202256955  0.32886936215078227
  0.33938830794943536  0.35015005911448999  0.36099363388478795  0.37207884635967042
  0.38287272252345883  0.39358762727180985  0.40423847981013888  0.41493659722633275
  0.42565759592966879  0.43630319688310532  0.44665058990623319  0.45686619927736571
  0.46711552105957760  0.47729256705712658  0.48762568270280721  0.49800081578680222
  0.50872215515462482  0.51951889937622597  0.52999654307804756  0.54042495084037390
  0.55062047066578179  0.56088537416754258  0.57105870050009055  0.58105620135328440
  0.59128761390558970  0.60135447838726031  0.61157944997004066  0.62162458396097098
  0.63179781654985379  0.64214243635784496  0.65268708159410449  0.66314510770823487
  0.67380762988442577  0.68445582859056564  0.69497647017971964  0.70541059478710466
  0.71586728783861764  0.72637854259251255  0.73682355818630985  0.74724025447418796
  0.75762470248560643  0.76780644703993706  0.77779278454115808  0.78794139348564529
  0.79837206988608900  0.80907075217932556  0.81976658817682124  0.83037093329292511
  0.84077474847098788  0.85106930458920460  0.86156846261034192  0.87224641383880797
  0.88279338428246557  0.89304436047084212  0.90334324022469437  0.91384961153563671
  0.92426644535410563  0.93450342403654274  0.94490181095252190  0.95544234439574982
  0.96639343829111302  0.97754211236618671  0.98876362293286624  1.00000000000000000
 -0.00230099303618396  0.00901191270891176  0.01890833710731132  0.02937615455828056
  0.03995336024792566  0.05049967572499273  0.06115571491916179  0.07180053540052024
  0.08233836630836419  0.09274126140723590  0.10301722068987934  0.11348083221022914
  0.12411943229929147  0.13557029919188995  0.14681558998114605  0.15797240537564455
  0.16893780208471970  0.17950356055439626  0.19006245767788135  0.20035179786480733
  0.21099197464272371  0.22140065559288083  0.23185082481715663  0.24235762796877078
  0.25303472394496468  0.26392408564103714  0.27492171452964126  0.28580362302401030
  0.29669430298273530  0.30754717508318785  0.31824553039842857  0.32897756243573273
  0.33959566074257358  0.35036951236785829  0.36067198667112255  0.37095577703697030
  0.38117741245786829  0.39159972441194374  0.40257404826987508  0.41377617146738138
  0.42479216204606240  0.43526028216809426  0.44562287884846569  0.45588647729612969
  0.46618268788224765  0.47661943017662484  0.48719604999701105  0.49780584744426143
  0.50819810263808307  0.51879784145631069  0.52913990532956623  0.53942029099089872
  0.54961778976209430  0.55994524863105555  0.57026368518493842  0.58053193603858189
  0.59069578166254333  0.60093773793291771  0.61137699571849113  0.62180195583146480
  0.63216130696019945  0.64252941112731898  0.65323986002768919  0.66378735413630663
  0.67409496198888641  0.68420750768642846  0.69458001947310211  0.70492974854407442
  0.71526134786663809  0.72546956356708370  0.73580461505814188  0.74628503551522796
  0.75680412903522520  0.76749577401932556  0.77802297817109034  0.78878419875007821
  0.79929411211848345  0.80963643262333052  0.81974997421819484  0.82978156077179899
  0.84018211332890080  0.85080265110895159  0.86156621645284215  0.87218771561075192
  0.88278473505533361  0.89325952077645721  0.90370296296186881  0.91399871537742661
  0.92485755556507543  0.93565832392355375  0.94643138474055100  0.95705309119879822
  0.96778688439871385  0.97861268401022239  0.98921143212676566  1.00000000000000000
 -0.00242920961361684  0.00991987949829816  0.02045059053567931  0.03149084631248135
  0.04223219722051566  0.05262976219378260  0.06299008570972520  0.07386125631621522
  0.08470075759887599  0.09540666853887561  0.10572919282839832  0.11617820375719412
  0.12684152485311476  0.13754350085392192  0.14833541273049533  0.15913964370732409
  0.16992065798244352  0.18088242123862308  0.19192691647803592  0.20292289206820113
  0.21371877870196296  0.22418185603461066  0.23425929128188633  0.24409428074168973
  0.25416856237785296  0.26476781565619706  0.27553526700444403  0.28618560387316144
  0.29670015809825923  0.30725337696402882  0.31770668006300906  0.32825074014102640
  0.33886276236956797  0.34949633646794431  0.36009256416449148  0.37057694359894089
  0.38087325280088896  0.39097566186622285  0.40125203475982513  0.41165675792735923
  0.42182221186798113  0.43172679368120997  0.44179025709750086  0.45220820553708435
  0.46270464192983990  0.47297692260535884  0.48314374332163740  0.49347745549295730
  0.50394092864157514  0.51443373369525225  0.52479864310274360  0.53513350174112517
  0.54550578903239832  0.55580847362566266  0.56600175141829989  0.57636330610993514
  0.58687100750183829  0.59772222510132222  0.60847316750765135  0.61930465727548589
  0.63010672366005516  0.64100277250622129  0.65190088020589831  0.66269948852700267
  0.67329157130912876  0.68371916931398269  0.69424702055035914  0.70486924932004169
  0.71539412723303764  0.72583062394688191  0.73604765964194174  0.74600593487701117
  0.75602698430305282  0.76596323499346963  0.77617580649361495  0.78622116403973952
  0.79671685816735660  0.80749911165078969  0.81836650668860111  0.82925830873208906
  0.84014484417342683  0.85109777932335096  0.86201426889342536  0.87287424715671480
  0.88367249249830249  0.89437352660587444  0.90530108241293961  0.91633791910876883
  0.92698102131655191  0.93767586356252697  0.94825780641765889  0.95870006411054121
  0.96907327736347293  0.97936094369931315  0.98973643101667497  1.00000000000000000
 -0.00238311822356421  0.01036848096569794  0.02077428819920437  0.03167049343357841
  0.04244946865828708  0.05303605102938647  0.06333382632075332  0.07357729491171727
  0.08402820637690489  0.09436950649790743  0.10467890288972960  0.11480268358254925
  0.12500224481929206  0.13556180849959198  0.14628835443993596  0.15680951541496957
  0.16719262360211590  0.17779946268069119  0.18857922547027750  0.19954321219758228
  0.21054618800752087  0.22171247755617296  0.23258989902935012  0.24331399475535068
  0.25394803559390222  0.26462065776395594  0.27490037706961251  0.28504519011461416
  0.29529075064163401  0.30569353796850085  0.31584051868600987  0.32585849092844127
  0.33627605561821794  0.34697045878703620  0.35736061429848065  0.36747751810051454
  0.37766858862434294  0.38806411860127632  0.39833305346954179  0.40858407394587909
  0.41905013705784561  0.42971375188088828  0.44043907416854067  0.45110453590814581
  0.46180213416059746  0.47255932429315717  0.48314514026166400  0.49375555854190423
  0.50437891524670220  0.51505300010165622  0.52570177529749562  0.53633497699954125
  0.54722247263903190  0.55815746296549251  0.56875110599234913  0.57912710761007402
  0.58938814689910679  0.59971996171432096  0.60994236494511722  0.62008006286372230
  0.63039667100279484  0.64093588795115375  0.65155786915684011  0.66217277836868182
  0.67267882757414577  0.68311027315304340  0.69346509721050842  0.70372777748427362
  0.71407602215752475  0.72445175420878882  0.73491856085761975  0.74553682392802290
  0.75655601594375244  0.76763548726230113  0.77813938156827278  0.78828535166481406
  0.79858948424143816  0.80911950913677855  0.81956591447108407  0.82998217990361223
  0.84064020544558182  0.85158548889383012  0.86232755997551835  0.87314303837723439
  0.88412856656836825  0.89488607198890857  0.90535394757420873  0.91592911867326521
  0.92691959923092582  0.93804913713422222  0.94865649241605055  0.95927748634430310
  0.96970569107896387  0.97996679891143679  0.98998659114558241  1.00000000000000000
 -0.00255464497267001  0.01026250768640956  0.02083620275846054  0.03142637428024572
  0.04187462205578277  0.05230527175735539  0.06266950486072623  0.07323124532650049
  0.08366580604001499  0.09409845415175426  0.10442768460912126  0.11511686218768548
  0.12582807112119923  0.13651673710006068  0.14696218395902025  0.15742657257981524
  0.16788186458270196  0.17830353409839200  0.18875409345239663  0.19930276710784764
  0.20998649047316742  0.22075526868977996  0.23140413276141611  0.24184882000364655
  0.25225570281937815  0.26259446329120367  0.27318171438296868  0.28394418361572116
  0.29466678817297742  0.30517516967671354  0.31559692759527302  0.32601221998201213
  0.33597510092474892  0.34587902794163627  0.35585600477657359  0.36611171444842178
  0.37636483995038922  0.38671901716705886  0.39712363564826125  0.40770631255317219
  0.41820913668964577  0.42887463443263185  0.43951390753560976  0.45025253399078774
  0.46058689571812667  0.47101661294983660  0.48136262015903852  0.49253919270064667
  0.50326396779834659  0.51399213998799642  0.52482752048459436  0.53590107253068375
  0.54680612309617427  0.55745779686402330  0.56801188469616726  0.57828143140748212
  0.58864003634447271  0.59886502738707914  0.60902718896479346  0.61908195704503832
  0.62906166398140229  0.63911215540901145  0.64915835532183275  0.65960038995820014
  0.66995506252777015  0.68075433444763001  0.69164569638225704  0.70297157547862810
  0.71390708273876902  0.72466934585336040  0.73555943860416195  0.74635299788269516
  0.75708376912863506  0.76744901445512370  0.77802471937090867  0.78870618018361649
  0.79945324355381431  0.81008167692229016  0.82060361070968812  0.83103411330142574
  0.84142397644904365  0.85181811242834637  0.86231362133410761  0.87300800211782970
  0.88388612821769275  0.89485242850078850  0.90564770964942476  0.91646179049316789
  0.92718489296640982  0.93797627825827290  0.94847129951014242  0.95936527240785052
  0.96984914631094132  0.98019135626923459  0.99010553258981493  1.00000000000000000
  0.00958739034405164  0.01526811405722684  0.02451907933287109  0.03553085209858803
  0.04605388225403990  0.05663796293701999  0.06719742704504819  0.07774699640263705
  0.08812201605335297  0.09865826341592943  0.10926398074924798  0.11999678343618357
  0.13037703183676685  0.14080767987298554  0.15122643090377189  0.16181547116883252
  0.17217064109681798  0.18238543254780223  0.19265510157473187  0.20296126733718037
  0.21305507844839341  0.22305812318075241  0.23310756676624864  0.24319713825636247
  0.25336204034042564  0.26361081773898726  0.27410849005892696  0.28461614249634354
  0.29502262825815107  0.30531992034758559  0.31567698535522631  0.32598662179000554
  0.33633608261216930  0.34670743004031779  0.35711882583382465  0.36759814280277603
  0.37800051904638748  0.38856037298493529  0.39914195252727352  0.40968260293143954
  0.42007542779284063  0.43038774611418340  0.44051088257886728  0.45056517552544578
  0.46070523302698041  0.47099748463315627  0.48127603329552116  0.49143267426907139
  0.50171722544085240  0.51212987977282309  0.52252127854496944  0.53281571319066512
  0.54312067008185871  0.55338913688049352  0.56369576224057294  0.57418956267158139
  0.58467406679219303  0.59503952318887687  0.60535230044084087  0.61582331822617020
  0.62640801037821814  0.63687324230860110  0.64747472466504530  0.65819056751601879
  0.66877552746684832  0.67920001682082720  0.68948669138613128  0.69982675323879606
  0.71039032017631365  0.72096078528322771  0.73135788291198456  0.74141632831556126
  0.75143439901510278  0.76161406282774846  0.77193352513450508  0.78217962849889033
  0.79228844269339505  0.80238524945967815  0.81258943560841435  0.82287591641520141
  0.83308980513937614  0.84338729381267596  0.85387142989322107  0.86469212554160146
  0.87557034964614899  0.88617280327063785  0.89674688315131590  0.90708009603622630
  0.91732299046881582  0.92774336292863258  0.93812325054510193  0.94883538942670242
  0.95945100996951904  0.97011361041704991  0.98087670648833991  1.00000000000000000
 -0.01954395054311639  0.12196640130984809  0.15980767287389785  0.18286172116320079
  0.20085696946449491  0.21590312378053700  0.22906565174642979  0.24083636973535191
  0.25168916584236217  0.26157082498421841  0.27108237651238698  0.27983655822539621
  0.28837671879496363  0.29648480244922393  0.30430350435618536  0.31190416251849140
  0.31915930700886641  0.32624231940083631  0.33315374407309323  0.33988915617587689
  0.34646831198978112  0.35297964906961549  0.35925165599576953  0.36540538105937731
  0.37150044412368050  0.37749894193231526  0.38340176913416940  0.38924262133259507
  0.39501054242490158  0.40068521836690296  0.40629382294190791  0.41187291102500528
  0.41741417116639590  0.42289794741551628  0.42836304748238352  0.43382214694064880
  0.43923281759779820  0.44460145169954696  0.44998295350084172  0.45531194513638362
  0.46061353621010065  0.46586801701328445  0.47109678072391992  0.47633782775958949
  0.48158235143694689  0.48682351407228308  0.49207604114103548  0.49731303511149549
  0.50251957806450043  0.50773068947637723  0.51292151333424518  0.51808538880632360
  0.52322610664066105  0.52836500174905321  0.53350786036153608  0.53867349000920262
  0.54389285136981369  0.54915789997411280  0.55445766199365099  0.55979072157243914
  0.56514075573048006  0.57053124852471004  0.57595903642679636  0.58142438249341888
  0.58704330453860609  0.59271927939909541  0.59839948626768746  0.60411621165951412
  0.60991260056208418  0.61579157308893007  0.62173647787790265  0.62780255431238641
  0.63402193616949676  0.64025695339420308  0.64659448186221613  0.65310765648409252
  0.65973873511744241  0.66650158743310128  0.67344812327523085  0.68054397216446705
  0.68783756197655133  0.69546590639480510  0.70331900817656068  0.71141475110859331
  0.71996679170895883  0.72875168279306524  0.73824937098326804  0.74813678199969491
  0.75894002082078438  0.77062099387800864  0.78371279931155691  0.79867251728805322
  0.81655617033346750  0.83939038212786365  0.87694254418117490  1.00000000000000000
   7.9426428128631037E-042  -1.0000000000000000     
 F F F F F F F F F F F F F F F F F F F F F F F F F F F F F F F F F F F F F F F F F F F F F F F F F F F F F F F F F F F F F F F F F F F F F F F F F F F F F F F F F F F F F F F F F F F F F F F F F F F F F F F F F F F F F F F F F F F F F F F F F F F F F F F F
  <DiscreteSampler_grid>
  grouped_processes
  1 # 1 for a reference and 2 for a running grid.
  10 # Attribute 'min_bin_probing_points' of the grid.
  1 # Attribute 'grid_mode' of the grid. 1=='default',2=='initialization'
  0.0000000000000000 # Attribute 'small_contrib_threshold' of the grid.
  0.5000000000000000 # Attribute 'damping_power' of the grid.
 # binID   n_entries weight   weight_sqr   abs_weight
    10   10   1.076566303019204E-028   3.449337936245518E-056   1.076566303019204E-028
  </DiscreteSampler_grid>
