  0.00487677879649306  0.01547900269281474  0.02758735986399878  0.03937076625312529
  0.05078844123549361  0.06196052633496083  0.07280034182159804  0.08354820098015180
  0.09427953794479021  0.10509197081376749  0.11604600457024439  0.12712066712771322
  0.13815283798187722  0.14912573388287309  0.16002076693125802  0.17060624554147794
  0.18106636994004510  0.19130627035049139  0.20152505313754374  0.21160909356917040
  0.22169360817950187  0.23167903233181641  0.24161441612974399  0.25173819759123961
  0.26205993346005380  0.27242582661571768  0.28269276163691964  0.29298313881282190
  0.30350652311886150  0.31413612447035449  0.32484614581837090  0.33537149393299509
  0.34559387866525015  0.35562202532426695  0.36574028109405865  0.37596882877650784
  0.38620279184751921  0.39638932167481827  0.40678088578020954  0.41732943591178973
  0.42784688176160307  0.43820836277654751  0.44856576892024208  0.45897041793476806
  0.46946208802850448  0.47987336833859529  0.49018227110227947  0.50054567214773571
  0.51115103008867513  0.52174604066761077  0.53218145003748307  0.54256953837407373
  0.55316137995695369  0.56363245367958625  0.57376747242088000  0.58391092697257163
  0.59418253710161417  0.60468964663202396  0.61512289747039783  0.62565081857046012
  0.63657572941533946  0.64767756699859247  0.65853577886381431  0.66916946354866202
  0.67970094625930466  0.69016886416559509  0.70044397694868299  0.71051045779603150
  0.72078629843993680  0.73115600168292638  0.74177582233271877  0.75246447604828282
  0.76329893260439952  0.77389362562757458  0.78432155541263715  0.79465708004384106
  0.80513402278658452  0.81567139200988414  0.82615828776985578  0.83644373188268550
  0.84643275304287957  0.85644115343182814  0.86659161054632095  0.87664673884511657
  0.88645552499369318  0.89625973809925663  0.90639383997278211  0.91662811993657545
  0.92659184846495035  0.93639804763245404  0.94617862745246595  0.95597123175484233
  0.96550889930213002  0.97458122413968451  0.98346765674832870  1.00000000000000000
  0.00509445055005605  0.01547316463141989  0.02711168223362084  0.03881737381613787
  0.05030742609072992  0.06182923576722649  0.07322369484593895  0.08432337329688275
  0.09510985022196604  0.10562605575371520  0.11601381783311056  0.12656437659528985
  0.13736096003119461  0.14824750023246722  0.15915040266735420  0.16999334652360346
  0.18080079248862593  0.19158725699600010  0.20239016554061584  0.21318879444406746
  0.22377523011970268  0.23423684024000990  0.24468525854418988  0.25522089071226917
  0.26563749701648109  0.27596164005609858  0.28620467940739180  0.29658864821644959
  0.30698705605904103  0.31749916968962938  0.32813044310070327  0.33899239592021319
  0.34992025600069482  0.36084394624843319  0.37169452545663151  0.38254535814790858
  0.39337621913290155  0.40421371230297554  0.41483472450844106  0.42513218652818729
  0.43521214666708580  0.44543448400563185  0.45583789903081323  0.46623579096399942
  0.47674072118207261  0.48745117024645834  0.49832640537313727  0.50896380600223812
  0.51957893192990323  0.53027558756360049  0.54097390408464630  0.55152711767683726
  0.56209320427849263  0.57280124913943931  0.58357152780933153  0.59404418253325975
  0.60421183231326603  0.61432292588821602  0.62463107195675416  0.63517207672705966
  0.64571846346833517  0.65630609145425078  0.66703667565828140  0.67782407420414348
  0.68875810073976629  0.69965668012481141  0.71038948942068891  0.72092878088503332
  0.73144516738901577  0.74185096650498616  0.75203952950595931  0.76202535568382390
  0.77205352584677245  0.78222015617859975  0.79246995172939572  0.80272259575066451
  0.81297375241641334  0.82322119329753862  0.83346451978973124  0.84373191062076058
  0.85399727219222621  0.86434911850270257  0.87463608109537216  0.88502178547091026
  0.89559460418451609  0.90636798874046565  0.91716752248466915  0.92737487965448895
  0.93747483463517656  0.94707349524862694  0.95684481743915706  0.96617557140590682
  0.97544592876269620  0.98405977126766753  0.99229618983333068  1.00000000000000000
 -0.00247695251294445  0.00923514057269542  0.01932992739684074  0.02966834581337551
  0.04012831245625064  0.05070358459066018  0.06132057465322512  0.07177491255519125
  0.08235350278347049  0.09304641890117397  0.10407208607860713  0.11503208757368794
  0.12573364557168878  0.13611670290133607  0.14629867590307205  0.15643080323523670
  0.16656488291458849  0.17725432698404886  0.18793071813631898  0.19853522109107644
  0.20881006486148510  0.21947488981570923  0.23027261068827889  0.24081988012823591
  0.25118796524054909  0.26150832131619750  0.27192804698310286  0.28251783998199764
  0.29297421927401629  0.30358904342677268  0.31418397270881260  0.32482586664301427
  0.33522955925692083  0.34529819900265052  0.35535345810604718  0.36523668108749480
  0.37507397974635270  0.38498775603059826  0.39506370167273386  0.40530597805772423
  0.41566937840025830  0.42620321928323052  0.43684264365018693  0.44737613808227039
  0.45769744352224717  0.46861723820965145  0.47944526004799093  0.49062253006417372
  0.50156337971007492  0.51257040821759947  0.52365271563652005  0.53465629730485931
  0.54551144132972929  0.55630953726271781  0.56689404179230118  0.57730723018619456
  0.58748857320821390  0.59767058119213001  0.60805987916052129  0.61834607556402221
  0.62872227646260681  0.63915159940499189  0.64971278966218460  0.66010761830174713
  0.67041071054739265  0.68080013662211425  0.69140048403000653  0.70232441908242804
  0.71302590175725811  0.72356727983769165  0.73398450760103229  0.74438353936861368
  0.75483158998122002  0.76531500011136622  0.77606139184946121  0.78707304311530923
  0.79820619604174214  0.80923392256529869  0.81996582010571750  0.83061877474023371
  0.84153775360398875  0.85239625050271950  0.86314952962642133  0.87393534903362957
  0.88497027066026879  0.89601458572013837  0.90659989376497818  0.91715284985769929
  0.92737970992705843  0.93771997438018484  0.94807974893636238  0.95823515090027855
  0.96857604866287272  0.97903265260524008  0.98954054206031394  1.00000000000000000
 -0.00240915770000840  0.00964400246582485  0.01971048444029340  0.02993118498223419
  0.04035020989110988  0.05110826502509561  0.06178549390671555  0.07245157928294643
  0.08302900304094628  0.09387671889735846  0.10468009942942305  0.11551058756222668
  0.12637814246201409  0.13690351693321245  0.14730789124131952  0.15789481485788193
  0.16846323643339203  0.17912538875627895  0.18964530870735177  0.20019233419118018
  0.21064663182235061  0.22126261823124807  0.23179335896841649  0.24240553178326332
  0.25291129869497120  0.26331322538196594  0.27367150098665843  0.28377143108830982
  0.29389188991651327  0.30415768584338260  0.31449372127618996  0.32499168717413818
  0.33536030660103755  0.34573773417642933  0.35636229130727298  0.36670023873456298
  0.37722737390541838  0.38783180122734412  0.39848341065223569  0.40871822809843633
  0.41895704259234018  0.42960035020550286  0.44034884277615921  0.45113095051979196
  0.46198275701170216  0.47275504243100075  0.48337893841270158  0.49379713644419576
  0.50447127562213867  0.51530428463402012  0.52640617376860332  0.53765665961001119
  0.54873869862776403  0.55961146872497569  0.57034096298666803  0.58108918125802211
  0.59186323244380545  0.60260095522542412  0.61324230239751776  0.62378886852662019
  0.63415766911461235  0.64456654228088506  0.65487221632966230  0.66528048387707395
  0.67552370398931139  0.68553711527181527  0.69604874794302907  0.70660701852511798
  0.71766323005976929  0.72866003101181132  0.73957976683956250  0.75037182580890693
  0.76094128349897627  0.77135410913233404  0.78177543222982881  0.79191591910758707
  0.80243289150152264  0.81283047979647705  0.82317624981076887  0.83362030534572484
  0.84432223315816279  0.85506817787299261  0.86553733839482183  0.87623645257408922
  0.88714891998738032  0.89806578652594748  0.90836550593483800  0.91847649675367360
  0.92859561090935450  0.93855212410532340  0.94867723100209000  0.95873882186728876
  0.96923903829060942  0.97937365986465830  0.98971159542276554  1.00000000000000000
 -0.00258630389303576  0.01000302442903626  0.02049406432463452  0.03152227245786262
  0.04264154848058822  0.05366498321696068  0.06477641984143408  0.07556177886400604
  0.08636927886740774  0.09682474844862934  0.10730970781476577  0.11780909311757984
  0.12819392903220311  0.13854649547850761  0.14884031946023424  0.15912016606274637
  0.16974773692549322  0.18008895620268364  0.19054568127325003  0.20059007363852882
  0.21062975848231888  0.22071619392018371  0.23097361390949653  0.24157866072402456
  0.25215925061134953  0.26276900889119248  0.27358044215518212  0.28442063880009855
  0.29526397517498870  0.30594565567551957  0.31659450608772305  0.32716757764819998
  0.33758308811967036  0.34783888230086590  0.35814250161339978  0.36847208681448484
  0.37881017067324929  0.38915091814919972  0.39973486809535436  0.41003704485560188
  0.42019936797319118  0.43005044032184520  0.44026557534399735  0.45052825766832993
  0.46086134252895211  0.47137381549560142  0.48206868219932963  0.49286045067751583
  0.50356149740260847  0.51404194928476343  0.52443077262055715  0.53461099683431168
  0.54494106188119895  0.55538115527812193  0.56613534906383456  0.57689790380106243
  0.58759034574067770  0.59807818379740807  0.60845997999389012  0.61878992831414059
  0.62925884854219005  0.63982909891724304  0.65063407275354468  0.66153057287398620
  0.67220554236079944  0.68258491889571082  0.69275627460722478  0.70322115880467095
  0.71363735547305807  0.72398499398415173  0.73431276938024126  0.74450150463745668
  0.75465762219013854  0.76486922161006043  0.77515706510351845  0.78550261816611844
  0.79582688150149516  0.80649008719319615  0.81689213707188690  0.82712581630120852
  0.83764143414052472  0.84849138623342346  0.85910764824812358  0.86922400445419468
  0.87994266723999393  0.89111469891060491  0.90220019129662532  0.91295216690786318
  0.92344116716256641  0.93402965175245456  0.94481534160325842  0.95549801561119152
  0.96608894228589093  0.97684290512235195  0.98833271353122609  1.00000000000000000
 -0.00248166364227446  0.00935098433953782  0.01946076122444553  0.02965896569173053
  0.03985424628236972  0.05010849413076945  0.06045772630993863  0.07059358784111025
  0.08073253374141716  0.09109606305298414  0.10163947983598767  0.11196702423249325
  0.12235274136891630  0.13289428417332938  0.14362744581071293  0.15416222434270380
  0.16454897726386614  0.17506981520352771  0.18557229066084380  0.19616613584527301
  0.20665533981478673  0.21722584696715927  0.22780928214320406  0.23847114864189553
  0.24914216812383314  0.25982923211584347  0.27042818531322171  0.28095973712813649
  0.29152554378221124  0.30199367524901471  0.31256540350757223  0.32331283431753322
  0.33411044715834332  0.34482962110147919  0.35541227651640950  0.36624089215788480
  0.37709034773480865  0.38781873509774845  0.39833554431748863  0.40862265139395243
  0.41920733309145242  0.42984346278316116  0.44032849156214104  0.45048634034849222
  0.46079368915162483  0.47137171775247960  0.48184692674256557  0.49194175338993107
  0.50208339110719247  0.51229319257449923  0.52257920106987388  0.53301139821832777
  0.54353295474730323  0.55439888262162740  0.56512373198205190  0.57582440565097737
  0.58645670830961538  0.59724803243095170  0.60816231225957262  0.61894688047130419
  0.63007169591395207  0.64115763742544918  0.65214760170558772  0.66291754469020170
  0.67352094507997362  0.68408528964650273  0.69481616669914448  0.70547436489006410
  0.71613422178807606  0.72661382531043406  0.73745976182682138  0.74843772397045516
  0.75911927347581054  0.76982151005749133  0.78054765011141092  0.79142232281548763
  0.80193455709207329  0.81247669045256687  0.82292479775533911  0.83336132711802491
  0.84368797319453059  0.85379954451998119  0.86409378989656516  0.87447315064827469
  0.88505089626195810  0.89573121468334216  0.90629310981556044  0.91682270004894395
  0.92723120234739098  0.93737893283499951  0.94779307930295587  0.95793442270100704
  0.96841377681840113  0.97866443712335249  0.98936111577751229  1.00000000000000000
 -0.00244924327725854  0.00929170448980795  0.01925488418345761  0.02971440422674120
  0.04008133044430322  0.05067587367556883  0.06118320247250080  0.07177423218063016
  0.08221652467419316  0.09299727558239015  0.10361197083613016  0.11388611699295105
  0.12427383786000047  0.13471216363130772  0.14531505448632145  0.15586962399090867
  0.16617231703945759  0.17679512597238567  0.18729641862580701  0.19804202392506684
  0.20880816853640269  0.21961493074984748  0.23057979349268645  0.24129327710621284
  0.25194392717883995  0.26201783698006892  0.27223987777857611  0.28234630793906823
  0.29246753553820859  0.30281542945804668  0.31310910127096986  0.32379680429967000
  0.33445937728727632  0.34522446595011819  0.35570519177199428  0.36605065131040299
  0.37642760253292379  0.38731566261760186  0.39807684478901384  0.40873891016452796
  0.41957476745811428  0.43063325563874694  0.44167171615508294  0.45253238935156892
  0.46324660534688822  0.47412537506203078  0.48481370691704762  0.49539384759632332
  0.50605581846711611  0.51653734403232787  0.52704387789936846  0.53742603847683623
  0.54821729020389742  0.55940339269119665  0.57032292284345676  0.58110788373027622
  0.59189929177961220  0.60297279973071150  0.61353042629228871  0.62388472460626510
  0.63416472972366222  0.64452226420853320  0.65479068775843674  0.66515077270894829
  0.67582461539015248  0.68657041530221696  0.69703173334473334  0.70752035144887826
  0.71779138739363868  0.72806079459546080  0.73810262456809028  0.74801089286173505
  0.75816608627067583  0.76826562779916974  0.77913032266830684  0.79000846657192225
  0.80124070931205771  0.81225910277843272  0.82267614615145235  0.83307345630108420
  0.84327435779751525  0.85340518764935891  0.86322832839547459  0.87308863913551737
  0.88367281799429187  0.89448599770059289  0.90524458143283193  0.91601060574459769
  0.92694721164144323  0.93785383114418586  0.94833052160163234  0.95866993319332217
  0.96896237630928728  0.97934693452169730  0.98959623417339004  1.00000000000000000
 -0.00247543798779972  0.01022393738190045  0.02062226225387274  0.03117644061464538
  0.04174068120872608  0.05231272708464658  0.06286244797450651  0.07321149063743282
  0.08353700503843794  0.09389493035959817  0.10417770750913796  0.11432943795236442
  0.12451167728520569  0.13513694124815301  0.14586970220788933  0.15663262957453336
  0.16734834260657472  0.17822532249858641  0.18886123884924175  0.19932467429023440
  0.20996205773456936  0.22078797736891184  0.23145856439549603  0.24186271632845591
  0.25218213747776180  0.26255907780035609  0.27319918956507860  0.28367577196234700
  0.29404650226648260  0.30439549197123628  0.31490954712519076  0.32535185241992409
  0.33585846826495352  0.34651525179823722  0.35715751553355901  0.36795974264297310
  0.37884972741418144  0.38995877521235811  0.40058962740720228  0.41106191629903954
  0.42143021882047443  0.43184879137709981  0.44198300487696973  0.45216555858412832
  0.46258690883880088  0.47358147996666422  0.48412524051753941  0.49452649334937326
  0.50498634024457978  0.51580101033604220  0.52630019687212626  0.53643505106498668
  0.54673529477628746  0.55737788025007906  0.56796125876777204  0.57828381117330219
  0.58846483064770361  0.59871501469454402  0.60899404102028099  0.61956344780662531
  0.63011818340507830  0.64090237797429994  0.65139499601058648  0.66210889960975272
  0.67258663117224859  0.68339316713030884  0.69414951295322669  0.70512906531702757
  0.71578892426787155  0.72624985991457414  0.73658208745809550  0.74693871819865743
  0.75744121969751721  0.76767853232645278  0.77829946305487496  0.78881116558677455
  0.79951845388093212  0.80999581930913611  0.82063455612038627  0.83149147709902183
  0.84220182345524008  0.85294731133888246  0.86329056760340916  0.87365614678230352
  0.88380449467892663  0.89393425548376881  0.90436145007519142  0.91501754490046849
  0.92562572087675210  0.93614295926354063  0.94673847848343562  0.95745206959372375
  0.96813768948691181  0.97878282329149235  0.98950262563790725  1.00000000000000000
  0.00940677379785403  0.01652828152767425  0.02559526601767742  0.03644797689325557
  0.04682277133912148  0.05737346619865510  0.06787437288495939  0.07850947672708120
  0.08894680699395748  0.09934069167172489  0.10980579645207320  0.12022972516991812
  0.13060358082014173  0.14084622133008357  0.15127640989280997  0.16182553275037964
  0.17231412193309964  0.18288866261702991  0.19330126848977530  0.20365235476192364
  0.21397900018961313  0.22440803914834301  0.23481206650200659  0.24525367514426294
  0.25592070995050048  0.26680578481345063  0.27750558865330394  0.28789015886071939
  0.29816030560304918  0.30836091260669335  0.31867319316438836  0.32895578193133967
  0.33931266514858072  0.34984714357510588  0.36050742484865406  0.37129610425062376
  0.38196342546218048  0.39245526316796403  0.40291547129430161  0.41336630706704119
  0.42399175363889247  0.43484844238930281  0.44564539670812564  0.45622865092399112
  0.46678168801958708  0.47734128217942340  0.48783410495147855  0.49804138312126961
  0.50842269306227983  0.51889391312969446  0.52945690452100003  0.53982499349445467
  0.55004693955806083  0.56014956797107729  0.56999334199183305  0.57993670085880300
  0.58987626770210821  0.59986612764829450  0.60975734541486637  0.61973496300664599
  0.62992273859874515  0.64031711814979975  0.65061280396752197  0.66110654994098450
  0.67157984495681933  0.68211564439380046  0.69248189389070480  0.70287843229030411
  0.71334460489220108  0.72363558043088749  0.73384517858440457  0.74418710872083937
  0.75492170082724763  0.76593846801804366  0.77682061944150771  0.78748343370802076
  0.79809081857094633  0.80888714579978926  0.81967733099711260  0.83013566603003353
  0.84032287173232356  0.85062974314298467  0.86117225437051792  0.87192036182298982
  0.88250614227033231  0.89304677612348726  0.90350289247581150  0.91389358428574952
  0.92412720506848256  0.93443244884202048  0.94493258410530445  0.95548410354502855
  0.96596599283635254  0.97654671251277769  0.98777529171610234  1.00000000000000000
 -0.02003000702557017  0.12059785131440123  0.15945710929080259  0.18252635215068050
  0.20041326837050000  0.21542130610217589  0.22863484751397553  0.24042462961298414
  0.25139577205427655  0.26128042220748104  0.27078579065812636  0.27953983135301985
  0.28809056369170477  0.29624973424120621  0.30406525455790118  0.31179157521688877
  0.31917411931362083  0.32640914834310342  0.33338581959240665  0.34010176312228740
  0.34662544754119967  0.35305557653656650  0.35933017748245644  0.36553444035645238
  0.37167814299743529  0.37770253872638260  0.38362215566923608  0.38948666823748629
  0.39527765710750007  0.40096508583900425  0.40658762384123859  0.41219039645745897
  0.41775019481862946  0.42323130773461443  0.42866259417715136  0.43407725729260288
  0.43944430901937293  0.44478716419494008  0.45011191203232592  0.45541482495137497
  0.46068767461957144  0.46593542021399614  0.47115917945933289  0.47635966560183463
  0.48155834017147692  0.48679069755615195  0.49206435157953721  0.49735798410479987
  0.50259468030706678  0.50782504415994167  0.51303313470512379  0.51824324263345900
  0.52344011473224672  0.52863570711716845  0.53382859465469934  0.53904020731854152
  0.54430233165068520  0.54961241784364001  0.55495161812962968  0.56030421800359831
  0.56568932438130315  0.57106762141457024  0.57650970528960777  0.58195759704815997
  0.58749520830856783  0.59307102906049092  0.59866795422931551  0.60435085317107995
  0.61016854185265723  0.61608576001883442  0.62205512672664109  0.62808948681946741
  0.63419446430305149  0.64034776722774001  0.64661631868902825  0.65306655161487637
  0.65966331997259797  0.66640744697340526  0.67331806945625472  0.68042414141061758
  0.68765720081649984  0.69529207740012589  0.70305482086621107  0.71101016723334076
  0.71950143673625810  0.72822475821454691  0.73782728273077025  0.74778353556755439
  0.75861001944965123  0.77033618934151415  0.78345896637941137  0.79841047168482115
  0.81617093043825728  0.83891781245590935  0.87638785384009854  1.00000000000000000
   9.3294931411015269E-034  -1.0000000000000000     
 F F F F F F F F F F F F F F F F F F F F F F F F F F F F F F F F F F F F F F F F F F F F F F F F F F F F F F F F F F F F F F F F F F F F F F F F F F F F F F F F F F F F F F F F F F F F F F F F F F F F F F F F F F F F F F F F F F F F F F F F F F F F F F F F
  <DiscreteSampler_grid>
  grouped_processes
  1 # 1 for a reference and 2 for a running grid.
  10 # Attribute 'min_bin_probing_points' of the grid.
  1 # Attribute 'grid_mode' of the grid. 1=='default',2=='initialization'
  0.0000000000000000 # Attribute 'small_contrib_threshold' of the grid.
  0.5000000000000000 # Attribute 'damping_power' of the grid.
 # binID   n_entries weight   weight_sqr   abs_weight
    10   10   3.725793610447897E-020   2.413389610788055E-039   3.725793610447897E-020
  </DiscreteSampler_grid>
