  0.00490209255164335  0.01496923896991629  0.02656852174618537  0.03856018972942782
  0.05003568952202448  0.06126350076375951  0.07261245649039648  0.08379482780679559
  0.09490495693621802  0.10573960640394846  0.11654731619408770  0.12729979164257213
  0.13789820498892372  0.14842778257181427  0.15899895623961058  0.16962542752443224
  0.18046245347376319  0.19131048011961382  0.20207280612651277  0.21260015548419606
  0.22304069811626420  0.23360557985808886  0.24410196302559697  0.25475840461562876
  0.26545197533773374  0.27615077617854122  0.28668701562022919  0.29718824273495847
  0.30784633142658829  0.31871160283644900  0.32985253831801148  0.34103351838548090
  0.35199200721832841  0.36295141369676676  0.37382008900213004  0.38474808039599656
  0.39548435561682577  0.40625708301351288  0.41688926001704402  0.42735785504613272
  0.43784636159640311  0.44839705588551954  0.45897079242236766  0.46943443825347819
  0.47997590153104397  0.49096497958144875  0.50196403984189264  0.51287398851135901
  0.52360187125988256  0.53449009592105379  0.54558031920129979  0.55630110194081250
  0.56672998703971955  0.57674331206363472  0.58693652244584182  0.59726653183581435
  0.60769438083955285  0.61803440793689723  0.62820193300126381  0.63839465995453415
  0.64855522168560020  0.65850620131990167  0.66844619687506546  0.67848680577381493
  0.68855647239128226  0.69869612148702298  0.70885416766550702  0.71898074568987569
  0.72915170743137814  0.73940388270528346  0.74966381769683699  0.75985585054427796
  0.77000026735837168  0.78037771113744259  0.79108778669302537  0.80185157009046426
  0.81274825887633317  0.82350536605890823  0.83401408396889165  0.84426964393310444
  0.85461441635878477  0.86494426637287225  0.87510395431396371  0.88493767073056540
  0.89473822124620828  0.90481889772743451  0.91488276065669016  0.92488508908114531
  0.93476250380211368  0.94478202062151051  0.95462455177945982  0.96414377538428020
  0.97326254507611820  0.98242220960634741  0.99240810983275662  1.00000000000000000
  0.00498988578730814  0.01482215612679618  0.02631491856932985  0.03778833145882660
  0.04882758172058210  0.05962857980835902  0.07032202683201599  0.08097483215541466
  0.09171987303593415  0.10240009757226835  0.11285904171416526  0.12325819427636833
  0.13372331954884101  0.14438807771725143  0.15513164697259835  0.16581230086266507
  0.17643792735484828  0.18697113672481078  0.19741851718709899  0.20781030290208910
  0.21823530439771818  0.22860135156273695  0.23895136139994869  0.24920106933703023
  0.25964807877484863  0.27010075998356986  0.28062117245371715  0.29126772962323477
  0.30191408498823286  0.31271570691886152  0.32379436837967651  0.33508870280334985
  0.34653688012364203  0.35754223885827668  0.36810573798413498  0.37875118719825246
  0.38936231167596408  0.39986311082261083  0.40999948640865941  0.41990452049525190
  0.42970758608097975  0.43976467395577312  0.44996390320937885  0.46014800435562114
  0.47017741815181052  0.48014201519031957  0.49055080926485867  0.50094702476102815
  0.51161308419827678  0.52208072573800157  0.53245164410841328  0.54278699850524026
  0.55324732958863043  0.56380895269378040  0.57434230485734861  0.58487769053055216
  0.59544959455998303  0.60602647642347884  0.61664869026641866  0.62726504218266999
  0.63768615488001668  0.64796646548539816  0.65813037234107463  0.66827637687421293
  0.67837980957010557  0.68861003651123931  0.69904545510121086  0.70966757590701579
  0.72034040983835823  0.73084911006793185  0.74110621044468739  0.75113704972318274
  0.76108921796908324  0.77111009939476438  0.78126191774138276  0.79150717486628985
  0.80183377223488161  0.81220077029287152  0.82247695153039835  0.83276836170940327
  0.84320548119809557  0.85363242937491990  0.86371893826580759  0.87357572317628274
  0.88368655385032213  0.89396789955738598  0.90395616448135097  0.91367070821079188
  0.92371897837428107  0.93412561002572303  0.94444182833126000  0.95470876597401799
  0.96478067694725123  0.97434361897736177  0.98338560174609146  1.00000000000000000
 -0.00278780665806470  0.01027891223691543  0.02110787746094924  0.03156468110642895
  0.04199430042932367  0.05220918903578111  0.06261987808043210  0.07310696734297197
  0.08352309529999971  0.09435498150190004  0.10545655898246323  0.11678215770997263
  0.12783490742419584  0.13867972881848642  0.14926994094146806  0.15989149603831673
  0.17048168573217448  0.18116868722166363  0.19179137634235682  0.20235179315713228
  0.21324722254799783  0.22430745292652773  0.23523488037054488  0.24600379484014231
  0.25653167369045454  0.26705707662233535  0.27733978182561292  0.28771429674980842
  0.29828898117636382  0.30906721325072167  0.31961508216140522  0.32994730721434434
  0.33994727329535335  0.34979960526703996  0.35981205629124779  0.37013850053585889
  0.38072379558038777  0.39131875800722277  0.40191208026351710  0.41260256441167747
  0.42317720051172952  0.43363304804502778  0.44406502063063441  0.45443032836487174
  0.46473329193112001  0.47500652291990592  0.48543206956244167  0.49577055274182708
  0.50587454647333363  0.51586076611308551  0.52596456347448195  0.53620836570018293
  0.54642659540345928  0.55677184605949448  0.56722234527035309  0.57770724050170330
  0.58815569536378143  0.59858467191396791  0.60911257839672717  0.61966149967987894
  0.63014401327723368  0.64077283889873671  0.65169639768965204  0.66282621045426182
  0.67391952587983550  0.68493319883850046  0.69602212138905717  0.70703200835591573
  0.71823530722734708  0.72928241865007981  0.74032062464145187  0.75121722326681561
  0.76210067258198999  0.77268390878363513  0.78289459874124490  0.79289572168901579
  0.80271685288717221  0.81259845229722238  0.82245967559096966  0.83244011909508220
  0.84249344780466351  0.85266460345794259  0.86284092581397054  0.87315002214221393
  0.88344240898392690  0.89381357737424583  0.90475526300359133  0.91560335124727243
  0.92645003800231540  0.93712162102424412  0.94777925423180065  0.95847647447973128
  0.96911536875632764  0.97963620885084135  0.98990187945712593  1.00000000000000000
 -0.00226426169931995  0.00960583933516528  0.01949952275776594  0.02997315752482572
  0.04062990229064953  0.05112741009446965  0.06162424285757833  0.07260212677361248
  0.08373652844434691  0.09436020529057515  0.10518695623132107  0.11536088912308828
  0.12551870954866592  0.13545591594784176  0.14555994462304661  0.15596146729537519
  0.16602118866393861  0.17640291540267938  0.18671371470733222  0.19758625199762553
  0.20884472370929036  0.22033990565762138  0.23162800699584984  0.24243169015267543
  0.25310455426385148  0.26368234917365369  0.27401494325450493  0.28418264859077813
  0.29430307983853454  0.30479820807924596  0.31536538261688951  0.32588488592200165
  0.33639308960402475  0.34717214278813774  0.35773777956562608  0.36815295200962217
  0.37847739335504665  0.38892259897380910  0.39927110286938411  0.40949390225332644
  0.41963651613590125  0.42985960847939503  0.44022277627211703  0.45101883144560140
  0.46171274506223403  0.47219772844307445  0.48249785842846155  0.49286799480586735
  0.50337941457274094  0.51379342002961348  0.52434049139373473  0.53493113872716680
  0.54571310833466702  0.55652844576614491  0.56732565803194823  0.57790410249786772
  0.58866578043047213  0.59946842966936265  0.61042588285446564  0.62123825230928920
  0.63197236749121943  0.64250172198474953  0.65290662078909056  0.66313223406154820
  0.67385295962492242  0.68468356716105117  0.69554393379703072  0.70623616636986442
  0.71694551589054623  0.72778795270159347  0.73839696223025930  0.74899860325363299
  0.75942574248553973  0.76979596837735809  0.78019281577864874  0.79070775405662719
  0.80134907105248132  0.81197241116178620  0.82260921676351029  0.83336149182165842
  0.84388219934737474  0.85449188412529065  0.86486143684261796  0.87560975660895080
  0.88653013404244485  0.89706102315400671  0.90750832392243586  0.91762153080508813
  0.92845452812882590  0.93943488019066146  0.95041870741457979  0.96109881539480124
  0.97111928112426016  0.98095326459164223  0.99051704662170625  1.00000000000000000
 -0.00231632282470441  0.00897761132235175  0.01864283198187862  0.02896662013157464
  0.03949454632317909  0.05013658787594399  0.06084798702776165  0.07125647347881335
  0.08148279009830194  0.09123678692072150  0.10103012768270447  0.11119169642618616
  0.12150645457707285  0.13180419787986306  0.14195604334914869  0.15222959560805285
  0.16242166424721727  0.17245169227997897  0.18273215125704698  0.19318564316890707
  0.20367669180626397  0.21413415395065624  0.22458144795616769  0.23517866160707512
  0.24582073814731095  0.25650605397217696  0.26731421832072144  0.27820494993669670
  0.28884192124488783  0.29949637764527631  0.30989559830526137  0.32058948691560163
  0.33130604527830665  0.34154744288219602  0.35189709741565106  0.36225277443112458
  0.37257680571947877  0.38258496340513082  0.39265609381604843  0.40321623827740022
  0.41396069987746692  0.42463875844908477  0.43506512250888729  0.44542565381964710
  0.45605697411726365  0.46680887680151967  0.47740150247040170  0.48796012509959436
  0.49833128714163116  0.50893557621321628  0.51954010143530727  0.53005393231196030
  0.54080929994289262  0.55083042639886026  0.56083207207528940  0.57092586510070220
  0.58088048165402384  0.59110228447863822  0.60141169241961001  0.61195096350817224
  0.62257379222796660  0.63283731900560858  0.64323001898845178  0.65354668333899024
  0.66411985335641033  0.67472176971429909  0.68530255717488164  0.69565781858741704
  0.70599889734934607  0.71652569931842569  0.72724115187333316  0.73800576444864796
  0.74885205493442242  0.76011723161890388  0.77162373386882721  0.78280445571073476
  0.79390120798490937  0.80501755126174301  0.81599124711596260  0.82664243430010831
  0.83739542872473616  0.84822065657648260  0.85883547979110630  0.86931706540571729
  0.87981033751829085  0.89065909621197337  0.90147897872716343  0.91225674106055232
  0.92289238002650664  0.93393453156638706  0.94509314592162330  0.95614682730601053
  0.96703088542292570  0.97799550190792173  0.98898075002696773  1.00000000000000000
 -0.00220880227737314  0.00963899251925155  0.01982570043846770  0.03026373851152363
  0.04073061804161714  0.05118975919346568  0.06180866087079791  0.07232925782916670
  0.08270625180405763  0.09317530481081003  0.10372952275850823  0.11417462930669262
  0.12454822074002356  0.13469972382996964  0.14484392197560780  0.15493289602332411
  0.16486695772416221  0.17481385518176301  0.18471243539956086  0.19504859500018124
  0.20563425838472862  0.21623565113758939  0.22676632324147572  0.23738503164725328
  0.24808253382670253  0.25890138434046706  0.26950021442680433  0.27968630385143839
  0.29000417626836766  0.30080622999529266  0.31182464164135548  0.32231905778828041
  0.33250769772745364  0.34303590857929511  0.35388917510411105  0.36458086982387022
  0.37536346114498637  0.38582701415560489  0.39625825991881630  0.40648478512963010
  0.41674714361177384  0.42691486754150876  0.43692995499660220  0.44743425145867899
  0.45815825807525917  0.46878701175975707  0.47945518313242630  0.49043266713543193
  0.50170117747692944  0.51285616126314726  0.52375328140716515  0.53424018617891722
  0.54456119524038515  0.55478762696624973  0.56548572072708614  0.57639844688004549
  0.58722821180241136  0.59795926973367286  0.60868167033363785  0.61961526357372032
  0.63039301291646133  0.64118536443784302  0.65197280824122661  0.66250901252082273
  0.67299580409378834  0.68341827514896802  0.69391465028782617  0.70450222317801403
  0.71506039373269037  0.72553325880583519  0.73590270655401946  0.74607508585284987
  0.75636256775740240  0.76643831377687399  0.77692722129549097  0.78753136462517614
  0.79837049073064492  0.80920069898347491  0.82006904181846119  0.83074966435585018
  0.84126882104507872  0.85204573578546794  0.86266963508459693  0.87333129709072366
  0.88382403109080088  0.89446911994391054  0.90473286276497344  0.91493282849364355
  0.92527656957678972  0.93555078079083787  0.94596443043173140  0.95625351697201455
  0.96716063482537129  0.97803320540396110  0.98909088437431092  1.00000000000000000
 -0.00263585266446228  0.00969160302267526  0.02030404578081131  0.03071571210539804
  0.04136910149331328  0.05214822017702150  0.06286461970053625  0.07319392942273041
  0.08331544457411266  0.09388915268974747  0.10444516285845797  0.11494859997406731
  0.12554919170575779  0.13596773823047056  0.14615072153932288  0.15616470876906346
  0.16639651480500153  0.17721522240234336  0.18820017560639879  0.19949013841845040
  0.21051153930878622  0.22157355461299341  0.23228030732574967  0.24274475812409213
  0.25318103009024978  0.26384871989070147  0.27429411241431118  0.28473553460817630
  0.29524601942287748  0.30590751681295641  0.31628213720038306  0.32646199566630979
  0.33666719847909693  0.34687914936179803  0.35720630494971994  0.36749432543106475
  0.37763690556985680  0.38783363872707838  0.39811067494704772  0.40867307008746734
  0.41929239670941004  0.43004242093858702  0.44070727816657312  0.45143261411845059
  0.46213236891767506  0.47278939257100833  0.48330804695576823  0.49358939668847085
  0.50410556466645418  0.51462833566804422  0.52544303678978599  0.53638369814554521
  0.54742241793667856  0.55844670625375270  0.56914113368314934  0.57980841155756768
  0.58986790473103556  0.60001790223845874  0.61020071395445430  0.62016835842668727
  0.63009049614629309  0.63991808726522004  0.64999458030152069  0.66017399000935739
  0.67046587771133548  0.68108242497231475  0.69184960705879883  0.70275274145557709
  0.71335439718987614  0.72389787151729135  0.73441414726171206  0.74519318187726669
  0.75623226355042816  0.76724753091103581  0.77785098215456483  0.78843931717920901
  0.79905644609881488  0.80976699722459167  0.82006905804442176  0.83002732310113669
  0.84036832886337021  0.85090504217529606  0.86158213016410423  0.87225508137321717
  0.88270477678576653  0.89324909260129559  0.90358759603212668  0.91414040047711675
  0.92473323856330314  0.93542719286491494  0.94641100391163968  0.95716311901945317
  0.96786689149887983  0.97842086032611664  0.98919172314924353  1.00000000000000000
 -0.00224583039245764  0.00928237304378321  0.01911872868457921  0.02912899644345174
  0.03930708476670392  0.04977868382771659  0.06017000437327144  0.07050324940282407
  0.08089959961184097  0.09118630351595812  0.10126855401872656  0.11136563313676637
  0.12158602727334201  0.13187457940068037  0.14221523879439346  0.15278375028659905
  0.16328499523061399  0.17376124069752738  0.18397378955552154  0.19407852633301828
  0.20392965039921851  0.21405972626972794  0.22442807161377970  0.23475544928879474
  0.24490731060942428  0.25509070758265595  0.26559358487985285  0.27622132063185861
  0.28700929521069640  0.29765158213631143  0.30799115935917371  0.31850018568251232
  0.32910173245794072  0.33958740203636356  0.34988865512637851  0.36034534654448391
  0.37102388791009744  0.38161788470013608  0.39199019079183850  0.40237752152690959
  0.41282834809053270  0.42333773642287637  0.43397826003421275  0.44469688390201911
  0.45561509236159042  0.46659212104564030  0.47764898221156443  0.48857913328640706
  0.49921636706071570  0.50964864846700186  0.52008443948926153  0.53079449367655451
  0.54169552822107836  0.55279832274558494  0.56380253351096243  0.57442224238277118
  0.58484641121418124  0.59517223137112196  0.60539573178861228  0.61591072278816617
  0.62670785570555609  0.63773879239670528  0.64870007602169133  0.65914349859486676
  0.66966410027743806  0.67982569189390196  0.69002465032373261  0.70046469670457256
  0.71078898331044005  0.72151408129733785  0.73218717157208646  0.74340647677310945
  0.75453327921184754  0.76540977328360371  0.77605584918655079  0.78651462120504501
  0.79708896929917528  0.80769513560877959  0.81846309088709279  0.82915290908879846
  0.84026500157696049  0.85105406782982118  0.86167881953496805  0.87206105004414824
  0.88248850012543956  0.89303929269384097  0.90379953286395009  0.91458551349419126
  0.92542995279033602  0.93614418854068138  0.94686404202050134  0.95741106067461867
  0.96786282910265353  0.97845032391016584  0.98922335895111335  1.00000000000000000
  0.00950276700211890  0.01638431363067718  0.02517044230635731  0.03579372952805567
  0.04619689411098293  0.05660800412899026  0.06700092822504486  0.07734028772900692
  0.08760746866141485  0.09777827685767689  0.10797723314276970  0.11823271426089176
  0.12834977954385343  0.13839545692214322  0.14840686072563225  0.15829387513118159
  0.16812768330655622  0.17791035196434266  0.18786502376228270  0.19803604405901479
  0.20841436600833668  0.21902573559158939  0.22976418720910763  0.24015092926359649
  0.25037693836032460  0.26057842680079640  0.27093101099717420  0.28128170774095806
  0.29149100048089238  0.30157891863196801  0.31171956355981967  0.32198702557259457
  0.33248751265261256  0.34296380183304587  0.35337189388459933  0.36388618283158919
  0.37440351775212150  0.38503135765524027  0.39556683755453481  0.40604914779695639
  0.41663036661773367  0.42745364274998454  0.43839690185401264  0.44925788307782100
  0.45990415676823121  0.47050949412660226  0.48101443304234481  0.49139505129036770
  0.50193525891392421  0.51253439761056419  0.52315953597845211  0.53367375958401309
  0.54415857716632687  0.55465484852791536  0.56520653903644202  0.57583560340886486
  0.58647911085028581  0.59705300141958573  0.60755663698681184  0.61813381067314410
  0.62883830973857979  0.63969988148006807  0.65057255717826135  0.66127616316742699
  0.67161296207405363  0.68169710467981970  0.69175163852703947  0.70180017021463748
  0.71198898220289419  0.72228460616169488  0.73274567705635330  0.74355121369901755
  0.75451846528741695  0.76535591287582128  0.77592652449301569  0.78622227183402693
  0.79657187928838025  0.80706160012760109  0.81768907574476268  0.82840441662524533
  0.83890108985026657  0.84918274157598095  0.85950535146746498  0.86977129019630983
  0.88001841069490983  0.89041447649370287  0.90054109923860470  0.91064588397109003
  0.92056533819057385  0.93060012356241151  0.94078953793045605  0.95088079041285012
  0.96095473526263797  0.97089515934784221  0.98083813453606838  1.00000000000000000
 -0.02051627690876187  0.12109615870896662  0.15933453219277235  0.18245644506951986
  0.20032113401610271  0.21526966542062259  0.22843507581937619  0.24015871415889620
  0.25095355716607859  0.26088627627872446  0.27045662164078704  0.27937984648028225
  0.28795208090378638  0.29609779583752094  0.30389543701482724  0.31155683508420839
  0.31880999792683895  0.32585160817141162  0.33269686350577410  0.33938570728092793
  0.34596081801872414  0.35243210724089469  0.35874741850071623  0.36492065832782794
  0.37106507080543655  0.37705653174242892  0.38294993956769185  0.38881914659045119
  0.39464307415935129  0.40040381143694920  0.40611236914137716  0.41178542260382089
  0.41742899371619657  0.42295265718785197  0.42840553147032712  0.43382521894820603
  0.43919743948200196  0.44451685858030265  0.44982309394589959  0.45511660904688400
  0.46041430893660779  0.46568998003048201  0.47093813878201152  0.47617564482733277
  0.48140385550459880  0.48665003406486923  0.49189814654590130  0.49714620312877206
  0.50235067231580510  0.50755576010329984  0.51274180613560016  0.51793169598232092
  0.52312395719652194  0.52832728053093647  0.53354501677332578  0.53880436819406430
  0.54412605997495511  0.54948655964270576  0.55487012407723657  0.56025159351784748
  0.56563128496340453  0.57107133495557727  0.57652912298305259  0.58199114761882986
  0.58750992305388183  0.59309394589029329  0.59874380327366361  0.60449887952015591
  0.61037703810539579  0.61632051474230565  0.62229095070316076  0.62835668231432529
  0.63452424376601180  0.64069110132836327  0.64695364720253745  0.65341837825734173
  0.66002463046353799  0.66678507498383677  0.67373667821931460  0.68085842770792715
  0.68818169854592093  0.69581149045311341  0.70361117584251942  0.71163034074419418
  0.72013339212082328  0.72889944906076709  0.73846067050984154  0.74833787617048120
  0.75910770469660971  0.77086483424049279  0.78410089425492102  0.79913325684511671
  0.81704603906211415  0.84014116138523476  0.87859604263873337  1.00000000000000000
   1.2481122498973802E-030  -1.0000000000000000     
 F F F F F F F F F F F F F F F F F F F F F F F F F F F F F F F F F F F F F F F F F F F F F F F F F F F F F F F F F F F F F F F F F F F F F F F F F F F F F F F F F F F F F F F F F F F F F F F F F F F F F F F F F F F F F F F F F F F F F F F F F F F F F F F F
  <DiscreteSampler_grid>
  grouped_processes
  1 # 1 for a reference and 2 for a running grid.
  10 # Attribute 'min_bin_probing_points' of the grid.
  1 # Attribute 'grid_mode' of the grid. 1=='default',2=='initialization'
  0.0000000000000000 # Attribute 'small_contrib_threshold' of the grid.
  0.5000000000000000 # Attribute 'damping_power' of the grid.
 # binID   n_entries weight   weight_sqr   abs_weight
    10   10   2.125755347381014E-017   1.368731951316369E-033   2.125755347381014E-017
  </DiscreteSampler_grid>
