  0.00496389038261308  0.01492419978461473  0.02642994828206268  0.03809285539287555
  0.04918526287103758  0.06006484666954774  0.07093107806727739  0.08172020020579952
  0.09247031799301317  0.10317562258102761  0.11386155773512090  0.12449596224176218
  0.13498284887188017  0.14556694417378546  0.15639877671353367  0.16745019500591732
  0.17837628665109112  0.18916638027948882  0.19979339679064448  0.21022785138187403
  0.22060260155555275  0.23119612872941428  0.24218761548196316  0.25327044808857885
  0.26428045669182498  0.27510462314530110  0.28581708387408533  0.29631904018314781
  0.30672318867501941  0.31722583811141564  0.32790468327966638  0.33858110326900087
  0.34924932790416202  0.35998182382823191  0.37097806745170431  0.38209908438146339
  0.39325609694664837  0.40435553985482742  0.41539980062276638  0.42641051102649430
  0.43722732661514302  0.44776659747924863  0.45814459175985128  0.46858361572873802
  0.47927456184397876  0.49027944829159192  0.50117577984436668  0.51160016316579693
  0.52180808172456683  0.53193439973185352  0.54206453787584641  0.55210655999863334
  0.56231741657623224  0.57298080958329056  0.58383890219262713  0.59468539146635102
  0.60554781920172662  0.61646913864967212  0.62717330327466558  0.63754168827664193
  0.64787099458787323  0.65837884122273826  0.66910914879150629  0.67987759660737845
  0.69065831681710643  0.70146233443472250  0.71222119187860855  0.72262474433241075
  0.73314713116945363  0.74311325088725699  0.75303893698045565  0.76278637284214579
  0.77267422430768606  0.78259935166802286  0.79266926877238375  0.80284986891072940
  0.81300138472082661  0.82296295161443878  0.83297586269588897  0.84315038644467211
  0.85351642340804401  0.86373280635436200  0.87414371822810355  0.88467204556105994
  0.89515239442993921  0.90516064133760155  0.91494749781683704  0.92487901629265301
  0.93491627983642833  0.94483399670619916  0.95457570394028746  0.96424958831715490
  0.97371943206332467  0.98283161615415049  0.99227509268272274  1.00000000000000000
  0.00510695179689066  0.01506572299694421  0.02687289991013007  0.03872014575060553
  0.05027361706775645  0.06190991486329994  0.07363697423904485  0.08544800439703749
  0.09720007520365430  0.10854424653779252  0.11949766544418057  0.13041624009411995
  0.14137547236044914  0.15232280299928383  0.16323090091861012  0.17412489304113971
  0.18497358381067913  0.19599603385379324  0.20689392068688883  0.21751746086360524
  0.22797914051788881  0.23849581214690024  0.24919462473340187  0.25994314688986014
  0.27064327935291549  0.28118966105598003  0.29161899259435681  0.30198851885575717
  0.31236109116864347  0.32252794334741447  0.33264813309960528  0.34289263636046596
  0.35322743799231615  0.36367778671817941  0.37437108013279530  0.38538540586636755
  0.39672763697605451  0.40786834505659708  0.41894579315011299  0.42964235655761607
  0.44016596152385234  0.45018101783932429  0.46031226137967701  0.47063428435123489
  0.48120032440157956  0.49165250778367736  0.50197142948941431  0.51217232248583899
  0.52234093417758853  0.53238058868877103  0.54251083094460906  0.55266507109396068
  0.56289984425204864  0.57315566871450507  0.58340888621721743  0.59380049416344116
  0.60434494974476360  0.61501478648995633  0.62574027348921046  0.63642889717131401
  0.64695819299934032  0.65741138551917999  0.66798887937720985  0.67885294802905272
  0.68964918819346444  0.70024176138814553  0.71069914780270205  0.72118457182777684
  0.73158359324131195  0.74202874301419475  0.75250772259771648  0.76294996480894250
  0.77333214390380511  0.78365000839457333  0.79392041344232067  0.80422415052291807
  0.81454974100768418  0.82499989351390646  0.83541027918965627  0.84576824011582785
  0.85591775116902558  0.86600591866796994  0.87614994386916778  0.88651983962131575
  0.89686862630337416  0.90716140891382258  0.91746245180911012  0.92773542819224963
  0.93782877412585441  0.94750217362634348  0.95698068478608644  0.96614808502936622
  0.97509486392223033  0.98369040755555082  0.99236571983450816  1.00000000000000000
 -0.00248633958670167  0.00953908437874617  0.01974941147387309  0.03009136095383729
  0.04044297672917194  0.05080283729175259  0.06113883927281814  0.07169264890311265
  0.08199273978261670  0.09225673685475784  0.10252123328226904  0.11291093812407156
  0.12352622647561592  0.13417402185069086  0.14475338218530454  0.15500783377695310
  0.16525401920763991  0.17553681073657149  0.18600849239134842  0.19643369419366050
  0.20687220572958667  0.21725460449229564  0.22763622232522343  0.23812344797908930
  0.24873469095168216  0.25928829468179815  0.26975511093207311  0.28041217367010507
  0.29104702570664409  0.30192497658547202  0.31295894445504535  0.32437633719092462
  0.33557492059387595  0.34638840208102034  0.35704779374110301  0.36760328340795645
  0.37802041161917338  0.38829336304061973  0.39852436505220901  0.40882857969489322
  0.41926080359056600  0.42997012991873551  0.44093619327302713  0.45200323170647855
  0.46277048162901907  0.47327827945082579  0.48375473351006454  0.49445533652061180
  0.50513269789754678  0.51579330458076977  0.52647251329286404  0.53739119500903376
  0.54815478923963157  0.55876864886261790  0.56927426088373467  0.57987649826063681
  0.59054684480271624  0.60127264621887744  0.61201056568127032  0.62260091969388787
  0.63311128258290827  0.64382355411029479  0.65482794622002016  0.66560129084439279
  0.67596382694276702  0.68608906242297407  0.69634033651641758  0.70661490774075875
  0.71695800849085545  0.72727600336172749  0.73779754089642879  0.74844431131144795
  0.75926699493050875  0.76979707347695736  0.78032821771111149  0.79078165318621374
  0.80147105016745768  0.81233894697166653  0.82301968564025829  0.83371776580976975
  0.84412920911831257  0.85473962600459674  0.86528645428734108  0.87583962998514120
  0.88648234986548013  0.89712647699230175  0.90752857322095104  0.91774994332186022
  0.92798638062465799  0.93828937248479560  0.94859164990951317  0.95922105082319220
  0.96983914331145415  0.98023422128810522  0.99017333286758835  1.00000000000000000
 -0.00206647688659976  0.00990212169703027  0.02014617394158633  0.03077498269481126
  0.04162631104072992  0.05239086062804287  0.06320787253173558  0.07363572509908330
  0.08433504852806853  0.09499277563500821  0.10570065661417256  0.11680585504899493
  0.12741317782719214  0.13865179908988065  0.14955432023040499  0.16083026546292892
  0.17137238595682530  0.18190523706641429  0.19221226097869484  0.20264349402062734
  0.21298683482674124  0.22345811791203810  0.23379876856055642  0.24431315586736027
  0.25479026776253128  0.26512788304493495  0.27531940322170156  0.28543721211291417
  0.29556361748585636  0.30568367332858842  0.31590899046487053  0.32609385011154512
  0.33669665005193611  0.34724691943360325  0.35766814959269250  0.36802234076895357
  0.37857066178697901  0.38963364722673988  0.40057262202837945  0.41142498479166512
  0.42231613555918257  0.43312236321891012  0.44391101627249779  0.45477096485034113
  0.46559318613113509  0.47657207526160666  0.48719383954813200  0.49780528003029378
  0.50822042849227467  0.51855116562897041  0.52878859521134369  0.53889152809855423
  0.54916800039952818  0.55946699483885542  0.56978040581583689  0.58030695315790104
  0.59067301580361653  0.60101553922534889  0.61132462926851561  0.62174985860447729
  0.63227656487945516  0.64259798356690823  0.65278230451926966  0.66282158371905409
  0.67301607489237725  0.68331521272060414  0.69361662445927830  0.70377755458639712
  0.71402132111796246  0.72430419522472667  0.73446352126880543  0.74477046218181941
  0.75536191110832507  0.76612839898213825  0.77667769389201446  0.78728124966659285
  0.79825583992793114  0.80918305309664229  0.81989218375013340  0.83044353725511943
  0.84113476372057849  0.85188951428422277  0.86274515652306372  0.87342858980556626
  0.88428429322658519  0.89510386490769778  0.90609030777415844  0.91694140659520695
  0.92759577655314418  0.93826532214058067  0.94879248933032878  0.95938672234687050
  0.96976347361231263  0.97998003642188181  0.99002342595326653  1.00000000000000000
 -0.00215956044602807  0.00928052501815838  0.01887355785528362  0.02877581026104730
  0.03905338210565643  0.04938057011394340  0.05997967603234555  0.07054896980918751
  0.08134563850830323  0.09208769328661572  0.10282528274802033  0.11341693251933344
  0.12412538667624014  0.13476586905933322  0.14565308001438448  0.15645254138462100
  0.16703989187343699  0.17726910481426236  0.18741135990717603  0.19787716619628293
  0.20840976231051819  0.21897283941070469  0.22955340700043816  0.24028548548322026
  0.25084389164609949  0.26119432973288970  0.27165416789327312  0.28239957088744694
  0.29304202288208492  0.30349793216556498  0.31401881282307781  0.32449750562504842
  0.33472372475892503  0.34456297063465186  0.35467190523706049  0.36497808240375529
  0.37524234109507443  0.38541332078742491  0.39553596992105317  0.40586975947604598
  0.41622348899318051  0.42674325596449147  0.43712450395102531  0.44748149256517938
  0.45765876642720082  0.46814892899452143  0.47857932441910706  0.48917305857592175
  0.49978018281459591  0.51057003239058563  0.52147721433791860  0.53212088835839588
  0.54272280840462139  0.55364238916581876  0.56485434252510425  0.57610102749843728
  0.58723792478434611  0.59844083380064383  0.60915828456751997  0.61962994466098498
  0.62953467166305022  0.63941981654310998  0.64935471847868687  0.65934553130653950
  0.66922896186380920  0.67925310440468378  0.68946372708833925  0.70003593646045859
  0.71062722008289558  0.72102517459173077  0.73140969377136100  0.74182095903310730
  0.75217645277513212  0.76264016736251172  0.77310087534917005  0.78366015404785061
  0.79414331742818056  0.80481418652018066  0.81552692786232917  0.82641124868302174
  0.83719005284883652  0.84818804235609924  0.85908007124596242  0.86953109436947162
  0.88017558768031712  0.89095068556669776  0.90188389520994094  0.91265265249885374
  0.92330133599156250  0.93395996961091310  0.94458971976597228  0.95522999809140852
  0.96625339078580130  0.97717920432634509  0.98865685199977404  1.00000000000000000
 -0.00235096073771716  0.00972395555804622  0.01971318285491346  0.03027939644420817
  0.04085188662574505  0.05171028714872138  0.06264613194331145  0.07381372074409104
  0.08501951282579520  0.09599393990413108  0.10687562476701797  0.11734911058157099
  0.12770249525968536  0.13837013510734361  0.14931605323001423  0.16057741322590036
  0.17163518731840421  0.18269670910734473  0.19356731393458504  0.20419828497712766
  0.21465123124821647  0.22486814633731370  0.23500620981584713  0.24520117637613581
  0.25544327348578350  0.26591414949683623  0.27642401938528816  0.28689373073083063
  0.29727448842337878  0.30747655297667514  0.31779945690056022  0.32824512969568204
  0.33887575145100185  0.34971789783886997  0.36041236638249191  0.37100613086030271
  0.38168543458515558  0.39236230533161776  0.40302901122722107  0.41356276580368895
  0.42416056830005600  0.43492069380612652  0.44545309048035175  0.45582058987875163
  0.46599533893917405  0.47629072712902881  0.48684481366716797  0.49731207803399846
  0.50799049300716614  0.51853420809678663  0.52920039232948735  0.53967905010961514
  0.55028829569304805  0.56074602592138911  0.57128548999547757  0.58184341919316540
  0.59261943700885888  0.60327094099309841  0.61381476655591283  0.62437245573841316
  0.63490499587373417  0.64544505621701964  0.65602585261508073  0.66645520549853543
  0.67689768983613408  0.68716923645326966  0.69772338174756343  0.70830157824826667
  0.71895217552167090  0.72959470979410768  0.74030456191647576  0.75108656885443670
  0.76187467802409958  0.77284506553986054  0.78364538838604869  0.79430039824374954
  0.80466131881579661  0.81501347518755030  0.82520064401549631  0.83559289870208586
  0.84590969454759435  0.85622662180103426  0.86604754872986367  0.87609282569326064
  0.88632304850108556  0.89663808442895310  0.90660156702183181  0.91674209298008313
  0.92710983097735289  0.93720844087893629  0.94738765197631014  0.95806323251887548
  0.96895943215621450  0.97961211302428897  0.98988329993627844  1.00000000000000000
 -0.00201817263186941  0.00941442072789822  0.01909636448828558  0.02934371540436182
  0.03961273746805052  0.04984310070537935  0.06028371877217943  0.07078437700602606
  0.08105443787163649  0.09115796207847464  0.10132728468283568  0.11223036524583831
  0.12290758871590723  0.13379779531433331  0.14450546695884273  0.15566662978080023
  0.16672082668667113  0.17735638192672026  0.18819337578413869  0.19900598835092720
  0.20982430101259583  0.21999175719819605  0.23023558576399583  0.24059886427675292
  0.25106602752402002  0.26119374284878216  0.27174540432912186  0.28227284419080279
  0.29299804025914256  0.30325455472750701  0.31375741725664474  0.32431067490671994
  0.33483577157219696  0.34515343863430953  0.35552247002351595  0.36587367065405529
  0.37598774543935881  0.38611159365088160  0.39613218218804458  0.40665500528562865
  0.41713965026132116  0.42791598798763958  0.43855156349427632  0.44916906975441984
  0.45974354677944151  0.47015790658689383  0.48051001554641831  0.49089471754253450
  0.50143939096688606  0.51248975805294261  0.52355533805377086  0.53449103238922491
  0.54517244168529810  0.55590587787502965  0.56657563436409419  0.57724386987437226
  0.58838900075376865  0.60010045003484258  0.61144239344943974  0.62250913350498671
  0.63369037828085839  0.64483604686576124  0.65562390238912238  0.66626949804267499
  0.67690951435933677  0.68747796402845585  0.69812139912054971  0.70892273002332795
  0.71937710988242054  0.73016882267784333  0.74074400741412727  0.75144130300697898
  0.76165875600377486  0.77195956586882031  0.78210283851295370  0.79237687422645375
  0.80249708893165517  0.81285893051294111  0.82306155610704823  0.83317099310356935
  0.84380314242515453  0.85434958801090521  0.86513639334930914  0.87545360780386128
  0.88579246867697825  0.89611405934867905  0.90635716697584678  0.91663646690575940
  0.92725803141815721  0.93784137217353269  0.94816768084369574  0.95828104515013079
  0.96873060676558154  0.97919031058984640  0.98970386834307922  1.00000000000000000
 -0.00226018111775153  0.00954242400325377  0.01921850842601590  0.02954583908089026
  0.03957353941790748  0.04992514403741936  0.06043940778320249  0.07071649351918331
  0.08131144978540407  0.09200697688178942  0.10233232980595081  0.11240734531447907
  0.12261799889766331  0.13352440842241031  0.14461723258546832  0.15531903052958981
  0.16585683173073001  0.17631628499552263  0.18668826717472783  0.19697894468704230
  0.20728712920892231  0.21784626874748514  0.22868311785496409  0.23943975839147386
  0.25017046347626476  0.26075031288075179  0.27120298697533823  0.28144593752894481
  0.29191619216407866  0.30250074461327914  0.31311586618570475  0.32356958138131897
  0.33429583646763200  0.34513769139566264  0.35575436858689086  0.36632596962215125
  0.37677802128599430  0.38734416659834275  0.39778215534614914  0.40830721185428775
  0.41874714097390420  0.42902824576465071  0.43941744201908511  0.44977297109665360
  0.46037103434720217  0.47118361094286698  0.48211629288437485  0.49272855602296650
  0.50317960780348692  0.51384533274402333  0.52467360464410095  0.53544600937149567
  0.54604602434868066  0.55654669139604318  0.56723359257078432  0.57776907873393735
  0.58828673433962264  0.59871783069000273  0.60896554082298493  0.61909236830410719
  0.62929632429386051  0.63956665750508268  0.64981731362987560  0.65991941242883112
  0.67021704494477274  0.68104662842611907  0.69190467782591647  0.70267702356251183
  0.71301461791971155  0.72308383452049785  0.73326768904379147  0.74353188626258104
  0.75392901697024084  0.76445516384103851  0.77491565791388228  0.78560845002028956
  0.79633437028605725  0.80716633526570047  0.81783409522018824  0.82825318504615719
  0.83878393164406850  0.84933437651790711  0.85969673837430971  0.87021632778146096
  0.88098733677695373  0.89190879370984599  0.90246533945838492  0.91304432746127684
  0.92362157689212521  0.93422012959785861  0.94493259576524624  0.95591901495412623
  0.96671170304297727  0.97750876765121864  0.98865323161551621  1.00000000000000000
  0.00942955226251314  0.01592766619769410  0.02560226695847385  0.03683030538110060
  0.04753768667925193  0.05811714007310366  0.06859162541763389  0.07919009346109657
  0.08980365026545467  0.10038791676528781  0.11047602879010127  0.12043202124767123
  0.13029199931790378  0.14024737482395605  0.15030532984692194  0.16023029591466462
  0.17003030175219516  0.17998894744126709  0.19004918798726356  0.20091122387415475
  0.21148737705282922  0.22228259639158007  0.23302422524173827  0.24389325799434261
  0.25455753008298276  0.26514227837060267  0.27595052166503048  0.28684444272472875
  0.29759444832483289  0.30798780177846846  0.31828171581320308  0.32848702394526064
  0.33870906454608796  0.34887453913363770  0.35909015462841848  0.36935373412006439
  0.37957240890299060  0.38993637579901536  0.40047420579455817  0.41113411284505541
  0.42170306733683227  0.43207284305874705  0.44235215567188557  0.45257019542859250
  0.46281593597762533  0.47303377553027409  0.48324460835872979  0.49341802348676023
  0.50354997815066926  0.51351061722853342  0.52346993695310207  0.53355053400616426
  0.54396764702939593  0.55471448866949746  0.56539868688561346  0.57598196215590447
  0.58657072764547402  0.59715723481666205  0.60763073130600220  0.61786678949191687
  0.62802011241217881  0.63818237901190633  0.64840520488877296  0.65867407437714287
  0.66890190215688672  0.67909180373814737  0.68922718232270552  0.69932250571914278
  0.70939671705665586  0.71947273457264815  0.72957924712789479  0.73973698505076801
  0.74989775911073164  0.76009442007483752  0.77036170393131387  0.78061301488327617
  0.79084842736795791  0.80105070723095084  0.81120759241014451  0.82149898161511281
  0.83186200775404695  0.84231349565889801  0.85273477552042232  0.86309727959618099
  0.87355024863588948  0.88413495301594647  0.89472094586345552  0.90514455123329640
  0.91559757737936720  0.92615994057283391  0.93719485401230440  0.94821689665062026
  0.95943298305814340  0.97024438921292200  0.98091264228007602  1.00000000000000000
 -0.02065339503760232  0.12225591938753710  0.15987483711611608  0.18310150886181684
  0.20106223471747223  0.21606255342932335  0.22922807392068323  0.24100359380264336
  0.25196744201792093  0.26204169865797561  0.27168739000014258  0.28052100727744894
  0.28909855199608286  0.29716230751158101  0.30492529573705857  0.31245927511835808
  0.31962057333792027  0.32658591539708004  0.33340685432704520  0.34007367712526848
  0.34663165945753799  0.35315417113543729  0.35951401957681989  0.36584351457836983
  0.37207058255687586  0.37809671867824590  0.38398966485113767  0.38983546488502713
  0.39562930778845795  0.40134431280692673  0.40698326214309299  0.41257137251639947
  0.41812890046959972  0.42361241608559475  0.42907459293925848  0.43449277814753234
  0.43985955467909998  0.44519003535306695  0.45050594561508722  0.45579864041676310
  0.46106670235511821  0.46629712708697557  0.47149066991108168  0.47665178974244515
  0.48178873589015209  0.48693352785403987  0.49209620266334053  0.49727185659651274
  0.50247309831018339  0.50767368381409883  0.51285543749792906  0.51803263389813170
  0.52322764784720399  0.52845307186169155  0.53371156727734637  0.53896679269211356
  0.54423263050670090  0.54954080184792908  0.55483283516404258  0.56012938847001903
  0.56546469005394795  0.57083579290342135  0.57631855274962585  0.58183010407201841
  0.58744767317004187  0.59309885057256528  0.59877059085525997  0.60447505253327016
  0.61024277892630552  0.61610555793410793  0.62205083971912412  0.62808334795857179
  0.63421718052502452  0.64035223215432990  0.64660012177458592  0.65303089336137510
  0.65960244345174146  0.66634481736451212  0.67331054977871230  0.68041712983891711
  0.68762999806510694  0.69518845068090063  0.70300946469095171  0.71121297322110888
  0.71990828002451357  0.72873060194270922  0.73834251729580458  0.74835578707159311
  0.75927014248834401  0.77104031942082063  0.78418535702912440  0.79910571679686015
  0.81699346166034414  0.84032576409102677  0.87915105799208815  1.00000000000000000
   7.3907055928605823E-037  -1.0000000000000000     
 F F F F F F F F F F F F F F F F F F F F F F F F F F F F F F F F F F F F F F F F F F F F F F F F F F F F F F F F F F F F F F F F F F F F F F F F F F F F F F F F F F F F F F F F F F F F F F F F F F F F F F F F F F F F F F F F F F F F F F F F F F F F F F F F
  <DiscreteSampler_grid>
  grouped_processes
  1 # 1 for a reference and 2 for a running grid.
  10 # Attribute 'min_bin_probing_points' of the grid.
  1 # Attribute 'grid_mode' of the grid. 1=='default',2=='initialization'
  0.0000000000000000 # Attribute 'small_contrib_threshold' of the grid.
  0.5000000000000000 # Attribute 'damping_power' of the grid.
 # binID   n_entries weight   weight_sqr   abs_weight
    10   10   1.136320770170948E-023   7.512935998007972E-046   1.136320770170948E-023
  </DiscreteSampler_grid>
