  0.00440354419831644  0.01739943859812873  0.02929033591625955  0.04187808008081086
  0.05383772980354475  0.06574210581806869  0.07722051279786485  0.08844280842624269
  0.09909220950407646  0.10972999522020778  0.12016696529988123  0.13070435998353436
  0.14117077502194256  0.15183821929613370  0.16280052172648435  0.17364903699530812
  0.18440838639027224  0.19509105098413287  0.20569765667440704  0.21612798331217153
  0.22642584345059022  0.23686752748452225  0.24743618375275703  0.25820690376508137
  0.26901989931780906  0.27981990754325692  0.29049259546190070  0.30077201210912030
  0.31093577964415076  0.32108056075526714  0.33143980888253177  0.34172210286104887
  0.35201382492312477  0.36226805923374689  0.37250076556406464  0.38251837803938210
  0.39249978065345820  0.40266929883189084  0.41315122384827829  0.42391322410565446
  0.43487718901819256  0.44574639716291692  0.45673358952474413  0.46770623010232032
  0.47871900695952346  0.48957861950589965  0.50037343108333221  0.51124445633431403
  0.52178458868581112  0.53227404361057107  0.54265682674526239  0.55335389379149647
  0.56406085905613224  0.57483764941704929  0.58536482563959202  0.59548368030920162
  0.60575714855198914  0.61602404448776138  0.62643724243744703  0.63664623541940046
  0.64675288426983468  0.65706192573177324  0.66748641735106506  0.67762398991243777
  0.68781992038005357  0.69768330957403812  0.70785041244599756  0.71832115593970458
  0.72853389212889474  0.73886872860393393  0.74908119736215029  0.75956280369839213
  0.77006085782535705  0.78047267481223603  0.79097678940281768  0.80132769381663493
  0.81160209146477902  0.82177542408043713  0.83199112975345402  0.84210442319206680
  0.85216915482300681  0.86211819132585277  0.87202780626823506  0.88196301431468327
  0.89196818055748195  0.90189197334145510  0.91175606131717701  0.92174258525381014
  0.93183993015507305  0.94168961552990782  0.95145161423152336  0.96115419989120299
  0.97076106917464833  0.98031858149481110  0.98998056687695901  1.00000000000000000
  0.00501670861065715  0.01477063817186894  0.02682904649199872  0.03867115033247623
  0.05015804414443981  0.06136750153047372  0.07228012822741124  0.08299747532001196
  0.09364002708813590  0.10429389948427087  0.11507056143824371  0.12590150481336809
  0.13687636257554070  0.14789111661734514  0.15899587167800416  0.16996135313844435
  0.18093539294255259  0.19174969984454385  0.20269427551772590  0.21341332472426372
  0.22409897166934922  0.23476709634027448  0.24530483771333944  0.25579554811185368
  0.26628277842130971  0.27691800667809435  0.28763608528955442  0.29818781560810537
  0.30865301740130346  0.31923821309043721  0.33000551715414200  0.34083392895319020
  0.35159868589002385  0.36221632301379292  0.37286674913153572  0.38338771049990267
  0.39391753327716517  0.40427955431324569  0.41448977989127761  0.42475462731937391
  0.43517426087262928  0.44563706033581829  0.45597407776070842  0.46644521559444119
  0.47700275808762932  0.48753648293474006  0.49794858752692517  0.50817144412425364
  0.51827401205988588  0.52816525368094314  0.53805045108088556  0.54791604173563546
  0.55786515785301993  0.56814463986240837  0.57860888994621462  0.58928961780261335
  0.60007469857241913  0.61099063256599917  0.62195116585935140  0.63263847937201700
  0.64320802369348506  0.65369303017470171  0.66402606339152848  0.67415801943637244
  0.68401894936766028  0.69395843248991074  0.70414579428563817  0.71437627221859135
  0.72437898118932464  0.73416038360432567  0.74388745960827996  0.75361477964802392
  0.76344472996217405  0.77350880698240976  0.78373363785390282  0.79392547241645239
  0.80401212918180043  0.81419018917948982  0.82468134732425780  0.83528259350352263
  0.84574611793627019  0.85605507785737345  0.86625829828252210  0.87633865378505404
  0.88617688297505470  0.89582105702814985  0.90547751855895309  0.91524791991163779
  0.92524235703302204  0.93538513251624089  0.94539867147809498  0.95532488915872871
  0.96504876316365029  0.97430753393583858  0.98326326530620012  1.00000000000000000
 -0.00237977925317458  0.00977137112624643  0.01989317882525620  0.03043760103283109
  0.04107262013706307  0.05144370440043801  0.06149633989472399  0.07190897752916241
  0.08213568344362317  0.09265604279086861  0.10304626949301531  0.11405155260167424
  0.12502774763164742  0.13541935114588718  0.14580453439422975  0.15615222061100231
  0.16663175387893947  0.17683023986104285  0.18673823066591513  0.19695648156839946
  0.20735988757571316  0.21803832455833355  0.22877916090507375  0.23926330735821780
  0.24976020113617062  0.26019968439749203  0.27065236417292837  0.28109720283918688
  0.29141147710119847  0.30165633370613532  0.31200670329547359  0.32249567961748493
  0.33307567637433311  0.34372881622344598  0.35445558673974670  0.36552576649605423
  0.37657927644049821  0.38747928112016650  0.39833985766084051  0.40903648899078171
  0.41964071890560040  0.43019923132983517  0.44078083278760705  0.45122016938659870
  0.46156915020246753  0.47202656083551120  0.48258641018505599  0.49309860792580029
  0.50355806071799425  0.51400215043600628  0.52450911041453752  0.53475128430222152
  0.54489580061249376  0.55501383067485499  0.56535774888524792  0.57588447875645621
  0.58638242519279471  0.59693289445720810  0.60759003926905597  0.61832913853941629
  0.62901012038482251  0.63940761964181825  0.64977644978434490  0.66039001073642900
  0.67095139057015096  0.68169823592403034  0.69239314938168006  0.70357253869890368
  0.71437154722302842  0.72496856748868399  0.73558028232545136  0.74636742372316434
  0.75688786006548825  0.76737956643040650  0.77798636705293400  0.78899619793736164
  0.79975984610977136  0.81048349476753612  0.82108044622454179  0.83162558336471970
  0.84178673565181272  0.85192718093958919  0.86214460899662881  0.87247595923196009
  0.88268625680430557  0.89323779225509525  0.90372355623195577  0.91424194880316412
  0.92472725818469748  0.93548110080359559  0.94645416102289526  0.95745197252838588
  0.96833663540057835  0.97917122323135064  0.98956350545810345  1.00000000000000000
 -0.00222217650551679  0.00964988257657543  0.01955682380253730  0.03008196419562503
  0.04044459806294209  0.05071483294930368  0.06105637092866227  0.07154215888809606
  0.08208233947340834  0.09246980779174913  0.10294076295374144  0.11358618856583304
  0.12425013636319088  0.13483880259388548  0.14538381318943069  0.15594874474513432
  0.16647904588302193  0.17699360195774105  0.18767980956653371  0.19839664667696694
  0.20911272975052178  0.21962979615892311  0.23008055798942845  0.24038246052325146
  0.25063092582159113  0.26100904164945748  0.27139817955694567  0.28163248333307284
  0.29207100414314979  0.30290857872810384  0.31392280273895257  0.32488933704314027
  0.33568596791969368  0.34645771630154476  0.35719799527328433  0.36775843944586545
  0.37818466926338212  0.38862699430687192  0.39924275423267386  0.41000931001096569
  0.42055733951514090  0.43101970016573560  0.44162494775276662  0.45227670963030597
  0.46284040847253410  0.47353927038563687  0.48416219231172858  0.49467193903618667
  0.50494089652419050  0.51530997362587272  0.52577849605024962  0.53640741743138753
  0.54683096317363766  0.55712796049636581  0.56737578740455319  0.57773041706426642
  0.58809811855101912  0.59832514284658489  0.60858446920599729  0.61928261266891349
  0.62979787553879107  0.64033145601055053  0.65079633560670591  0.66147901995542435
  0.67202902887474136  0.68264589710760548  0.69340369251933942  0.70411869018813666
  0.71454540420040880  0.72498835966761743  0.73547671307018958  0.74576455517695828
  0.75593884361560315  0.76615639422276749  0.77649906922899370  0.78697038671753150
  0.79751150250822189  0.80823398516477085  0.81886813184201801  0.82950557856312579
  0.84002602930478587  0.85076040113152906  0.86140475320589038  0.87208419577629737
  0.88248788656776356  0.89302803631675798  0.90372820001771303  0.91471544958566420
  0.92566948664994242  0.93688568742765821  0.94751771165607623  0.95838115793135137
  0.96871725355659488  0.97915422996046853  0.98942696061074453  1.00000000000000000
 -0.00221476243020847  0.00911517407014284  0.01858783849184421  0.02865589089343586
  0.03881572594252759  0.04928379830640093  0.05980814486446519  0.07006476797921465
  0.08047540400993200  0.09099672803911601  0.10153592805776204  0.11240222771896037
  0.12352893370533284  0.13515870195029184  0.14663473157750165  0.15732035508129721
  0.16781752658420218  0.17804682848793593  0.18841251405857748  0.19878719058415290
  0.20922248683521971  0.22006571533236938  0.23086774979907296  0.24154658044627511
  0.25197179835182848  0.26238224525416237  0.27295855075578901  0.28347042078126600
  0.29383589810637395  0.30415415525310413  0.31465733471682866  0.32559176543283591
  0.33650686754486769  0.34711978498950952  0.35732473985353158  0.36738195886070740
  0.37746363060967819  0.38773529949339808  0.39799006646890489  0.40820627528575787
  0.41829614182116526  0.42864670183312398  0.43895198930796864  0.44934935160152528
  0.45973226237474779  0.47025885759185782  0.48065596367471314  0.49102345246789608
  0.50139584008951987  0.51222125511625760  0.52296643165333234  0.53359749816765911
  0.54412570877679001  0.55485207484138432  0.56546476690924974  0.57577878185737219
  0.58597550287185629  0.59634126287763578  0.60690095623974605  0.61749972732374636
  0.62796871659935549  0.63831700898881638  0.64859947093482628  0.65877902993741455
  0.66902191713305093  0.67922021865142834  0.68937100631355552  0.69927641289638831
  0.70941447224728715  0.71977987343517713  0.73023930690924066  0.74074889081083928
  0.75138775713488914  0.76235481278121442  0.77335104656021969  0.78427046231949393
  0.79512804162645845  0.80598009944240467  0.81672695894089675  0.82724311304220599
  0.83775121908376637  0.84825248704669554  0.85882030423528566  0.86918546565545829
  0.87970801063620385  0.89028564248473463  0.90081818227418986  0.91129221848508835
  0.92181209752839610  0.93266628615444980  0.94363099920532423  0.95483711962947448
  0.96601488177539185  0.97728985960465664  0.98854204958401137  1.00000000000000000
 -0.00227547917962486  0.01055047613818296  0.02110395319169906  0.03182623424988708
  0.04240551831156604  0.05288175825663867  0.06318542243521154  0.07330858803098862
  0.08347541773899919  0.09339556861794007  0.10369683058414131  0.11408810395376479
  0.12462619878506467  0.13500314269085609  0.14538658819960829  0.15569573229404252
  0.16607753157323513  0.17666319180557880  0.18722311071429976  0.19784974419665255
  0.20840711417820576  0.21925907236530498  0.22990070462638709  0.24050599260614328
  0.25104780576646618  0.26201607399790150  0.27324237018112379  0.28428443739610298
  0.29549064821035181  0.30649095075625366  0.31736959536115605  0.32782638501040573
  0.33824924908889287  0.34839582367062555  0.35859135822397076  0.36886747410788528
  0.37942660732962552  0.38967347522870083  0.39994680483021805  0.41015081235569850
  0.42071239798720067  0.43134870315981622  0.44175607554961033  0.45221055551462191
  0.46269783607995779  0.47349220512868700  0.48431861333404386  0.49503918473997766
  0.50581043619580679  0.51645850376414826  0.52703850337198765  0.53771710289885710
  0.54829008391993816  0.55859850584621729  0.56883650365639882  0.57900754964754952
  0.58964167731194328  0.60074804953926009  0.61186299556899693  0.62280183595053384
  0.63322617916657753  0.64380721129038965  0.65423712375040821  0.66455247772924408
  0.67480193305319647  0.68507507930667400  0.69547114391092102  0.70578026324652565
  0.71605709367622938  0.72616297101231808  0.73637073061240788  0.74640342163375462
  0.75660850606994023  0.76671524205418395  0.77696551810829428  0.78716068734150690
  0.79721828594336230  0.80735405236612778  0.81762112860150593  0.82831663841354486
  0.83885496158085715  0.84950313994095561  0.86021061274340660  0.87120768955407324
  0.88220810232952229  0.89307112096016095  0.90396551548377047  0.91475141102680968
  0.92553031605653069  0.93628499570757073  0.94710767771044468  0.95798395571316419
  0.96864991373243248  0.97919017595576030  0.98959287268202667  1.00000000000000000
 -0.00242165229355197  0.00919863183046819  0.01931569776584500  0.02952063969504224
  0.04013082378382622  0.05087566620916811  0.06166846794421520  0.07260417944137766
  0.08359125491344119  0.09472064144508636  0.10562595610306950  0.11626147234957669
  0.12685722028220978  0.13742354956488420  0.14800560051751177  0.15854388147989490
  0.16897834733807124  0.17931901846063281  0.18988848134189348  0.20051262024506075
  0.21106360769269400  0.22147964646840784  0.23187090947144140  0.24223977227410065
  0.25256949857032546  0.26294431458864609  0.27362270410519152  0.28428098956698411
  0.29495625033124362  0.30566051703032993  0.31634556747699283  0.32700644133543477
  0.33804253447189980  0.34922376955033352  0.36030024450178605  0.37118647868047244
  0.38166014126071779  0.39204315419958607  0.40255334656295805  0.41323395589986761
  0.42386399210006198  0.43412572979056002  0.44480636825180370  0.45545197210409188
  0.46638483805501785  0.47692469630931916  0.48770014992957916  0.49854368529274318
  0.50959744402378415  0.52053344574730032  0.53127521071267580  0.54201874467954403
  0.55267772669234816  0.56311125133219642  0.57333638188652547  0.58364035151484606
  0.59401618015526569  0.60454845495276077  0.61517827426614391  0.62582906201075184
  0.63623668143850254  0.64655907730727735  0.65708550472904026  0.66786911568046659
  0.67847428886426497  0.68880390324927443  0.69901120763555302  0.70945633819164200
  0.72000655295069094  0.73048275162101406  0.74089240157614167  0.75123147722693762
  0.76152700785528593  0.77181454638879798  0.78228069059845484  0.79261679711421384
  0.80274314641931421  0.81267098902727519  0.82293864672093153  0.83331809523391320
  0.84363584209658482  0.85397496022270913  0.86435082667182372  0.87478124333878604
  0.88520936897796687  0.89574484946263244  0.90623829389857968  0.91669221738786832
  0.92699915624207740  0.93724643949521635  0.94734040584035217  0.95715637851453117
  0.96769242737935446  0.97828215658350870  0.98917095927011667  1.00000000000000000
 -0.00227282875941890  0.00902296109764057  0.01860955308034499  0.02875330412320962
  0.03901090543437723  0.04923778638920116  0.05951842442494128  0.06995446895973224
  0.08046376227408573  0.09085640332207057  0.10130448056054495  0.11166654658956085
  0.12201424326831187  0.13229009173929893  0.14277369687773367  0.15320928015046684
  0.16353759483304717  0.17378120571372643  0.18418466109354109  0.19487888371857282
  0.20576097973104343  0.21653398894739942  0.22727244531965751  0.23796818107005124
  0.24887192145086320  0.26010053112591758  0.27168510054442957  0.28319333070378200
  0.29445653742859645  0.30551114129329870  0.31618527841260791  0.32642603663959968
  0.33681562052156255  0.34742146701977145  0.35798747465271946  0.36863702836167311
  0.37922253917378507  0.38992706653812415  0.40073524979693209  0.41170927788108669
  0.42223788392573541  0.43246183895311519  0.44296749051034379  0.45390540550241848
  0.46458643801458449  0.47521328500871651  0.48586561252744159  0.49645791489057040
  0.50702554632463814  0.51774666156702731  0.52868283413543060  0.53952331975800349
  0.55012607663975033  0.56084459397018260  0.57162128632599640  0.58249217697287103
  0.59336908110539777  0.60418283708481380  0.61493144941031141  0.62579323179745105
  0.63632494427843211  0.64680351803341996  0.65690293917494968  0.66703892933974007
  0.67717242048822968  0.68737823258811626  0.69757978731397585  0.70776347558104746
  0.71796799616794427  0.72832509351595021  0.73867325560818975  0.74913655864936757
  0.75968317600744040  0.77005458604193278  0.78045193753815822  0.79060639211334738
  0.80109942139977708  0.81167565629337501  0.82241648813453383  0.83309936454095135
  0.84329127094715151  0.85357430744056972  0.86394710553194454  0.87435442047156164
  0.88474945576357567  0.89515100165148020  0.90545112168766406  0.91582929679194724
  0.92623993663660664  0.93664747481753807  0.94700155343608616  0.95743431851815486
  0.96809231170758903  0.97874633650966847  0.98939233251837078  1.00000000000000000
  0.00973574580456450  0.01555834457148258  0.02426714512657346  0.03448867568229951
  0.04456530556066832  0.05501868227972802  0.06552272527000910  0.07621898396445409
  0.08701307455658203  0.09787279260084655  0.10851958598768206  0.11879897696734593
  0.12923403968257791  0.13987043819372902  0.15054102722070761  0.16107879047631407
  0.17149606652658628  0.18186291349059922  0.19239518587959326  0.20292108534716441
  0.21346139990810656  0.22374394392102942  0.23397842741834496  0.24435846051128479
  0.25507305880068065  0.26614212801313175  0.27704122204897741  0.28776129268598216
  0.29813935633533489  0.30824981671253410  0.31832184076018377  0.32837165802843332
  0.33845549579603901  0.34852508194578508  0.35877867280599834  0.36923763979888119
  0.37954259061002510  0.38981931653298202  0.40007329189684354  0.41036966480503917
  0.42072588384255710  0.43114131143458084  0.44145212230048797  0.45168166409418520
  0.46195582541011593  0.47245804722718809  0.48299624850306755  0.49351750851208592
  0.50399677362283912  0.51435829246891318  0.52481248988099749  0.53521320109320858
  0.54558956313606899  0.55597401864623142  0.56646290131031563  0.57731999967999270
  0.58823333046690740  0.59926766460613079  0.61020098870590178  0.62097945922077247
  0.63172688207662042  0.64244341832722507  0.65326110202364818  0.66406385273265034
  0.67466106861523145  0.68487248366836584  0.69504152021993182  0.70524097263312369
  0.71572699402764417  0.72604727352111553  0.73614413540438661  0.74618779829402337
  0.75627299588247376  0.76667086608176216  0.77713067395839441  0.78765591001495472
  0.79843924619689077  0.80927471682336671  0.82001408358599726  0.83059737600115402
  0.84117328892354359  0.85173177725438820  0.86197074160017029  0.87204852348365502
  0.88234590801624802  0.89266688483150036  0.90301147619600441  0.91337657149166884
  0.92386543287467160  0.93451315123310397  0.94528991580325350  0.95631793746469274
  0.96717197821921519  0.97795031423123124  0.98889347276391903  1.00000000000000000
 -0.02085780171144000  0.12191179029072151  0.16012140008162071  0.18326189211397745
  0.20106330573867451  0.21591050379044036  0.22911173146018107  0.24089155325329403
  0.25167403657631304  0.26153336841801117  0.27104903128162999  0.27986302866558044
  0.28839707516421276  0.29639818890181507  0.30415035766158066  0.31170982444881429
  0.31899915408365759  0.32609522697951282  0.33302190014640942  0.33978315929237074
  0.34640612560641687  0.35296491664341800  0.35933700042102878  0.36560167193818416
  0.37176056608374419  0.37775717913442275  0.38366236878076343  0.38953959967295820
  0.39535259505925358  0.40106662036601148  0.40671035056846178  0.41231147786125311
  0.41785805743617527  0.42333516884189454  0.42878978558652114  0.43420025769341974
  0.43954860479100827  0.44486344771207786  0.45017113138954790  0.45545763216390861
  0.46069831050566262  0.46590782583005391  0.47112499556495352  0.47636108727252940
  0.48160008831980128  0.48684435205851123  0.49207169875135121  0.49727167483202461
  0.50244366210248970  0.50761701573579898  0.51279221006645492  0.51798294438560921
  0.52319714037193532  0.52843062264710927  0.53367923871935341  0.53893107565484122
  0.54417915148388574  0.54944395449159100  0.55471481538112011  0.56001541327774440
  0.56535976225919227  0.57076469998750390  0.57621251122297290  0.58163968161932389
  0.58718326779884411  0.59280447907192302  0.59845825090216720  0.60419055172471792
  0.61001204719276481  0.61588309425431365  0.62181045290200698  0.62783542924880664
  0.63396320322749145  0.64017758781747425  0.64645781382589262  0.65294288321546345
  0.65956071077186540  0.66632064667562796  0.67327404896155552  0.68038982706453088
  0.68766421604522243  0.69527042623242830  0.70311780944050750  0.71120958391516964
  0.71976014123609688  0.72855292854029752  0.73808871970972267  0.74808517329160995
  0.75894986247823570  0.77068802218458943  0.78388150008647794  0.79900382178053087
  0.81710818549710373  0.84023402796650559  0.87861174779045392  1.00000000000000000
   1.0932171557369689E-031  -1.0000000000000000     
 F F F F F F F F F F F F F F F F F F F F F F F F F F F F F F F F F F F F F F F F F F F F F F F F F F F F F F F F F F F F F F F F F F F F F F F F F F F F F F F F F F F F F F F F F F F F F F F F F F F F F F F F F F F F F F F F F F F F F F F F F F F F F F F F
  <DiscreteSampler_grid>
  grouped_processes
  1 # 1 for a reference and 2 for a running grid.
  10 # Attribute 'min_bin_probing_points' of the grid.
  1 # Attribute 'grid_mode' of the grid. 1=='default',2=='initialization'
  0.0000000000000000 # Attribute 'small_contrib_threshold' of the grid.
  0.5000000000000000 # Attribute 'damping_power' of the grid.
 # binID   n_entries weight   weight_sqr   abs_weight
    10   10   2.647899541489885E-018   1.481829731240346E-035   2.647899541489885E-018
  </DiscreteSampler_grid>
