  0.00497181206746716  0.01529520577212863  0.02731754516392097  0.03966596156077858
  0.05161879652653924  0.06337920479655824  0.07442789445832670  0.08545634664998217
  0.09621833865900117  0.10711977487261878  0.11766625175055025  0.12803018601007396
  0.13863814823721124  0.14933420347160004  0.16033049999755952  0.17105774486594633
  0.18173678683145955  0.19254331598734792  0.20322959361753534  0.21365173054961095
  0.22406014621260981  0.23475563648674513  0.24565806619187458  0.25630192078559816
  0.26677511508612395  0.27710381293253278  0.28736751520275139  0.29772658918940020
  0.30801912715721341  0.31840080948629462  0.32889836511387222  0.33934474861903441
  0.34975375778943596  0.36032825195497314  0.37135212106916932  0.38209496905588974
  0.39233931222295310  0.40231481788763895  0.41230242480561324  0.42238581604109693
  0.43278314972757759  0.44321401775864377  0.45381514352971120  0.46407728762148459
  0.47451505228089996  0.48469889069921224  0.49474583002958444  0.50461854191983924
  0.51485595861222411  0.52515862492057608  0.53560706594556884  0.54584110619160875
  0.55616871472624663  0.56644548670090822  0.57670906819947443  0.58685528787202001
  0.59695279880866625  0.60707732540616643  0.61739161518409080  0.62780621317841667
  0.63817438554659300  0.64846532990720496  0.65871139341469609  0.66911866976416656
  0.67944397260457956  0.68981744174619142  0.70017455161135411  0.71046008352435130
  0.72069552583975038  0.73099217165589503  0.74138964201525848  0.75187217858797639
  0.76240595320811333  0.77295619112218783  0.78330138672858274  0.79355644500110012
  0.80391222798135009  0.81435876618511249  0.82470335703050335  0.83498691420517390
  0.84531753166938106  0.85559817184451625  0.86576297851998796  0.87583990693721481
  0.88597726193676707  0.89620868041001978  0.90644035499371733  0.91669267789909192
  0.92688594462789675  0.93694629474185931  0.94683703992827206  0.95643804868546545
  0.96589984234204140  0.97493149178104999  0.98365848522564769  1.00000000000000000
  0.00521766056205839  0.01482694768912015  0.02643155273112497  0.03814949634276252
  0.04948250587784706  0.06071224723977506  0.07172425383340156  0.08260504251893275
  0.09343753848670719  0.10422225631091167  0.11502609229889593  0.12590679639617025
  0.13689951257779587  0.14798293651424174  0.15882887309836724  0.16934302360370670
  0.17945848232310990  0.18954268511862665  0.19985379424937874  0.21035128156897104
  0.22098171827118504  0.23183683516804396  0.24291566302874770  0.25393593935577324
  0.26471364817077531  0.27539009574569839  0.28593873279738746  0.29635570462879440
  0.30671844884595739  0.31704955005574348  0.32740625445858645  0.33784291211598377
  0.34816056052979155  0.35833298751652698  0.36843238088086572  0.37867757767811472
  0.38924630095531265  0.39982890228796275  0.41049599362268174  0.42088041116570835
  0.43128556570426135  0.44166602467420707  0.45235330934022860  0.46321807900367107
  0.47425660253486790  0.48525127502570320  0.49605605904517969  0.50666808648380324
  0.51729474514933549  0.52805622480124970  0.53890428370208610  0.54983752747820924
  0.56058509754248620  0.57121506502393227  0.58163317155928085  0.59205110572178798
  0.60267296067094600  0.61340024897524759  0.62424506412520786  0.63497167782391817
  0.64540898429473403  0.65566081531309284  0.66581122321723529  0.67615915703527363
  0.68667361924079628  0.69731064951031008  0.70790120252385746  0.71859449258233810
  0.72924110584189128  0.73976576499020075  0.75006614158656337  0.76013722160028463
  0.77007322725871719  0.77989082096712525  0.78980636271790472  0.79992525765472422
  0.81019069151912260  0.82034122607364968  0.83043636724139580  0.84069146411589302
  0.85120852566448413  0.86183381779305313  0.87247983735407353  0.88292627558258741
  0.89316291160608807  0.90302000886088551  0.91288246367265224  0.92280163693508310
  0.93277403597380881  0.94257764445865500  0.95217306073273400  0.96162503547589628
  0.97120313612098585  0.98068999712261518  0.99034609053163847  1.00000000000000000
 -0.00213961329406405  0.00923781003717520  0.01931434422679583  0.02982972935905285
  0.04028717185472312  0.05075427853604089  0.06126684941654829  0.07244059751346427
  0.08374793326342009  0.09483901782331311  0.10568360224983490  0.11612552113813691
  0.12659736770178234  0.13692780670771174  0.14724331489900622  0.15744676533729904
  0.16767034660200217  0.17799029460116234  0.18843813628830169  0.19877704943254418
  0.20928365868814222  0.21981367764053777  0.23031558875182720  0.24051550572878808
  0.25076707280989252  0.26097256860072970  0.27107374354178948  0.28123426096355592
  0.29137616118963128  0.30188795027799842  0.31233165170975868  0.32289164920608726
  0.33335881936674827  0.34359886994278638  0.35389944895806169  0.36422711871853908
  0.37456022948156564  0.38486320086695502  0.39527908623321117  0.40592349401861483
  0.41686670609489368  0.42771014691390763  0.43844538681079603  0.44908405809189839
  0.45968927803150944  0.47032454150137432  0.48086918777032478  0.49133314375051762
  0.50171167688349050  0.51207022036831329  0.52241593113702300  0.53284896363345036
  0.54327324541251609  0.55389868316078583  0.56448465325362129  0.57509621753767115
  0.58576246662137832  0.59654494093845523  0.60725847707596181  0.61797025892325541
  0.62862100867602688  0.63957178989683294  0.65036689859461783  0.66104856750955576
  0.67159025541828699  0.68250460294154258  0.69335908891145148  0.70411287937980593
  0.71441636725084046  0.72485707652157783  0.73538122650384663  0.74608073799862229
  0.75694556006913027  0.76783662783240392  0.77888913889603661  0.78970747158771004
  0.80026557593645742  0.81057099458363346  0.82080372852562045  0.83112759448099949
  0.84175014664224379  0.85233496629547556  0.86324894548604536  0.87389401558954005
  0.88442769825827294  0.89486221501020791  0.90529625792208102  0.91579788733004119
  0.92604642280648819  0.93605975458622204  0.94639669127882242  0.95692640527278028
  0.96777806731243765  0.97847123464570762  0.98924470832044231  1.00000000000000000
 -0.00248150176990969  0.00959683205110409  0.01982474457381864  0.03034490270341892
  0.04089002247703942  0.05146432411841115  0.06203885516327798  0.07273527484293035
  0.08333519684130505  0.09406339386249433  0.10451714101658109  0.11453788857086419
  0.12436732036130357  0.13445752854254844  0.14481448409318673  0.15510032623815118
  0.16548544892280428  0.17597081018908256  0.18652047418635179  0.19699761075333574
  0.20741504100708111  0.21807450927952493  0.22871717667239228  0.23939639475255323
  0.25008158862063273  0.26081944035363586  0.27154443693778751  0.28211566482680345
  0.29273330442752593  0.30313116751106306  0.31351407995326913  0.32373317476202607
  0.33399812811580487  0.34445723597714839  0.35480575000054548  0.36530073916159389
  0.37574052832333743  0.38626970804972138  0.39693822425342956  0.40749072816397425
  0.41810694113781549  0.42855063833788770  0.43927469584753287  0.44992734080222013
  0.46065845295871533  0.47124558026969049  0.48178805370970412  0.49196850022575916
  0.50198845553988958  0.51178384999797466  0.52167888092116455  0.53155686096039545
  0.54137057804437050  0.55135574569790402  0.56159419262536936  0.57226181071715199
  0.58302571023928096  0.59376863729367813  0.60466709461352941  0.61564839436282726
  0.62645517934501238  0.63702431081929456  0.64762172836028720  0.65842298348095651
  0.66904470059609034  0.67968237501253137  0.69019213149738068  0.70083664209914120
  0.71143898542545192  0.72217998458600496  0.73286533642910801  0.74352702800540571
  0.75409667830674787  0.76470828575136751  0.77543249097478995  0.78642404927434673
  0.79748390512288547  0.80870216447229226  0.81972015067271276  0.83060926873969532
  0.84089808841821634  0.85113998561425375  0.86164856612791163  0.87214845261843066
  0.88272661380719752  0.89321975341836779  0.90409616008739246  0.91510693236711249
  0.92560436837976567  0.93612287301914299  0.94703911874768310  0.95788771234755532
  0.96853601793350230  0.97881705044204248  0.98947331934008675  1.00000000000000000
 -0.00226781509981355  0.00921457875126647  0.01929029723995714  0.02965840763878609
  0.04004550339106627  0.05050359762213461  0.06128138265401389  0.07211743968221997
  0.08318140199532283  0.09426760607142652  0.10544388224744085  0.11639262416939139
  0.12721475915740227  0.13804816891164276  0.14864593199173845  0.15918201568997012
  0.16972158892378825  0.18030535843305881  0.19070554727785216  0.20073419316664431
  0.21076549193290042  0.22110986325747864  0.23174635644941471  0.24234957990846556
  0.25285358247646494  0.26345956070892079  0.27408744225880471  0.28482612614031078
  0.29535416062565784  0.30556944168333033  0.31557700832290403  0.32557043740847502
  0.33584863384246766  0.34634082299221103  0.35656500122256846  0.36723808955315901
  0.37762358422264641  0.38840301363487839  0.39910696524298256  0.40991604055464514
  0.42041235737175925  0.43076653275602012  0.44107145014677557  0.45154245388811187
  0.46194586737792831  0.47241591560635010  0.48294372710419542  0.49348032220965776
  0.50372845118486331  0.51382009477976509  0.52383987749941396  0.53389723617057905
  0.54385862308665978  0.55378855816589934  0.56383297173126046  0.57436797919666149
  0.58540014195881396  0.59653881052601565  0.60748484085914256  0.61829150129125754
  0.62911060834154842  0.64000050192155311  0.65120877399544208  0.66227802019629867
  0.67309707150384002  0.68381193703708598  0.69464284863223114  0.70537177344911950
  0.71580571322750741  0.72592774104570690  0.73612236764937222  0.74630035076840406
  0.75663186132540250  0.76692963356685462  0.77725025705867712  0.78761498029856547
  0.79820244110921501  0.80898544645012349  0.81987320774042749  0.83067328717524203
  0.84147380156874241  0.85218766612703911  0.86251242227531921  0.87292167452942870
  0.88322282273584118  0.89356581945213431  0.90402120017573229  0.91466166917801361
  0.92525850864502357  0.93576134934380439  0.94643875286284629  0.95720530985449359
  0.96774675129660026  0.97829837301576461  0.98916102581532317  1.00000000000000000
 -0.00229231819121820  0.01006978202903718  0.02042832067951799  0.03088306532511444
  0.04134286167178475  0.05176789030427176  0.06228889908753383  0.07258543410188537
  0.08313798128038982  0.09410759306114980  0.10458505249318245  0.11516028326607416
  0.12540390124310696  0.13628929509721632  0.14710301440924112  0.15787244366410258
  0.16838365216618928  0.17882574040495866  0.18917029342707919  0.19952885089018871
  0.20980269013946834  0.22027237428382698  0.23091145112548825  0.24162993369652067
  0.25230385629307689  0.26280509207860708  0.27334939938488495  0.28408856793951115
  0.29478108957394983  0.30536916375957218  0.31575679131022444  0.32609813166970369
  0.33643212021685115  0.34673189777008634  0.35718642310385623  0.36788855692561290
  0.37857939186715711  0.38907703698886154  0.39970653873290324  0.41065011588491385
  0.42152722044927993  0.43225389729811781  0.44286633421950794  0.45352123603700939
  0.46397856861352088  0.47438544317943354  0.48486169897606651  0.49506478196266768
  0.50557613237866694  0.51628770963715309  0.52699781019768610  0.53732367445812879
  0.54761228066594814  0.55797906249190454  0.56830694835973417  0.57859886052728815
  0.58888210277971509  0.59947580031930026  0.61007412806692507  0.62056711273854814
  0.63117947350532178  0.64208733091487658  0.65325039214713587  0.66422351597673845
  0.67483435848139639  0.68524051779293516  0.69555852305606380  0.70610912179815899
  0.71681699301962665  0.72724060565723725  0.73746996103688056  0.74755135295697606
  0.75803727647116681  0.76853783148848476  0.77928770293352501  0.78995294993206344
  0.80066647654934642  0.81128105084649815  0.82170835690207000  0.83232665598528766
  0.84303340430627582  0.85384410298952929  0.86449231217753064  0.87501843657605938
  0.88553169442610380  0.89602689647947775  0.90634002019013449  0.91669219141787128
  0.92705731725988350  0.93769842025486305  0.94822485375950150  0.95866196752619959
  0.96913297041021707  0.97935023823414002  0.98959208053721259  1.00000000000000000
 -0.00237731698220302  0.00963471619247309  0.01960504646620769  0.03011528884195016
  0.04057775250733804  0.05107828733436982  0.06161203993184996  0.07190825068187273
  0.08212659547917876  0.09239872703962657  0.10260994623889710  0.11292262308384773
  0.12328505477542577  0.13389310566944987  0.14449880184981959  0.15486977895960050
  0.16520504880762490  0.17565552069928256  0.18622232047625517  0.19681665885298777
  0.20745716585473190  0.21823610749327166  0.22893081442427543  0.23975826988231488
  0.25057754186525583  0.26140455545074825  0.27222837869852734  0.28267230777997954
  0.29313588410638408  0.30342911860779842  0.31385939180787997  0.32445410386819945
  0.33495249033465868  0.34563543215620834  0.35619691059489494  0.36663059351017124
  0.37721622343881467  0.38777364745458692  0.39837816351440725  0.40902702728820345
  0.41979457690330141  0.43064377876337268  0.44099227676462083  0.45144185204715953
  0.46182695903281101  0.47193234236999487  0.48190176693789294  0.49191745024644457
  0.50209770726736136  0.51235660127895777  0.52249696000396684  0.53300380941288339
  0.54349609691708456  0.55428605097681016  0.56480964879830120  0.57522954361508372
  0.58573229588006548  0.59613783306612111  0.60647425806443678  0.61674939173381671
  0.62719204079218638  0.63776937837879333  0.64842349778999575  0.65916492227429468
  0.66980140694722101  0.68057630072022013  0.69114108316372425  0.70216933730848019
  0.71313865772716023  0.72427607594538479  0.73518057089177469  0.74607059868859327
  0.75658753346780871  0.76704823663999810  0.77762241135098231  0.78832779770033368
  0.79888535601816135  0.80946535107101036  0.82012667523560456  0.83099850689451837
  0.84173586690377378  0.85240746715146321  0.86298846817021746  0.87346817705716950
  0.88383988810108816  0.89417210228440425  0.90495933059699907  0.91577144599421700
  0.92615168001657522  0.93681352404186247  0.94723794245729309  0.95783267309993070
  0.96812921792749085  0.97859474022398318  0.98930473835030852  1.00000000000000000
 -0.00228508873886301  0.01033973844301472  0.02055281738585338  0.03126581955780051
  0.04183139111146793  0.05263404583168822  0.06341671700726911  0.07401477010074330
  0.08469192137273678  0.09532964921980416  0.10597860572330341  0.11645095489404000
  0.12681079678800014  0.13754414321964026  0.14812723894016752  0.15855701453982726
  0.16916286758814009  0.17983119129192182  0.19044920564360537  0.20075923721465549
  0.21116066714646867  0.22165810335447717  0.23218932666248115  0.24276886231203668
  0.25336384664923606  0.26407234752824010  0.27487568581160116  0.28555997908445219
  0.29600366961285840  0.30626002366877758  0.31651281076040821  0.32690610413506038
  0.33748497780116299  0.34837878045526355  0.35923159723085218  0.36975839034396440
  0.38033364254150742  0.39080308092319205  0.40121944983295704  0.41148852222281634
  0.42174173343361843  0.43217463254564675  0.44281809444644488  0.45345701317581455
  0.46401511037101745  0.47420431678855107  0.48467796383421929  0.49526556675954048
  0.50611467844065472  0.51719091949379237  0.52833201112039674  0.53933736164321877
  0.54988600403448751  0.56032370608259285  0.57076320513404921  0.58127366068753550
  0.59171494567643201  0.60206252359146128  0.61263814783614290  0.62315829188089689
  0.63345068147724304  0.64367294518516616  0.65408655739249111  0.66460177861534231
  0.67494878043035966  0.68501880336367715  0.69527143848027029  0.70578472475557053
  0.71624575521659350  0.72667929501128992  0.73719253138251528  0.74806794460739678
  0.75910469858475682  0.77030864024943879  0.78130101891262360  0.79220260920375440
  0.80302023402523548  0.81398112520153387  0.82488772592790127  0.83575135510418896
  0.84629473666980015  0.85688318079451875  0.86711069342864466  0.87744095033279901
  0.88748845006968546  0.89750325250568708  0.90773705929997650  0.91772299326710061
  0.92767235691977001  0.93755998871384061  0.94781936774286613  0.95817664132173341
  0.96853515960462178  0.97889879960803627  0.98947742349697898  1.00000000000000000
  0.00962086491767088  0.01545014672049843  0.02481515111638413  0.03562055011456638
  0.04614091317802493  0.05667933704550458  0.06720294224218359  0.07789398887221366
  0.08856381391688029  0.09928610655794425  0.10982217185179982  0.12018644873669428
  0.13041100791239546  0.14057735131421226  0.15086903136527285  0.16130687889838435
  0.17172405888500403  0.18220297851240702  0.19275551235925190  0.20319183982500416
  0.21343276226710337  0.22352656807272761  0.23366409072468486  0.24386965006771208
  0.25411557660431477  0.26451712264160770  0.27514021296837771  0.28577952246209437
  0.29615030321424740  0.30635028583794727  0.31681430531546401  0.32751008890713457
  0.33802012911944185  0.34828685699917328  0.35865452768333850  0.36910289997800078
  0.37955146089898206  0.38988293435705584  0.40034587845351427  0.41090880017272080
  0.42142728437191634  0.43187927022753025  0.44238359780995429  0.45302070815521345
  0.46373983309635425  0.47442516012945102  0.48497703414406801  0.49537959728887432
  0.50574278656481575  0.51622943267073784  0.52679258230663284  0.53728939527542630
  0.54760361586425166  0.55770433685745457  0.56777801540143846  0.57791441956429079
  0.58814378159045633  0.59838911685358387  0.60861959523042253  0.61885624138010709
  0.62909672145514672  0.63931615294201871  0.64944607917970409  0.65951432159212298
  0.66967053605072369  0.67983068685770220  0.68991889074404522  0.69995023184175698
  0.71002210908737673  0.72026249978106305  0.73069556179379302  0.74132901549944152
  0.75195499447726788  0.76245943749548106  0.77295349343105857  0.78343189534091051
  0.79392434897102004  0.80450789764584185  0.81514598005968408  0.82577263728616657
  0.83636073999176264  0.84690518414088700  0.85727889103350874  0.86735150895698809
  0.87739083939030516  0.88759063258999438  0.89792964480281767  0.90831651161171345
  0.91869015935648968  0.92917604794161091  0.93959849579879617  0.94982293318385824
  0.96023828744776085  0.97047831723257461  0.98079413657347547  1.00000000000000000
 -0.02070186731682135  0.12205036659150877  0.16079053980879640  0.18384641032637355
  0.20159022308850033  0.21638965292057735  0.22933154816587636  0.24089861507645469
  0.25168437081345896  0.26154760831143525  0.27107413190458080  0.27989349166028710
  0.28845828828811776  0.29655544685861596  0.30427807520349759  0.31186143452084397
  0.31904740173277363  0.32607491713075309  0.33295234165112064  0.33968849709179882
  0.34630867599345699  0.35281652545370856  0.35914276183403593  0.36534921166589107
  0.37151592439983400  0.37754934228880571  0.38349219446100219  0.38935696730510505
  0.39514471723935923  0.40086384329058822  0.40653078172756890  0.41217552752796738
  0.41778247790999201  0.42328136812229189  0.42875459700097790  0.43419934473959698
  0.43961239507149291  0.44497217041491033  0.45029047551189744  0.45559170608316668
  0.46084468499306808  0.46607349128434605  0.47127762186917899  0.47646827792260754
  0.48167642413254136  0.48692117412472297  0.49221183989363809  0.49750545400125473
  0.50268353228321738  0.50780887360007276  0.51292872197136330  0.51810167863419387
  0.52331550107874492  0.52856926947602012  0.53383791338382158  0.53911723188742122
  0.54441851903037508  0.54973565072586628  0.55505413406176618  0.56037755076397111
  0.56575070534625960  0.57119594904681992  0.57666620842255412  0.58218832906128692
  0.58777433646670774  0.59339221606501258  0.59902850463963619  0.60471676580564149
  0.61049668076616059  0.61633965371384125  0.62222653179187337  0.62820595209792085
  0.63429639055801845  0.64047163215728209  0.64676684521012717  0.65323790928133807
  0.65983846188627160  0.66657291178234790  0.67348984514678478  0.68057991975456678
  0.68781517634833189  0.69544707117916504  0.70324536224616552  0.71132762344457745
  0.71992724733078006  0.72869133413881804  0.73835297234097552  0.74827587567577547
  0.75918083417196458  0.77094189693486093  0.78421019872687481  0.79926571147974601
  0.81715210090408419  0.84004834775283421  0.87874334875590498  1.00000000000000000
   8.0190709900924987E-036  -1.0000000000000000     
 F F F F F F F F F F F F F F F F F F F F F F F F F F F F F F F F F F F F F F F F F F F F F F F F F F F F F F F F F F F F F F F F F F F F F F F F F F F F F F F F F F F F F F F F F F F F F F F F F F F F F F F F F F F F F F F F F F F F F F F F F F F F F F F F
  <DiscreteSampler_grid>
  grouped_processes
  1 # 1 for a reference and 2 for a running grid.
  10 # Attribute 'min_bin_probing_points' of the grid.
  1 # Attribute 'grid_mode' of the grid. 1=='default',2=='initialization'
  0.0000000000000000 # Attribute 'small_contrib_threshold' of the grid.
  0.5000000000000000 # Attribute 'damping_power' of the grid.
 # binID   n_entries weight   weight_sqr   abs_weight
    10   10   6.539469706197549E-023   1.510065901050015E-044   6.539469706197549E-023
  </DiscreteSampler_grid>
