  0.98402928267937473  0.98442170318661992  0.98476232703921196  0.98500686625173051
  0.98522481723949062  0.98540475959390916  0.98557441753441244  0.98572450462349248
  0.98586447584953707  0.98599932851798999  0.98612354870547680  0.98624052609429869
  0.98635545962893023  0.98646650642150413  0.98656915728000860  0.98666950293186695
  0.98676808447666942  0.98686535589658775  0.98694946367155412  0.98703274255591689
  0.98711470691767611  0.98719596485015670  0.98727594815771558  0.98735364141455650
  0.98742808822644212  0.98750096216050054  0.98757158271433476  0.98764165677980376
  0.98771245130498342  0.98777824914795553  0.98784310787920293  0.98790674852802474
  0.98796879498690093  0.98803041406057257  0.98809185352454887  0.98815112538554151
  0.98820755391502424  0.98826264880186998  0.98831763138765627  0.98837214230909887
  0.98842573473878925  0.98847881183836994  0.98853137430434190  0.98858218313038115
  0.98863159410557588  0.98868085371109082  0.98873077253048924  0.98877992279661908
  0.98882885756997918  0.98887748813994958  0.98892509890041880  0.98897210240874645
  0.98901775205439868  0.98906184423985111  0.98910563465625634  0.98914923844493652
  0.98919309566388525  0.98923725981629362  0.98928121113625456  0.98932429331449856
  0.98936670188509401  0.98940937399728901  0.98945037220164611  0.98949022201280190
  0.98952950426145292  0.98956801243300663  0.98960667447915562  0.98964571547878688
  0.98968510506012108  0.98972491213106117  0.98976517805458331  0.98980458663709125
  0.98984344550783876  0.98988129307453543  0.98991872791966973  0.98995634405072153
  0.98999385033314169  0.99003115288778665  0.99006832887420804  0.99010523151600272
  0.99014189682337528  0.99017866666719467  0.99021540212644132  0.99025173058708560
  0.99028655891911566  0.99031979119058167  0.99035332251844355  0.99038610879114308
  0.99041899325714511  0.99045170446675679  0.99048421767090689  0.99051737772806903
  0.99054983260299101  0.99056644915713699  0.99057093966290044  1.00000000000000000
  0.98402929480868639  0.98440996257802715  0.98474522588042890  0.98498394882310558
  0.98519982211704316  0.98537875414060150  0.98555057167228655  0.98570862511772017
  0.98585613838419051  0.98599710555063946  0.98612291492532156  0.98623841361955245
  0.98634980195682487  0.98645608737998558  0.98655495994999087  0.98665183370042975
  0.98674732959835998  0.98684296391970749  0.98693300609348644  0.98702160140644701
  0.98710728381656221  0.98719104351591558  0.98727396029746683  0.98735282705636285
  0.98742906518915496  0.98750343471200774  0.98757783223894025  0.98765098603003576
  0.98772285700980711  0.98778965266086738  0.98785483040065936  0.98791986079173000
  0.98798318614162717  0.98804584999001843  0.98810701708872561  0.98816536698961943
  0.98822147203723976  0.98827749849630653  0.98833336977904152  0.98838834784766616
  0.98844265815598797  0.98849665482081583  0.98854988135162869  0.98860112589000981
  0.98865010401307818  0.98869936923252244  0.98874889378655939  0.98879830285761960
  0.98884728943393063  0.98889578906327080  0.98894433007979976  0.98899268662645146
  0.98903842835433331  0.98908275688450009  0.98912589452459421  0.98916980878952276
  0.98921470451288895  0.98926056228591530  0.98930673457914764  0.98935168602454904
  0.98939607494310711  0.98943911125950301  0.98948169500800776  0.98952382326722221
  0.98956537488621554  0.98960631561963242  0.98964694760768190  0.98968778181547390
  0.98972880026932597  0.98977002207669729  0.98981115773414718  0.98985137335029283
  0.98988791799826126  0.98992452833370326  0.98996123526828872  0.98999791761802935
  0.99003435767171111  0.99007016209150689  0.99010593533899094  0.99014124190927266
  0.99017625665488362  0.99021126590557718  0.99024605871714055  0.99027901845436528
  0.99031110820847434  0.99034297003013694  0.99037493080176764  0.99040623896592406
  0.99043684501423745  0.99046711049869496  0.99049729400141062  0.99052772549215062
  0.99055782007569770  0.99056966430239812  0.99057131243529084  1.00000000000000000
 -0.00135206146361082  0.01036245499429565  0.01995213664820574  0.02990058763749939
  0.03967544462919264  0.04966360364869866  0.05986292863219252  0.07122852293377065
  0.08182612868826722  0.09223949631780032  0.10241412074080911  0.11295034259581792
  0.12308055481333038  0.13332953159941235  0.14342302760057679  0.15396605972800548
  0.16419343827144584  0.17482889793531839  0.18549300736017715  0.19567166353235133
  0.20561487290514202  0.21533717925873924  0.22481212797192113  0.23461398488895163
  0.24480825738164722  0.25564504211114231  0.26632238122470325  0.27673339986076634
  0.28713819128745632  0.29754091479807904  0.30822065043449587  0.31937560334197429
  0.33047967816852986  0.34098460265652303  0.35178965842767718  0.36153611851640816
  0.37204138630928035  0.38283343352452243  0.39417909044360838  0.40522716012146576
  0.41538242301325612  0.42549474265962545  0.43575210990908514  0.44645803652009503
  0.45797731211344916  0.46969601461153265  0.48141794019201711  0.49253769585824281
  0.50353090521162236  0.51489006726627351  0.52566089802776605  0.53602259037158284
  0.54669863326965773  0.55718714259889801  0.56716132376299477  0.57683635446958414
  0.58706837217047181  0.59782580895655546  0.60818426825004290  0.61760493017460782
  0.62652736581490620  0.63562294670030473  0.64498463776071346  0.65457254684482302
  0.66467667772877048  0.67529008725181938  0.68649586650812189  0.69715657760975047
  0.70792051786120547  0.71866216478699030  0.72996686238532493  0.74059399670940707
  0.75124744618873096  0.76206764389852344  0.77316257546909872  0.78465616152184436
  0.79568731639916390  0.80640223527683730  0.81738305298807756  0.82874998628585372
  0.83976535775762007  0.85054561295350517  0.86093093236464935  0.87243409868094635
  0.88394230314814681  0.89557839260703864  0.90711654274876752  0.91754449326133425
  0.92762905988365119  0.93741996328077137  0.94777428289193155  0.95812722021612162
  0.96819817160536426  0.97826414373887771  0.98909358046357321  1.00000000000000000
 -0.00209612959826642  0.00905020803023711  0.01910272518528096  0.03002042961507670
  0.04070226242934100  0.05100955505842083  0.06138568755584228  0.07227827858730004
  0.08307927157693262  0.09385365879022296  0.10430782242480977  0.11438240883460439
  0.12477259051762339  0.13531180442324761  0.14609784749049226  0.15679316340669508
  0.16764604497511604  0.17803163589060364  0.18834866747656309  0.19857428198795973
  0.20875419863982791  0.21897741365856477  0.22917943951643716  0.23947178856062434
  0.24981270968778538  0.26017116057267337  0.27061399365087202  0.28167879914898930
  0.29276923292086215  0.30365110430726650  0.31406422436014575  0.32382036859227697
  0.33408951525387665  0.34449724947157651  0.35531026683916500  0.36546070291595206
  0.37494728777998743  0.38471393667361442  0.39511719559736097  0.40654176096511613
  0.41853373576697528  0.42966112077734581  0.44058954291675351  0.45178155989495544
  0.46232934405415710  0.47232629332385323  0.48200581672613407  0.49169162263629418
  0.50145344947346426  0.51099639626891458  0.52084242480373366  0.53126326442270699
  0.54170935592375191  0.55249947547588507  0.56415161531999169  0.57609276886373695
  0.58716494292644783  0.59803617467246695  0.60837987783289416  0.61867202763886586
  0.62884326114546596  0.63926923923764478  0.65025076078723476  0.66079097190307268
  0.67124709611270905  0.68202461759336797  0.69335297510691307  0.70537384208057574
  0.71634449923288246  0.72660462941105952  0.73679033071353339  0.74662470383501367
  0.75699230349432367  0.76725348257411319  0.77833395159101026  0.78911989904039304
  0.79980157670300234  0.81083393311454643  0.82163701897547758  0.83254473632152526
  0.84282423329578160  0.85383098714848216  0.86482567916066477  0.87627476329363263
  0.88647907833817552  0.89612218302685731  0.90583342686317481  0.91591957618559794
  0.92696952571634239  0.93812939791512595  0.94912260906295010  0.95985066717426060
  0.97046380189212977  0.98059454586021200  0.99054923954727792  1.00000000000000000
 -0.00196669448517122  0.00865286580657648  0.01843689353690974  0.02804823191018111
  0.03814830024236443  0.04931023009833925  0.06084593405920258  0.07181010449177930
  0.08152627975786168  0.09290858925210402  0.10416323956337521  0.11556719546145978
  0.12652740398189016  0.13732416546298812  0.14883290019800274  0.16029089463242741
  0.17203551830714092  0.18317650601281349  0.19446459927677079  0.20517922527039673
  0.21571818298641471  0.22612234561064998  0.23676267045047217  0.24755278772067052
  0.25792674265193144  0.26806943838424330  0.27803637260383118  0.28798512239705476
  0.29821513884649758  0.30914139557842202  0.32042848034572596  0.33076418878100505
  0.34029348802717596  0.34957200354323825  0.35978324289720898  0.37042437346959634
  0.38093622103990360  0.39130704863805998  0.40171940701539316  0.41238911420514762
  0.42232571971714683  0.43220220179505392  0.44251026633234897  0.45340251615465987
  0.46355788299626438  0.47389348290250810  0.48378501335585439  0.49349377936535921
  0.50289123783184686  0.51260579253037986  0.52213640810411666  0.53189189279807936
  0.54170725005222820  0.55161572577498819  0.56144942325180425  0.57114821113694347
  0.58094212983750115  0.59149414424745705  0.60266477931978168  0.61408881334372512
  0.62549983608094950  0.63648112116308220  0.64703162127918179  0.65739445222131043
  0.66788626091914294  0.67855723978261506  0.68910689902260935  0.69965090970476218
  0.71020934801634594  0.72100721464548556  0.73182089903617098  0.74256133914922318
  0.75287451929182803  0.76269853730332249  0.77242830328575129  0.78258448759269206
  0.79324782865492371  0.80431682949452232  0.81554846896839461  0.82629289333665790
  0.83665801404738971  0.84725588962492326  0.85784611161340352  0.86859524821959078
  0.87935274388931584  0.89134561593252160  0.90256094597347591  0.91313368407559137
  0.92368386744162534  0.93448165651119575  0.94568819640838020  0.95653118785134272
  0.96765377587956747  0.97841702624881322  0.98922729292097156  1.00000000000000000
 -0.00277268789055038  0.00924507148978445  0.01989371455909060  0.03024916789842061
  0.04093452521826142  0.05161235188121334  0.06228174090392129  0.07307419486825141
  0.08388173359991842  0.09457798062901555  0.10476691535616971  0.11481751757377172
  0.12529099973228672  0.13633454723036947  0.14750105378965916  0.15800213540215280
  0.16841532394194292  0.17898308983755348  0.18966904833843296  0.20056717664443668
  0.21169102569875095  0.22274206507847846  0.23347608859067981  0.24390867290655330
  0.25412079166237650  0.26437668405401077  0.27446116540279097  0.28424310105302625
  0.29382321487087398  0.30355533189938583  0.31408725169695512  0.32462809132778891
  0.33480679797346347  0.34486837602071752  0.35543053016666015  0.36680932838318192
  0.37887581188072333  0.39130320067081764  0.40308091084096381  0.41376260332177750
  0.42387284513311774  0.43385274122469075  0.44426536768729663  0.45472945957145167
  0.46512323446159298  0.47556603728070351  0.48619773948176714  0.49665775966286368
  0.50668339022124409  0.51659411734336280  0.52675227044115902  0.53709021682424340
  0.54732015164417547  0.55755368562043139  0.56824663047617574  0.57887681478595132
  0.58900367043833768  0.59871607282293882  0.60892278754666629  0.61949382898726113
  0.63098166916524245  0.64265147038484749  0.65392898923468268  0.66478952996148544
  0.67522890772125699  0.68644598903967502  0.69710509890255057  0.70782268276868188
  0.71768709762878624  0.72757823677620637  0.73652970846564647  0.74574957748917869
  0.75512608983785146  0.76484058316556880  0.77431754103179451  0.78401038488320851
  0.79409990256727325  0.80449107909877393  0.81492149657404600  0.82515278513923684
  0.83510386066900899  0.84490648004113034  0.85518016674404984  0.86627823750944721
  0.87783956427707666  0.88940133357903117  0.90052005090472231  0.91136572022710904
  0.92200790851539882  0.93262171211635903  0.94333787915188683  0.95473467909574605
  0.96664743239609507  0.97820718778433036  0.98926942209574820  1.00000000000000000
 -0.00210513752998428  0.01006507737546249  0.01974886281239583  0.03001180469336669
  0.04073520122921100  0.05210091650443480  0.06334500875539764  0.07410195122421946
  0.08463101401935005  0.09444505172575134  0.10410100048173287  0.11378096426485658
  0.12345348598381004  0.13328313028974084  0.14352430460640581  0.15422246765029263
  0.16500158667337239  0.17562917770932479  0.18614607426608051  0.19644739383272453
  0.20676301427123514  0.21773016667125675  0.22921001943155467  0.24062593679153707
  0.25141595279448448  0.26164217282064550  0.27186905135342238  0.28233823948429593
  0.29277340784769912  0.30304987013039675  0.31349050002589923  0.32459139539042509
  0.33573387295747353  0.34623751298442973  0.35658865389846545  0.36689252101369085
  0.37742569763440675  0.38807937735065495  0.39947907362489560  0.41171232755313830
  0.42353373135349848  0.43451308190496368  0.44457237007587402  0.45424337332239834
  0.46372503722427999  0.47331196007038651  0.48307029392283085  0.49291844287905678
  0.50315820498231512  0.51315047471745145  0.52352137490695017  0.53334150342194186
  0.54328385184715711  0.55375033512633243  0.56420813528312941  0.57449815340393329
  0.58463647879313563  0.59484152132958013  0.60559705341593273  0.61626303566354557
  0.62742056180652706  0.63911213213935403  0.65024818643267779  0.66117039908376851
  0.67222909953099319  0.68387499659161566  0.69602032610062270  0.70837283289254338
  0.71983178160926731  0.73029848954346721  0.74014502527579962  0.74996906122868390
  0.76054722968534094  0.77184897562561128  0.78285290904181271  0.79380796396947106
  0.80392682662996129  0.81415284631259976  0.82374733831661129  0.83334967306240748
  0.84260271185274460  0.85179321314246681  0.86094275034908407  0.87078653929321403
  0.88094846863522680  0.89106089420731216  0.90144529432866760  0.91289939353384508
  0.92368178027324421  0.93376488377778544  0.94363464459600732  0.95417854867908247
  0.96514635329595377  0.97625482722934764  0.98821448024703940  1.00000000000000000
 -0.00242531496605513  0.01123718708865933  0.02312382065976216  0.03411533089772873
  0.04498287017701735  0.05568528041216163  0.06783951872712415  0.08034673667933359
  0.09212761313019283  0.10331060049810101  0.11441051580311873  0.12533465838695812
  0.13581797599566692  0.14633812707440147  0.15674595061838995  0.16696560292139578
  0.17703136498321961  0.18710784063861810  0.19717425448355452  0.20755474742691124
  0.21765187362869678  0.22772081459870791  0.23798783267457332  0.24863035351275853
  0.25902025199854917  0.26844133613350091  0.27803126898630348  0.28794475063300784
  0.29864660540557930  0.30953277025307357  0.32079700902664327  0.33203525459405442
  0.34261510170119819  0.35279241018128560  0.36263452591778511  0.37331263287898220
  0.38428522773237567  0.39480773446949508  0.40552847943136905  0.41627401606326059
  0.42735325391053480  0.43880461866653103  0.45005794000353627  0.46180680067829216
  0.47278769657692199  0.48372151982560724  0.49426841480565264  0.50473672489433330
  0.51506683425608013  0.52501258048018729  0.53483546133034687  0.54462433122214671
  0.55478077256673453  0.56534473561285759  0.57572822829776049  0.58613338403038051
  0.59647196556320281  0.60685649389504304  0.61733291302626114  0.62793264401040416
  0.63815758358019425  0.64814091995651679  0.65767752083879594  0.66735548098214792
  0.67738117518898533  0.68731024823691600  0.69744583529615745  0.70754317882113504
  0.71866746592319553  0.72944455454561419  0.74087661373697222  0.75214317359075433
  0.76368258053858251  0.77479029292392820  0.78532160423543085  0.79550816513999578
  0.80559355397515586  0.81590427553621925  0.82641800913465679  0.83696922852527433
  0.84740315704618874  0.85730327884021262  0.86707152150587452  0.87666096431751872
  0.88718208463790138  0.89780217240109794  0.90924699336827308  0.91972835024568600
  0.93003860302669716  0.93966482527767714  0.94945302766737216  0.95865650839675953
  0.96780773686498578  0.97741558482625279  0.98805054462587261  1.00000000000000000
  0.00980944895417746  0.01507627889405072  0.02383910083976419  0.03478855054076118
  0.04540389975745445  0.05579175989228077  0.06641088608575882  0.07652781726764911
  0.08675817405554437  0.09664303305524616  0.10696250308619022  0.11756869365677453
  0.12765806102758345  0.13801626459775768  0.14841130024654522  0.15915333759986741
  0.16944806373528953  0.17921607409878404  0.18906218795710364  0.19881701700767754
  0.20898892777183745  0.21961717709438197  0.23042560578381124  0.24137092518021611
  0.25223750372688447  0.26315970997635602  0.27447234898188322  0.28542660838741490
  0.29627493315401504  0.30612347625810948  0.31578255118434972  0.32554073842167608
  0.33589904104899304  0.34624502311079808  0.35624916510006172  0.36617920539794918
  0.37613808228996487  0.38605424851931430  0.39582170950338902  0.40602694018103241
  0.41679642965225377  0.42790872598350721  0.43875499914319344  0.44891681860749250
  0.45905269610706195  0.46925333587320134  0.48018001825116985  0.49164008673898285
  0.50300930303111513  0.51372419430240468  0.52373783030000365  0.53382999028342060
  0.54418790438466413  0.55498161792527678  0.56424158886208398  0.57419406527235428
  0.58377867574973985  0.59455714782081659  0.60582486615805786  0.61803430975506801
  0.62943365040641885  0.64009353673950620  0.65114388410626445  0.66292119210700351
  0.67486428026853351  0.68610561813770299  0.69665800267344713  0.70697445067970133
  0.71730055630969447  0.72787505773596106  0.73792366222301908  0.74754356422061552
  0.75707547096267824  0.76770612840143038  0.77899397520714253  0.79108075385874865
  0.80274932285959699  0.81409923265393658  0.82400445584408177  0.83415723176463952
  0.84516816835215980  0.85609572290596447  0.86641907353509762  0.87631271718132620
  0.88663904625375012  0.89665839549194493  0.90731595340338622  0.91775622351134778
  0.92775165164409334  0.93755138958239614  0.94735972757167208  0.95825681283584985
  0.96955906666725655  0.97984640121855615  0.99133156337332018  1.00000000000000000
 -0.01996561959058253  0.12193581183575233  0.15827641910334392  0.18170845757425480
  0.20042770511148938  0.21505919215150288  0.22821529078051667  0.24042521536907835
  0.25202914374927998  0.26164328561588418  0.27019066579552092  0.27792194826828320
  0.28552169820051870  0.29351259830618909  0.30199457565437138  0.31016713548188118
  0.31752423274398506  0.32464301820616992  0.33161087131310019  0.33879898511906320
  0.34555022965301613  0.35221054214656128  0.35842471282871324  0.36451343150642873
  0.37065529629912963  0.37690563194901233  0.38327169811609624  0.38960406019259752
  0.39573781023656196  0.40161915378342761  0.40726011437467408  0.41278120777738730
  0.41782721420467556  0.42296345944405123  0.42808727756369563  0.43332160000069436
  0.43881196147192042  0.44453001096740058  0.45038228588205509  0.45623619953566391
  0.46213813209616234  0.46804101270469989  0.47370290735817489  0.47914166293505817
  0.48449569791218389  0.48994401066284143  0.49540424852034232  0.50090939928004374
  0.50630596947288586  0.51154122123467660  0.51673374855078613  0.52191833746807803
  0.52691851122527456  0.53204526602536240  0.53734194134664548  0.54293937981626395
  0.54852170524951116  0.55429093914448024  0.55991309486696272  0.56540950730130335
  0.57078796967611323  0.57604103784681815  0.58121256966377788  0.58633986231507129
  0.59153814675719751  0.59680496943117789  0.60201435218304167  0.60735109287796296
  0.61298857657047690  0.61898845335641406  0.62513111394808407  0.63127105431187214
  0.63743874990690386  0.64395891814567119  0.65104332329342329  0.65784222932231784
  0.66439368908717844  0.67104486474084135  0.67794882390692113  0.68524722202298527
  0.69330610638098411  0.70163626090340947  0.70977017415014831  0.71797189629487690
  0.72630335379753230  0.73492912579156433  0.74394739840641255  0.75389517283884955
  0.76414357832765922  0.77526969165737147  0.78776955053241349  0.80239353727137297
  0.82035972276967750  0.84411483820435085  0.88150078006567656  1.00000000000000000
   8.4761680301033536E-031  -1.0000000000000000     
 F F F F F F F F F F F F F F F F F F F F F F F F F F F F F F F F F F F F F F F F F F F F F F F F F F F F F F F F F F F F F F F F F F F F F F F F F F F F F F F F F F F F F F F F F F F F F F F F F F F F F F F F F F F F F F F F F F F F F F F F F F F F F F F F
  <DiscreteSampler_grid>
  grouped_processes
  1 # 1 for a reference and 2 for a running grid.
  10 # Attribute 'min_bin_probing_points' of the grid.
  1 # Attribute 'grid_mode' of the grid. 1=='default',2=='initialization'
  0.0000000000000000 # Attribute 'small_contrib_threshold' of the grid.
  0.5000000000000000 # Attribute 'damping_power' of the grid.
 # binID   n_entries weight   weight_sqr   abs_weight
    10   10   5.477895542916002E-017   4.074200026960989E-033   5.477895542916002E-017
  </DiscreteSampler_grid>
