  0.00495274255570913  0.01495378429398447  0.02721946540141747  0.03931015684746582
  0.05085363939385745  0.06208927554835269  0.07298298772712315  0.08381828130750643
  0.09431541530215842  0.10482830260486285  0.11530176828144216  0.12594490951630546
  0.13696994683675021  0.14838359286145533  0.16014917126992270  0.17164086473163584
  0.18264594759764813  0.19366124131589740  0.20446910329653309  0.21508927069413714
  0.22570098093588400  0.23645272739621345  0.24724181168868636  0.25799007133725105
  0.26851666114900102  0.27885026613671360  0.28901562177664281  0.29887639150495143
  0.30860152229793048  0.31837182562988808  0.32820231283903029  0.33794038188152969
  0.34772755530128457  0.35772669838588467  0.36819973132272832  0.37884560721057220
  0.38914924096658643  0.39877784002823152  0.40817931412204289  0.41807229292184356
  0.42870542549274759  0.43975608997960763  0.45015787809918079  0.46066614251352495
  0.47144767652137681  0.48218006505433503  0.49280404817868712  0.50341150032034010
  0.51401760447328193  0.52413772445841311  0.53446977048762601  0.54499351535112828
  0.55637483002524968  0.56755222448030307  0.57861631847497919  0.58937071124720442
  0.59984733805785306  0.61036171688935348  0.62110792945672910  0.63182283542281159
  0.64213601974512147  0.65202888074959076  0.66178223309789330  0.67159225509703580
  0.68170810478515786  0.69209160884644738  0.70276618397555479  0.71327037665505288
  0.72370960625867620  0.73400651088977709  0.74450817356010413  0.75489278246702429
  0.76479317196418151  0.77442135158919023  0.78416485191511576  0.79419053907365189
  0.80431844561855792  0.81432881567992088  0.82430724271609490  0.83446830901781377
  0.84471951252791666  0.85471088225728609  0.86437200087336352  0.87389551097207374
  0.88369542771786636  0.89375536534792155  0.90367873770989293  0.91357411601722494
  0.92350125692894036  0.93361064803488392  0.94353406289341923  0.95293265252297743
  0.96212813501034178  0.97168846870107595  0.98118631186653482  1.00000000000000000
  0.98402921711891223  0.98441765573869500  0.98475620617211901  0.98500031342532057
  0.98521839565202662  0.98540130245713153  0.98557265767741564  0.98572314424615404
  0.98586287488615676  0.98599807121675931  0.98612195130711633  0.98623894036993809
  0.98635339937485145  0.98646329729164695  0.98656524492708719  0.98666429956303547
  0.98676087380490096  0.98685519421603229  0.98694283398023575  0.98702818235842649
  0.98711365690785191  0.98719788848259749  0.98728023606359161  0.98735741199478855
  0.98743124897665457  0.98750449348605318  0.98757669341498178  0.98764791778937255
  0.98771901231994308  0.98778619988712746  0.98785330972219543  0.98791958740489583
  0.98798454871077956  0.98804792602527669  0.98811056191834767  0.98817037882342817
  0.98822854022830253  0.98828652930542227  0.98834477600064108  0.98840290436613965
  0.98846022078426021  0.98851630700621862  0.98857193936968280  0.98862364738947262
  0.98867516619896023  0.98872605658110646  0.98877614358498433  0.98882585824873626
  0.98887557740173848  0.98892520517822857  0.98897502082787525  0.98902145881294345
  0.98906676569431518  0.98911176453568828  0.98915668556815162  0.98920143884571221
  0.98924592529377231  0.98929035457053149  0.98933438256935025  0.98937853078054749
  0.98942103605735987  0.98946182280889183  0.98950164632086302  0.98954108156499798
  0.98958090372100016  0.98962020745200685  0.98965937225064682  0.98969834763432629
  0.98973709483390915  0.98977597402435635  0.98981496229066701  0.98985256146879852
  0.98988913183638161  0.98992532532223743  0.98996158564680625  0.98999716448847197
  0.99003289292346164  0.99006823420896717  0.99010331723442535  0.99013818957378974
  0.99017272128557776  0.99020696668118302  0.99024162710923480  0.99027492307490439
  0.99030656103913672  0.99033841420234203  0.99037023336500984  0.99040216064294662
  0.99043384294210635  0.99046509294163421  0.99049587600840849  0.99052631126203416
  0.99055664231769425  0.99056957306304150  0.99057054716612614  1.00000000000000000
 -0.00255090851837895  0.00961192948959670  0.01984107355448304  0.03079389483153124
  0.04151058374952638  0.05154448991181143  0.06167749537780612  0.07169248216933390
  0.08176735417670616  0.09239609653458739  0.10347759069105897  0.11459980201891738
  0.12570197533745700  0.13674939235035763  0.14767131413050802  0.15777187531212725
  0.16828746584477067  0.17912466921375464  0.18951213140809156  0.19956272717849000
  0.20979355463632898  0.22036484498815678  0.23036583719059803  0.24014361889963054
  0.25003952945401281  0.26124670619512186  0.27247375987064193  0.28355110148249463
  0.29400208131103045  0.30413355019370775  0.31424852138820325  0.32446446865867379
  0.33489144860427000  0.34556388805339266  0.35621713644679615  0.36653746395430570
  0.37673804403662120  0.38724638451903381  0.39794278184965626  0.40871446597628025
  0.41959299322882032  0.43071998441323606  0.44148588759558877  0.45189674618669851
  0.46200012718908701  0.47199675078104592  0.48221212012854253  0.49271047723864642
  0.50359499147033737  0.51467828230179258  0.52560917670317564  0.53637602232023940
  0.54698985381660670  0.55757007158456329  0.56779070681726673  0.57786277777336992
  0.58794446261905908  0.59811854614928917  0.60816051549190209  0.61807812075892210
  0.62820735166957176  0.63883951143185636  0.64962035313776623  0.66065078027367952
  0.67169035943118083  0.68235155632153210  0.69264225614919495  0.70281864462632282
  0.71394775088611695  0.72535810109430077  0.73654373058837819  0.74714048327205562
  0.75811561684514883  0.76972254296664444  0.78112841718870007  0.79174470561161869
  0.80234276944972316  0.81289954862233826  0.82372339465617861  0.83448412059125743
  0.84529653171524965  0.85625215965071944  0.86716104305255914  0.87781116423064831
  0.88816843983608740  0.89878377760207817  0.90968074679520716  0.92023697095748525
  0.93035351675156153  0.94034078702136792  0.95009845327888420  0.96007305296929657
  0.97008172046128405  0.98026979390074953  0.99007979887641995  1.00000000000000000
 -0.00221806304034399  0.00890819701301573  0.01827348346151668  0.02818609619429183
  0.03807049984831166  0.04790211805178229  0.05803387043891879  0.06796100908395630
  0.07818843149002942  0.08841604367129721  0.09842118709587441  0.10839631986088184
  0.11794413640542326  0.12764266469746774  0.13763262125300332  0.14809899322270448
  0.15883177464190656  0.16931235353951610  0.17955543107428121  0.18994329412232286
  0.20076922074059270  0.21136434688970654  0.22191032707572078  0.23230269709284782
  0.24283847858173233  0.25338429361513731  0.26403794640660444  0.27467176234416812
  0.28512557101003405  0.29521868141935725  0.30518443640725745  0.31497746816558742
  0.32484095440526922  0.33490802210079773  0.34555008451902447  0.35671811540054671
  0.36824984436214059  0.37970985277853586  0.39102182007258351  0.40207171374921524
  0.41324224973511525  0.42455901805524232  0.43629398270284975  0.44834852711275852
  0.45982382202923494  0.47044269818671991  0.48087745280096889  0.49097631349731496
  0.50094056917021934  0.51099646131670917  0.52154605678596266  0.53212187505390929
  0.54248156944915615  0.55293380600462017  0.56356616548350780  0.57411494210451874
  0.58456189999751229  0.59516594417210511  0.60568801635315839  0.61577653275694544
  0.62620550534248032  0.63670908779171687  0.64754131791208036  0.65795876446134383
  0.66837819507307561  0.67903858957950880  0.68995752323050330  0.70116637481365984
  0.71212289876331258  0.72260744687034395  0.73290108029815826  0.74335348846341642
  0.75412314523586954  0.76514302592320949  0.77611503188646624  0.78713684884460300
  0.79820512583556447  0.80924974503516467  0.82017156495773236  0.83102458354892417
  0.84140388377686182  0.85179421741692340  0.86245268106347650  0.87330518388789058
  0.88386595729992412  0.89440686274177483  0.90521582059763972  0.91612287304767481
  0.92676287281193759  0.93767514790965822  0.94867800040220329  0.95918089971323794
  0.96922775624214297  0.97908481562979666  0.98944687802715281  1.00000000000000000
 -0.00205136424655175  0.00967466793909162  0.02034760962334871  0.03093985626245009
  0.04181018340539464  0.05311110805336215  0.06458228728363735  0.07608112454200652
  0.08717579096287234  0.09810551067290660  0.10893046900268673  0.11931129074980575
  0.12957613223948150  0.13955133497774255  0.14976880933417364  0.16021529678997443
  0.17106420414350421  0.18180588702632428  0.19236848205361634  0.20286420067771901
  0.21346337137144744  0.22430336032533826  0.23516200393286540  0.24612298534583943
  0.25726481936688267  0.26834068642000292  0.27934392632878302  0.28966884016603556
  0.30007744255951851  0.31032131662249646  0.32061476468595951  0.33028515591893015
  0.34016512970769558  0.35050711167578991  0.36111416788303202  0.37155822647795606
  0.38148049796197964  0.39150336370832850  0.40143166299801963  0.41130682896462345
  0.42110022928152202  0.43110287601159414  0.44157689130074596  0.45243968983332838
  0.46350244597990897  0.47473402672743448  0.48611896794221693  0.49767610862863437
  0.50879520754186647  0.51955787140239329  0.53039517089456634  0.54105804251664769
  0.55154644695964905  0.56196484532149094  0.57277881615137061  0.58351739061980501
  0.59390870416634878  0.60419590994631456  0.61450140378589058  0.62533489210577575
  0.63618070213672384  0.64678198092773309  0.65701557028019486  0.66770067514360198
  0.67864283345934573  0.68928608062940899  0.69942077653181067  0.70952487463646363
  0.71951621669449772  0.72925082605907643  0.73916443186136549  0.74934841121196727
  0.75998383633478939  0.76999653621276354  0.77998122778524404  0.79002638673458914
  0.80062730052794795  0.81159406939026579  0.82265976264303353  0.83380681881977536
  0.84503454908297548  0.85626214494477471  0.86707081531195951  0.87755074584921278
  0.88789872592815655  0.89849032343435831  0.90851594031761007  0.91868998196935048
  0.92848752562845560  0.93836750714916295  0.94798636562034921  0.95749467089957752
  0.96772184011145379  0.97804652831126537  0.98873126328605787  1.00000000000000000
 -0.00283723393356443  0.01043518470739256  0.02105015446635872  0.03148080127876134
  0.04201527256246773  0.05240988082298086  0.06255696326795943  0.07237026053113454
  0.08240412613978221  0.09230141099712957  0.10223164301992345  0.11210246119197348
  0.12200527222627212  0.13194929794505522  0.14188268171091808  0.15248744920911253
  0.16316476902166660  0.17358284574377919  0.18368138099725731  0.19358754224243477
  0.20370245622733713  0.21412897803796355  0.22452551529571455  0.23497816632282623
  0.24526038028802574  0.25548971426003037  0.26549458620806099  0.27564490953352871
  0.28587498342463280  0.29624583909347785  0.30627405386459400  0.31631701221059622
  0.32624081450647596  0.33654098227404966  0.34716263254520302  0.35811262182417652
  0.36922224509472051  0.38000641751342296  0.39059772332856707  0.40120417242384038
  0.41204348047717876  0.42266030010260169  0.43315730212960424  0.44352368360973438
  0.45395116839940053  0.46419370154640671  0.47436044382794990  0.48446593302449564
  0.49485906620436065  0.50573318326793570  0.51699426620642841  0.52831746093724896
  0.53942062352432740  0.55029860052095514  0.56076617343636748  0.57103150367602051
  0.58150451683316762  0.59206983658070167  0.60301673504355913  0.61374963923028603
  0.62436867879496238  0.63522126206125973  0.64620618560986387  0.65702558290082469
  0.66742567899424410  0.67749011185579777  0.68778549731119609  0.69842366265205758
  0.70921465858290755  0.72101014323076007  0.73272545014572665  0.74523001170065140
  0.75659274838950252  0.76805546898716148  0.77887245807659988  0.79027603002953795
  0.80141071539091824  0.81211608610748809  0.82198277737606562  0.83179604333131341
  0.84197612647030318  0.85226439399004672  0.86339491608285468  0.87407323636683576
  0.88526096583776737  0.89569274020792289  0.90642416270641679  0.91693570443047800
  0.92741660227679934  0.93788695090384300  0.94852451126663273  0.95916376310303042
  0.96951433845333346  0.97968040534140310  0.98981812083051912  1.00000000000000000
 -0.00206982156105036  0.00871183748093609  0.01786798016374562  0.02756002449793304
  0.03724123660258562  0.04717270681442848  0.05708142152808093  0.06692170312157446
  0.07661946280396086  0.08651564280207205  0.09679412780826241  0.10726402325443532
  0.11819476953813035  0.12905024525128447  0.13983490116790637  0.14989327251846835
  0.15963415637523543  0.16963497248292250  0.17984958376949245  0.19000516695174083
  0.20004993188296447  0.21032357947217989  0.22101163873724181  0.23179520046862670
  0.24258192950037905  0.25329144275353210  0.26415124454538658  0.27458018109970633
  0.28469616351169685  0.29522743369217319  0.30591830641405698  0.31660376333011425
  0.32677036344674992  0.33651420555774558  0.34627770159317811  0.35614482450585794
  0.36601249951917697  0.37580434843943583  0.38584202542631352  0.39588220832488236
  0.40616928498521082  0.41669284400762463  0.42795964163680966  0.43912568666116214
  0.45021439063201379  0.46099131984029773  0.47163067868107172  0.48221354193100935
  0.49285726572558225  0.50385868415774460  0.51512311755754936  0.52613970335876659
  0.53680909804277144  0.54738717648076396  0.55779352797808457  0.56815408252350696
  0.57862039868258608  0.58954224688816514  0.60109138696266295  0.61277242935299292
  0.62418081596934494  0.63535618889077206  0.64638800558742027  0.65761718294136629
  0.66906902069263141  0.68060531356878995  0.69199743096460142  0.70330293953491008
  0.71462138428804700  0.72624740468607163  0.73748751690421366  0.74824530276239065
  0.75907605220726793  0.76961667871511208  0.78020434669673144  0.79098037713159719
  0.80199415898842574  0.81280476209724317  0.82314131417234460  0.83391099483512732
  0.84540974866211382  0.85654374718674953  0.86687033631939026  0.87702300046370529
  0.88726176714964922  0.89779502550007650  0.90824985370194355  0.91856602111352248
  0.92861958932302691  0.93886711845717241  0.94918167249322605  0.95965542318218333
  0.96993321399969590  0.98026886187519191  0.99031170275176506  1.00000000000000000
 -0.00261759811073183  0.01039836964977884  0.02094140249207321  0.03122240610211731
  0.04144918356790068  0.05179099180821377  0.06222458562399718  0.07245788574199982
  0.08296317289634220  0.09378623252176498  0.10529382165559725  0.11646278988533035
  0.12776673397238597  0.13863568813451332  0.14962785934536821  0.16071719118547750
  0.17152840143966841  0.18222952890254812  0.19311253736217468  0.20405731277785091
  0.21538429546845497  0.22588979958818092  0.23634177741273291  0.24645321128441758
  0.25654342824617454  0.26691183003359348  0.27763604630857508  0.28856480346910124
  0.29929144465407836  0.30966535105529874  0.32037350395823344  0.33111679129674648
  0.34207592361137895  0.35288734317353126  0.36377501422211683  0.37497696413580306
  0.38665740059434017  0.39813525966712221  0.40949258659800269  0.42039346195094379
  0.43103886990334894  0.44128478970709883  0.45083693186787860  0.46055482476256193
  0.47047361569706897  0.48116207978032333  0.49234210191588512  0.50321336755144230
  0.51372593165764424  0.52414036740591885  0.53462411028579182  0.54545749860790982
  0.55648318728346613  0.56769049218214707  0.57873090648894820  0.58923234215881415
  0.59949551248670396  0.60948461324613323  0.61945979793282779  0.62923585250439229
  0.63927710630038215  0.64925187290510422  0.65921390574999639  0.66902669949700810
  0.67880010550006598  0.68880742101804115  0.69888456552030986  0.70887018897778387
  0.71885132629049586  0.72874065096979013  0.73866877586846069  0.74860860736381685
  0.75873395567690538  0.76926236394395175  0.78020865405297868  0.79133785405941326
  0.80234940116497344  0.81318650830608497  0.82395435009878071  0.83459280093705024
  0.84516651222500006  0.85567198189041882  0.86625334992595415  0.87717382295684199
  0.88790990744876375  0.89837698533543331  0.90862435131999586  0.91903022192083050
  0.92948336283834843  0.93979350660021588  0.95003985847384420  0.96027151759682861
  0.97023499742153574  0.98011621995212939  0.98984125785347721  1.00000000000000000
  0.00952148069349758  0.01758542415803801  0.02825429487510035  0.04025475759728960
  0.05103568477438417  0.06174182586663741  0.07235081382199424  0.08246098824629312
  0.09231543673854926  0.10189600606480041  0.11155453064229148  0.12140871902614535
  0.13131353300602755  0.14097395557276240  0.15057372741170544  0.16012464657342707
  0.16974015582215962  0.17940042343834106  0.18919410005618734  0.19963914345839007
  0.21049424911168726  0.22206892557244198  0.23304504131478831  0.24371034593107699
  0.25426125523962551  0.26460936877855540  0.27455306579495836  0.28398627761575745
  0.29378364252756922  0.30442328276478831  0.31542092950674261  0.32652086534545671
  0.33751644114527118  0.34832760641925004  0.35882694142394456  0.36923908463796951
  0.37996367103975437  0.39095453381776135  0.40167404542030560  0.41235448901925503
  0.42312003998264403  0.43402165573214724  0.44441812856175528  0.45445265729019862
  0.46493621055986939  0.47574966510934552  0.48646014749021060  0.49665886360070888
  0.50699092083482145  0.51765504216633784  0.52874703446077764  0.54002456418732414
  0.55088334965169317  0.56154953569968102  0.57184623199990003  0.58238808177552681
  0.59246792033153217  0.60263921772597440  0.61253158494938187  0.62297735861804893
  0.63337598700107967  0.64388317901069758  0.65459445871972055  0.66535980866631894
  0.67561426420507353  0.68563406375447067  0.69592837309644939  0.70682356730658802
  0.71752009325154420  0.72828734968099840  0.73900870225586446  0.74953184548512308
  0.75980193837843479  0.77006574150489315  0.78146993574925760  0.79227867624251869
  0.80256973799326115  0.81245925028018340  0.82239029048312484  0.83272981960335335
  0.84250793538741631  0.85214326314278754  0.86185261305778371  0.87178257532076198
  0.88187841254148869  0.89161484623797560  0.90102143603551821  0.91063191500342422
  0.92065017159741691  0.93095361316239400  0.94101424169702697  0.95070707046794656
  0.96002342953293585  0.96996355438678983  0.98021078480182910  1.00000000000000000
 -0.01774964573451939  0.12141452072712285  0.15911735574496430  0.18202414706165232
  0.20062026742581890  0.21608515612171481  0.22900492533117670  0.24000229877011461
  0.25045270653277285  0.26021450234163346  0.26963029325970655  0.27858936390495631
  0.28708641915554584  0.29513243899753538  0.30272891350079306  0.31017289211898280
  0.31738264861783583  0.32453862077191109  0.33167415260718625  0.33855314208608567
  0.34527042340291503  0.35196227005090008  0.35856309531210678  0.36519974657255488
  0.37165040120925974  0.37783810017100267  0.38376078288595733  0.38958098228600435
  0.39542653171780356  0.40120468115080604  0.40685141968469690  0.41245676238716228
  0.41813552008264593  0.42394104321910703  0.42965648549694158  0.43502908128259288
  0.44034926332807245  0.44561209398773405  0.45100338437295262  0.45643156403043794
  0.46182226329437626  0.46719049588741357  0.47252486837893920  0.47771737561172001
  0.48268907501343877  0.48757088811397153  0.49244861261025646  0.49742297457951745
  0.50262417160637973  0.50795156094868810  0.51331013525164404  0.51863778878100741
  0.52391761250013047  0.52919778280023333  0.53453373145747163  0.53991686071879552
  0.54526551057804584  0.55045078401446801  0.55539665662915050  0.56031765369852460
  0.56552969407156894  0.57084086691799951  0.57626389822347213  0.58166703092190630
  0.58713085866014825  0.59280304549372531  0.59854498475786055  0.60433214872819252
  0.61019465576176546  0.61599700397724122  0.62174583035185549  0.62760849190780055
  0.63356461588679169  0.63960824996062993  0.64565695440777138  0.65178099554143853
  0.65825682998090451  0.66485807277144848  0.67175086297030628  0.67870105852650409
  0.68574976233282681  0.69332203765930089  0.70104962737896315  0.70898720910644142
  0.71753703425494797  0.72654933924356224  0.73619328749104151  0.74654088800686991
  0.75737473827513724  0.76917853827046700  0.78223831940292354  0.79696291063260105
  0.81455441466047451  0.83822023261035661  0.87585969072528413  1.00000000000000000
   2.6759748942332368E-038  -1.0000000000000000     
 F F F F F F F F F F F F F F F F F F F F F F F F F F F F F F F F F F F F F F F F F F F F F F F F F F F F F F F F F F F F F F F F F F F F F F F F F F F F F F F F F F F F F F F F F F F F F F F F F F F F F F F F F F F F F F F F F F F F F F F F F F F F F F F F
  <DiscreteSampler_grid>
  grouped_processes
  1 # 1 for a reference and 2 for a running grid.
  10 # Attribute 'min_bin_probing_points' of the grid.
  1 # Attribute 'grid_mode' of the grid. 1=='default',2=='initialization'
  0.0000000000000000 # Attribute 'small_contrib_threshold' of the grid.
  0.5000000000000000 # Attribute 'damping_power' of the grid.
 # binID   n_entries weight   weight_sqr   abs_weight
    10   10   1.022215290817739E-024   2.251512993477688E-048   1.022215290817739E-024
  </DiscreteSampler_grid>
