  0.00528597389469717  0.01473012560154882  0.02673533963705249  0.03879414231915185
  0.05048250064193519  0.06194175749388425  0.07352428020898477  0.08505258377693951
  0.09648140445016826  0.10777761949026449  0.11893201455520054  0.12974470293760909
  0.14018268573151291  0.15047456916970875  0.16090392557336905  0.17130739945958606
  0.18165870880259039  0.19205817304741629  0.20262630581905619  0.21328992875047673
  0.22399016902951066  0.23463319821901904  0.24516954108504471  0.25565285344680844
  0.26637509616064892  0.27735362207065822  0.28840496411127348  0.29919976608328092
  0.30976460041910969  0.32046042308896600  0.33131653573297615  0.34234596315110594
  0.35332725562373929  0.36432127756674043  0.37535052319501977  0.38620010533986798
  0.39686823882774180  0.40734191144748083  0.41785977697802335  0.42841672476683773
  0.43883997916641460  0.44918795137986889  0.45961924302982382  0.47017197508759667
  0.48055238635450798  0.49063600337233115  0.50064613049837425  0.51076190116348330
  0.52095712471763633  0.53107355225538511  0.54112824599930776  0.55126661956811707
  0.56160635863315289  0.57219713748183587  0.58282073673981905  0.59325714091458237
  0.60352215577820800  0.61368989815890218  0.62397385513919557  0.63449372645149338
  0.64523973171884719  0.65617011698090799  0.66716013749495862  0.67816911664806478
  0.68917269113869706  0.69989364610472915  0.71048935107210176  0.72119774538021808
  0.73192390538220142  0.74255059490949582  0.75310083740502376  0.76378810927387852
  0.77440292316550463  0.78479794258575075  0.79515396919805514  0.80550186058560735
  0.81608197810872662  0.82667170108700383  0.83714029508193344  0.84732130923754745
  0.85741917670641454  0.86744777164923503  0.87749465569225327  0.88745596807344729
  0.89741287827203320  0.90734562103761585  0.91738007600900262  0.92740307964441793
  0.93746489588106330  0.94721763006809068  0.95667347122298230  0.96575503470870494
  0.97465687360891828  0.98333308735255931  0.99240069124864827  1.00000000000000000
  0.00501729575636005  0.01484504266610340  0.02619958339437841  0.03747606124088789
  0.04821076390754472  0.05876926215703238  0.06946065983205921  0.08020345270545420
  0.09081766150342462  0.10157567045814536  0.11260374570406456  0.12372097498213831
  0.13461515114716177  0.14543513121102697  0.15647372595149195  0.16748698453851557
  0.17852482288961999  0.18959497633017092  0.20079598324638168  0.21194303354629412
  0.22299544144331088  0.23391752868439492  0.24482270869828265  0.25581718151420796
  0.26694179094527043  0.27794713090382600  0.28868694176159765  0.29933406555835407
  0.30982776337498991  0.32038105287460350  0.33112610159456779  0.34191267549870091
  0.35256818452161698  0.36317781970255208  0.37372437702256417  0.38425330717389378
  0.39456705012014287  0.40478821567247880  0.41493208292458328  0.42514456729906069
  0.43547970654490831  0.44601867478050566  0.45678758527319407  0.46788169871732505
  0.47919080122934254  0.49041914663557995  0.50150562239973084  0.51227190450883431
  0.52300294266420977  0.53363984142789656  0.54421390717599860  0.55460239180126902
  0.56494757369334514  0.57536750546384441  0.58581374267077557  0.59630228146563802
  0.60676714689190203  0.61729392214249890  0.62787940793968389  0.63841532339549445
  0.64883225359123975  0.65917648257324790  0.66940547022230057  0.67962717344142709
  0.68994905756283487  0.70028206990366515  0.71066319160485747  0.72075791085316443
  0.73105440666735155  0.74161226966431804  0.75210963264014452  0.76251949196250868
  0.77279279806096879  0.78310939618953390  0.79328193991736418  0.80330671277748344
  0.81335643331220586  0.82359474415398026  0.83383275494879827  0.84398041963639081
  0.85411074493931860  0.86431290347858836  0.87454999126710020  0.88460152009941595
  0.89460706126662137  0.90474781254711800  0.91481069401027737  0.92481576995732206
  0.93467848753842320  0.94466861944075931  0.95464488260034430  0.96423363370991100
  0.97347605972186479  0.98245016656300277  0.99231321432093877  1.00000000000000000
 -0.00226999284727203  0.01009746473861186  0.02050033628706410  0.03124873587752224
  0.04213703158409956  0.05271906348072301  0.06315989564196464  0.07369440794801554
  0.08436272869104837  0.09512252661816414  0.10618855848770159  0.11723689077207330
  0.12806444468221817  0.13858308471931785  0.14905875025573850  0.15942746614340086
  0.16958646283595163  0.17980524119778121  0.19026488631555658  0.20109159902453450
  0.21188240873087585  0.22288246622816796  0.23380340615253423  0.24472797478493147
  0.25569625982791716  0.26664767244864290  0.27737506208916296  0.28811827337798201
  0.29877589322606951  0.30937794170778554  0.31977279602133518  0.32995451925571218
  0.34020965382108376  0.35059600993035533  0.36113791911284276  0.37137682919606557
  0.38164786504352938  0.39189093280001080  0.40193073579883626  0.41191814483988992
  0.42214755645300872  0.43280366785124347  0.44332296994427983  0.45374378359897699
  0.46405797509498653  0.47420176184832635  0.48430585285608418  0.49436280612350625
  0.50480306388279217  0.51536411522065573  0.52603700596827641  0.53656688103712347
  0.54752955022647953  0.55883790943632383  0.56997670113848586  0.58086364030298465
  0.59166901345186895  0.60233299915606908  0.61293797598062671  0.62368967986556101
  0.63453238143064727  0.64539239726945385  0.65601320083884374  0.66649220122704855
  0.67675695824191973  0.68705557199787293  0.69729558883565967  0.70764370385585595
  0.71807168108637942  0.72857060247357119  0.73898940053586670  0.74927015807409225
  0.75962838559810186  0.76989246170888703  0.78007835171142204  0.79026857322486865
  0.80085674264587536  0.81165167911362923  0.82241419599492782  0.83307716482485328
  0.84385286174215945  0.85478554555537856  0.86540593160458179  0.87606735256003787
  0.88616452331631324  0.89658558670448119  0.90688297405819496  0.91718263457085392
  0.92736592248642447  0.93740927248171779  0.94786665383542690  0.95821830048006906
  0.96864171110315467  0.97907886053599291  0.98946830910709449  1.00000000000000000
 -0.00225238741695884  0.00952776625500823  0.01935197076366624  0.02964226238683898
  0.03976256546287667  0.05002896644770113  0.06023828839856809  0.07058001702048451
  0.08099274168992672  0.09167898917414107  0.10273671985987325  0.11371843836021767
  0.12439184575905078  0.13482634707901167  0.14536054208943910  0.15576791724178241
  0.16610346526718614  0.17643122682369056  0.18688000178283465  0.19770091422533403
  0.20836155798517692  0.21916611009892178  0.22985302808908292  0.24030436643824010
  0.25085295623298526  0.26133250768183036  0.27201868811093532  0.28280051601602557
  0.29335572940700566  0.30368385584310031  0.31407688786927523  0.32464058680339269
  0.33527079782255759  0.34562333375725701  0.35609697617603875  0.36651067277916777
  0.37671209438272940  0.38689175593196229  0.39726919193750532  0.40789654893013710
  0.41844551351171277  0.42893989292340096  0.43929001329793738  0.44951445646623867
  0.45974007694130226  0.47010424824892616  0.48055328226545979  0.49106707358028434
  0.50153399593166514  0.51206414997255933  0.52249829239833800  0.53303989439965249
  0.54358713879787368  0.55421236882063352  0.56474699562549935  0.57526327687160483
  0.58570190581697290  0.59601752268035313  0.60636888894094387  0.61670233578483369
  0.62689256337431809  0.63696716322997982  0.64710478562575890  0.65734757367574204
  0.66760468278804985  0.67807097128761029  0.68868402706960452  0.69952484563640682
  0.71046456368849165  0.72163602267254334  0.73278933897606346  0.74351222114538285
  0.75415207421135122  0.76456491752076516  0.77492381917020137  0.78535206215528364
  0.79577142548026425  0.80646455889250002  0.81705086550477712  0.82788145380115852
  0.83878856784635836  0.84942106986448151  0.86018066451812969  0.87062617714920132
  0.88130879344611746  0.89206803970003445  0.90331585697778005  0.91469131215899935
  0.92574243632753495  0.93671977689846031  0.94734841587457286  0.95819127837984919
  0.96841520765803668  0.97878362806495878  0.98925465761453457  1.00000000000000000
 -0.00231601895932931  0.00972539795016187  0.01997207175570809  0.03036593441533613
  0.04080852561742914  0.05139298097890567  0.06208891237949179  0.07273737601074592
  0.08324325608581704  0.09391041943067988  0.10474946884171707  0.11557499148370512
  0.12628490053708855  0.13690149422210551  0.14752738155323744  0.15817190596941344
  0.16879663360452132  0.17962668146927321  0.19027406157983576  0.20089885845944339
  0.21120470379229270  0.22137464790912190  0.23149648067249856  0.24168028020949631
  0.25241352553978963  0.26350480999677384  0.27472521417310597  0.28553183010343935
  0.29631211190015266  0.30691723068366328  0.31724275592355811  0.32748549361577911
  0.33782579836762716  0.34848783695812247  0.35910880113405669  0.36964011677626230
  0.38000275260934957  0.39028962955535845  0.40092134501303978  0.41173942686307458
  0.42234857266181475  0.43298077274658209  0.44352753281349189  0.45420527554955986
  0.46482643175852217  0.47546944430153137  0.48620344727711162  0.49663208538761405
  0.50693514119257188  0.51730729620404792  0.52785053821027339  0.53846292508848304
  0.54868320473604126  0.55867443845164899  0.56853818572515380  0.57845617555501272
  0.58853752920775271  0.59872663471123688  0.60921543165127146  0.61982439609155027
  0.63065106510476221  0.64150395146755579  0.65224076199488634  0.66297843788098298
  0.67376034499072857  0.68469216366321306  0.69537746948438406  0.70584214404936507
  0.71599861438822610  0.72613425075805649  0.73622011701533785  0.74638203838149519
  0.75684588695094124  0.76775685085495127  0.77864045235753832  0.78943909001309576
  0.80030369503700105  0.81123180535710759  0.82185982389728840  0.83231212668269750
  0.84296124685255558  0.85374757176416061  0.86428050300677450  0.87498675964787964
  0.88567708877436035  0.89627006262937259  0.90669725843392934  0.91716098216362452
  0.92756664209768724  0.93789989495139836  0.94828455441663695  0.95876676891644586
  0.96915956328974717  0.97942997524372111  0.98978857350106231  1.00000000000000000
 -0.00232064596323579  0.01012115539631152  0.02080963096195965  0.03176204800688543
  0.04264653094910180  0.05317973717094529  0.06373860367750525  0.07404012212310912
  0.08448972981120539  0.09491900666963213  0.10554606709873332  0.11611963962767469
  0.12650218709841082  0.13676363758712920  0.14720377582135966  0.15792813768521083
  0.16875113977973635  0.17953389023143665  0.19035581080075473  0.20108290215909883
  0.21172597581081148  0.22214168585068922  0.23255730538095085  0.24317838420063823
  0.25389902945697568  0.26479335096985701  0.27558715408774082  0.28609800888046510
  0.29637991419416243  0.30647432981948070  0.31676721717443629  0.32720177349263579
  0.33790990529067311  0.34863976567174437  0.35953128244333082  0.37057864465605800
  0.38171115428718894  0.39276039530125351  0.40377183677847839  0.41474271016685277
  0.42557995419877026  0.43633846992040559  0.44694384665041625  0.45744291444346641
  0.46788815050227228  0.47840102673242829  0.48901038441051498  0.49940618168827433
  0.50958083990101055  0.51973979881457033  0.53031921567472817  0.54111682002310990
  0.55173094294163993  0.56231499163830334  0.57319236608139146  0.58418408239406028
  0.59454408088011335  0.60465535746561405  0.61487807867020206  0.62533651298246218
  0.63558863164866264  0.64562429951442446  0.65580296794426840  0.66605481942921796
  0.67644833049014075  0.68676193112264916  0.69710982450560377  0.70754294411862839
  0.71777486563135873  0.72797800388142531  0.73800269642855032  0.74799901298995808
  0.75843324992771621  0.76916688771695951  0.78034895703689611  0.79151987058313489
  0.80267791782308728  0.81370930368055960  0.82412977193333881  0.83471985941524784
  0.84507135410941758  0.85530431775584470  0.86522663745274098  0.87526813970184392
  0.88542539232368156  0.89581577821717673  0.90599521922441528  0.91619028744420294
  0.92650973212773036  0.93692765214685303  0.94725549237468765  0.95761879343642808
  0.96829420445076475  0.97898580800291390  0.98946107365754332  1.00000000000000000
 -0.00170798081550072  0.00981129098684476  0.01978496823779487  0.03058940076580978
  0.04123727382332326  0.05191066354423157  0.06246973266274478  0.07274959017012764
  0.08302962100542330  0.09310357014430641  0.10333392807241366  0.11374720061194413
  0.12433189025664501  0.13525167669819838  0.14639545224121953  0.15733557048952920
  0.16822258194618087  0.17858039335208964  0.18906584477902741  0.19954207000564328
  0.21014443559010570  0.22060985023557039  0.23082651630516116  0.24121177000247723
  0.25169888652112260  0.26226794273017134  0.27291989121698246  0.28381978531390539
  0.29476055879911767  0.30545607967498761  0.31612802211348295  0.32683322109189183
  0.33736100923055262  0.34769952360534917  0.35838510594176121  0.36932867789736534
  0.38017582345723355  0.39040173646233728  0.40066635811583695  0.41095974707967653
  0.42155408745049644  0.43210306887595717  0.44273245926155153  0.45303069041392635
  0.46331853014416968  0.47389056751707354  0.48464595389132192  0.49548641095539636
  0.50596880692787927  0.51628823155360182  0.52654458327593923  0.53688563131662315
  0.54720918473101732  0.55727438891286396  0.56760908461903037  0.57808807011811858
  0.58871504678085795  0.59922221482959204  0.60987046947500245  0.62062590177048726
  0.63135079018248563  0.64212408157620915  0.65286122049886863  0.66359128352720542
  0.67426697565686666  0.68498212331104691  0.69543590272202149  0.70581204689408106
  0.71610933477205707  0.72647910769590962  0.73673273501216585  0.74699625575722439
  0.75757504772270534  0.76858084605868981  0.77942590330738981  0.79018274342455708
  0.80078199480733503  0.81167794483249045  0.82204809764262632  0.83245153496572843
  0.84272009491063271  0.85327003349230812  0.86384424583086128  0.87446897715281713
  0.88492514889394325  0.89530371352483418  0.90555448469380284  0.91589446440383782
  0.92640013039070557  0.93727086353909428  0.94786695773222018  0.95857866865701946
  0.96903620215819086  0.97970056592026145  0.98988727603244153  1.00000000000000000
 -0.00218927818934985  0.00965481741077714  0.01994498055000999  0.03062221991865567
  0.04146315299144129  0.05244155938419220  0.06365717308453302  0.07453266022083067
  0.08529384145479729  0.09590095058229595  0.10649735133910354  0.11716537161524378
  0.12782813356757300  0.13862778803322789  0.14925744369372582  0.15964589957109424
  0.16999814014060174  0.18027100535635809  0.19066800406473655  0.20072221472777813
  0.21088646858504678  0.22077759098843311  0.23080242237087881  0.24049549624521002
  0.25011250222670689  0.25976254451242847  0.26964180865338994  0.28000400068187792
  0.29063919516721554  0.30124776784988994  0.31173874493831871  0.32227821647586746
  0.33289107126996020  0.34343914983868629  0.35390321361002358  0.36441846556258817
  0.37496291943858562  0.38579804847081217  0.39678941727646988  0.40789708157343840
  0.41911312452316629  0.42988493921254539  0.44066609547332930  0.45109577413222485
  0.46188062677815078  0.47253890657306996  0.48333158371185514  0.49384584080649607
  0.50442282277038120  0.51491003139887970  0.52537285669358813  0.53575677154089429
  0.54604675054850105  0.55644777153505720  0.56693532057465434  0.57747814243480922
  0.58794999852694652  0.59853651779040518  0.60896902665681552  0.61955489822990906
  0.63056774788767389  0.64183943332274795  0.65274176348802715  0.66302067573341328
  0.67378116959587242  0.68471693514023513  0.69538946410268510  0.70570489263145231
  0.71633003400237394  0.72740867827433298  0.73811663753457279  0.74870820292526929
  0.75896323753119799  0.76948669699440742  0.77996179809831401  0.79041306960995961
  0.80092868316680299  0.81127263688323537  0.82171323705917931  0.83211448896750806
  0.84240769161754125  0.85289591355716743  0.86329739357241753  0.87379830429610528
  0.88427507003426220  0.89481543960041698  0.90553534856516560  0.91601215273691627
  0.92644007494703573  0.93691355124956721  0.94749237436015865  0.95836986747341579
  0.96893592772292481  0.97958595638086032  0.98980946316529606  1.00000000000000000
  0.00957649810359497  0.01553837224892930  0.02470113049193752  0.03508032342887886
  0.04532680025978583  0.05593436758453163  0.06667501222237554  0.07743826260509923
  0.08806307156665696  0.09870965143544379  0.10932697486006046  0.11990495426650744
  0.13024113505143856  0.14073761767021742  0.15138406020807671  0.16234263592420975
  0.17320340848671137  0.18398771512595818  0.19453415310600247  0.20518304090673650
  0.21584328945504663  0.22653384420299336  0.23688490228518125  0.24713320817155912
  0.25727674468537520  0.26752327610717663  0.27766411112969247  0.28785542093473043
  0.29800716145320760  0.30821784572506006  0.31836786299762565  0.32875993912660095
  0.33915365005078058  0.34952226166492961  0.35974169452228466  0.37003597899094082
  0.38065922691721393  0.39121290342444576  0.40164365602562985  0.41207191580517188
  0.42254490939709943  0.43299586091848846  0.44322672246089095  0.45326836892685052
  0.46325961061397919  0.47334548177590186  0.48354057136587553  0.49394442598698257
  0.50456586279656634  0.51541400663470960  0.52612874876688154  0.53649409132341375
  0.54684607269888019  0.55730309372951392  0.56773216821141381  0.57807607374980874
  0.58836694151137869  0.59858674654028199  0.60885544182453022  0.61910389271799204
  0.62943525539133549  0.63991621322276837  0.65065558952548941  0.66148279352971651
  0.67213459049869684  0.68265727754529282  0.69329458534866595  0.70411947865024094
  0.71478993337065622  0.72523215383649953  0.73584453243563575  0.74649157449201475
  0.75689573805544152  0.76712664997107305  0.77730177158620173  0.78759516226347726
  0.79766537690079875  0.80763584017318557  0.81771397058360451  0.82771883361623078
  0.83777602923990202  0.84794297201729207  0.85823316160751284  0.86848403845199196
  0.87859703998170124  0.88874534067327193  0.89898323729123331  0.90916423203812602
  0.91934402485671329  0.92975388861598163  0.94006651545863196  0.95045812061359436
  0.96082292211980425  0.97108652680590857  0.98133335634922469  1.00000000000000000
 -0.02010271287486701  0.12227401307090852  0.15977735643707949  0.18290954585940439
  0.20110795213393731  0.21638787409626253  0.22971419501648457  0.24144690159185969
  0.25220596112537857  0.26194616904558954  0.27136055427200595  0.28009152797489595
  0.28861730192119617  0.29672802189707187  0.30450262235227149  0.31212024069804933
  0.31937627049254358  0.32649000969317710  0.33339121678701383  0.34010720709656389
  0.34668936688397450  0.35313833366257608  0.35941664775624904  0.36555952829685928
  0.37168100511175539  0.37766125932438932  0.38354391536400839  0.38939172952028683
  0.39518829478587070  0.40091964317807594  0.40659598430890093  0.41221534510613145
  0.41775159352059338  0.42318633404183625  0.42861576420109948  0.43405441239642267
  0.43944198456174410  0.44479233921898670  0.45014338813108196  0.45549547535530682
  0.46081008464580364  0.46608788436774434  0.47134004726049705  0.47657153295300386
  0.48179351701692280  0.48699715635065427  0.49219395300145302  0.49740205594557180
  0.50260669976980454  0.50780323787335746  0.51294543201116294  0.51807818643019143
  0.52322451143074278  0.52840531964065063  0.53362628623065345  0.53885401571860891
  0.54408571902336655  0.54935991153313635  0.55464876228501681  0.55998739394297370
  0.56539756487147808  0.57087935887044705  0.57640005721350440  0.58185986872181894
  0.58740323025996577  0.59298618010899717  0.59864381220606933  0.60440058677851616
  0.61025525833775141  0.61616102194865319  0.62207326117351891  0.62806795783346048
  0.63421349197327781  0.64041938254191400  0.64676654939915879  0.65327692295779904
  0.65989400175600021  0.66664291425789679  0.67355168646212571  0.68065342742758994
  0.68789806853460178  0.69552327758545918  0.70336838561974491  0.71142678204067400
  0.72000546741870841  0.72859506165140597  0.73810283387453257  0.74787708089419902
  0.75882292423586262  0.77053690887511972  0.78358754913026707  0.79841629880580944
  0.81631913940319889  0.83949284462260432  0.87733721442860946  1.00000000000000000
   1.3600860163391173E-039  -1.0000000000000000     
 F F F F F F F F F F F F F F F F F F F F F F F F F F F F F F F F F F F F F F F F F F F F F F F F F F F F F F F F F F F F F F F F F F F F F F F F F F F F F F F F F F F F F F F F F F F F F F F F F F F F F F F F F F F F F F F F F F F F F F F F F F F F F F F F
  <DiscreteSampler_grid>
  grouped_processes
  1 # 1 for a reference and 2 for a running grid.
  10 # Attribute 'min_bin_probing_points' of the grid.
  1 # Attribute 'grid_mode' of the grid. 1=='default',2=='initialization'
  0.0000000000000000 # Attribute 'small_contrib_threshold' of the grid.
  0.5000000000000000 # Attribute 'damping_power' of the grid.
 # binID   n_entries weight   weight_sqr   abs_weight
    10   10   4.391954761221298E-026   3.613709452237147E-051   4.391954761221298E-026
  </DiscreteSampler_grid>
