  0.00486107654021176  0.01459960389809074  0.02651643166994114  0.03834743813422876
  0.04959576137181020  0.06039277254054068  0.07110179081735955  0.08186112836916673
  0.09266898241525799  0.10360548222040675  0.11452650860192205  0.12525516021224861
  0.13570033472125542  0.14622984333298139  0.15697945898395510  0.16790894157310873
  0.17881117516477213  0.18977846075928703  0.20054266476296129  0.21121873185082779
  0.22186243409246187  0.23262864934861810  0.24341269776187971  0.25420014144819814
  0.26506972388656069  0.27601191768618721  0.28682801660596885  0.29732607128905369
  0.30774413792759264  0.31824732394388916  0.32870878661348013  0.33905803518188665
  0.34938831849488339  0.35980530916269526  0.37032920453345314  0.38075733802677181
  0.39100733700163498  0.40104954844641683  0.41094231749251459  0.42104008303626789
  0.43134033899908086  0.44167105071029616  0.45175489304310334  0.46162832382529784
  0.47144628022532231  0.48141562496827733  0.49161722757771592  0.50196956046866903
  0.51235219760558548  0.52253340610381072  0.53235173462841201  0.54219757944938263
  0.55224603350776602  0.56265163451614475  0.57209999903234232  0.58008612703438722
  0.58799715389841989  0.59602312527578405  0.60446878022999484  0.61531124694872885
  0.62583279242738632  0.63616630308647426  0.64657562251974843  0.65711795116935290
  0.66769029417815939  0.67835550325774285  0.68913789803483338  0.69996710431517217
  0.71064778277777019  0.72107947806592998  0.73145972611563548  0.74177874681927858
  0.75220196897505098  0.76268953844674481  0.77336124627516711  0.78419529801339671
  0.79476665753904097  0.80532979337857791  0.81599788356475711  0.82696988173660657
  0.83794584068402100  0.84889768587600400  0.85956852637462300  0.87001491361232985
  0.88035397018928996  0.89061851034066364  0.90087585000696491  0.91107725966171815
  0.92139681364483672  0.93189818127578428  0.94238953686813609  0.95265144013027148
  0.96273239307392067  0.97240868870074859  0.98190665164999535  1.00000000000000000
  0.00509626037653581  0.01519531039046966  0.02614057053272274  0.03787923793535600
  0.04911799236535782  0.06015633302738921  0.07102177203214169  0.08167403708899874
  0.09217573640423837  0.10259547585725969  0.11305846947377567  0.12350698537922097
  0.13405323029431254  0.14471392281719775  0.15544705744327847  0.16602491169223901
  0.17658138655703937  0.18724265154184155  0.19795122469391624  0.20861055050657001
  0.21915574961659487  0.22969763969090234  0.24070185175349629  0.25146330332300049
  0.26231944335788054  0.27048933812244791  0.27841968420195379  0.28643769335264796
  0.29442367034826233  0.30408853446664152  0.31461123173996952  0.32525287893702959
  0.33582907413277402  0.34627725792891251  0.35665059771871604  0.36728559693253721
  0.37812259022709105  0.38905343482131494  0.39984040948897387  0.41065591484761177
  0.42141249077146120  0.43199119828404481  0.44274862077568056  0.45349688402870175
  0.46419267190396879  0.47479461793136207  0.48548344355928374  0.49624269256261294
  0.50688012749007583  0.51737196097487825  0.52783807040758268  0.53831001211720397
  0.54872328279403337  0.55919588749732885  0.56966462560863185  0.58002151897445520
  0.59024191072867971  0.60040217720590938  0.61069110591453901  0.62106650195461821
  0.63152653556030247  0.64205170787218002  0.65256072782372865  0.66290269257870360
  0.67306002508060103  0.68315829562732877  0.69343075740285964  0.70378687927081329
  0.71431726809520524  0.72469536074005203  0.73514894473965697  0.74561398329011586
  0.75611407937740360  0.76661535801028902  0.77712637090256409  0.78788210272520287
  0.79895066151827643  0.80999077040113887  0.82083915846163136  0.83163229321425325
  0.84242498302350066  0.85316490060698991  0.86367849605479696  0.87398807627352604
  0.88416771134877292  0.89427809277160397  0.90441011941898020  0.91464940980764242
  0.92464924045219399  0.93476743890279279  0.94466670839776812  0.95461434093296516
  0.96432964166419144  0.97381675427899150  0.98295656796304454  1.00000000000000000
 -0.00007285077589883  0.00340152578883426  0.00695576544087954  0.01064126576392712
  0.02096547467898983  0.03177653214912068  0.04255711321734085  0.05332070715946569
  0.06405232092932249  0.07504912710002362  0.08605312890042362  0.09697605425642139
  0.10785603488603515  0.11873380699346472  0.12981822814143021  0.14108766267107034
  0.15227559483874428  0.16333601566893935  0.17422112065897646  0.18481481270456596
  0.19552524648066985  0.20618775371746564  0.21685280008832181  0.22744552360957582
  0.23838059458033600  0.24938898093346312  0.26060263682484558  0.27175007205098922
  0.28271319955410129  0.29359032158023235  0.30443111917095600  0.31518154727737047
  0.32579833161883548  0.33649548566397947  0.34730071282643349  0.35808927256402734
  0.36884023902473662  0.37938033378602476  0.38981372596907043  0.40021597143565701
  0.41067564493709241  0.42112758776651327  0.43160145676266443  0.44225248279771079
  0.45298601644342018  0.46359441957847092  0.47408698825086065  0.48466205328232786
  0.49543593494355115  0.50602019449478719  0.51661270766309175  0.52728981832332289
  0.53821874273551940  0.54873080874941460  0.55914851637011720  0.56957509165368947
  0.58005070914819645  0.59061402687560127  0.60133595817236052  0.61228904280562113
  0.62334793321715687  0.63436452528061127  0.64541561510094003  0.65638816477206019
  0.66714484451112410  0.67796579922998812  0.68864647577184090  0.69916910472349802
  0.70950723441304608  0.71990908549766319  0.73052257740797899  0.74118942434795698
  0.75187403670769237  0.76262736442189671  0.77348436865496728  0.78446724062267570
  0.79546697045248171  0.80629437554814409  0.81714023605303598  0.82769590666080817
  0.83848711191162106  0.84887411949339775  0.85942245878726642  0.86986736264966469
  0.88044129463151832  0.89114186230646131  0.90185900210589298  0.91265377520721347
  0.92357151532821180  0.93459317875114534  0.94560588805563250  0.95652288183509326
  0.96742470278658155  0.97835914873459817  0.98916265572541706  1.00000000000000000
 -0.00223114986771592  0.01000650660698959  0.01996041144784362  0.03053153168291076
  0.04091994236716354  0.05140936120429068  0.06191207726906343  0.07274155377311409
  0.08368964081971525  0.09442489912642407  0.10503622551875269  0.11556207418682017
  0.12588360539569365  0.13607445821269928  0.14660639971331180  0.15719552626297625
  0.16792311668967908  0.17844356128508959  0.18888219641316559  0.19933639545374668
  0.20985873480877326  0.22057632834318547  0.23122832824858974  0.24165845508491671
  0.25195921878880773  0.26224836451128292  0.27281493556319153  0.28351492251839439
  0.29413394329706555  0.30467530677133103  0.31540510638239588  0.32647457564445348
  0.33751396341149603  0.34823004470199020  0.35903971075521879  0.36988513448426952
  0.38080974452109473  0.39165028521983736  0.40252094205551048  0.41331015840130858
  0.42428490440563282  0.43525694628643907  0.44585890028480785  0.45607547893866263
  0.46639680831674019  0.47681807898963496  0.48720573384631449  0.49761455984224234
  0.50841618337266992  0.51940197760105089  0.53005130654630994  0.54061608503329439
  0.55123167166738263  0.56195801343499174  0.57269932134989709  0.58351785243339593
  0.59434569191222841  0.60504905364543060  0.61565479818157487  0.62635389888312976
  0.63731870846931116  0.64836134548412494  0.65938268710172165  0.67029573513043816
  0.68109884407764565  0.69181054534561326  0.70221187606096469  0.71252830606239526
  0.72297192310285885  0.73364676289822250  0.74450690644764872  0.75541107541193164
  0.76471102253991330  0.77260264976792026  0.78061817873129868  0.78847352073622667
  0.79796169548493856  0.80904234513896833  0.81978081039547102  0.83043277749432376
  0.84100064581046952  0.85177618174355707  0.86264120364445607  0.87368692325780750
  0.88481134509154424  0.89570821220778596  0.90633021518575607  0.91683661561306817
  0.92716666075363885  0.93725741341082047  0.94705206012116794  0.95702551670607183
  0.96773002323746526  0.97846977078523767  0.98922007176645399  1.00000000000000000
 -0.00214605599824382  0.01007114281192937  0.02051495138750713  0.03078220640249312
  0.04085596948719865  0.05102032442555701  0.06110399002151903  0.07134448460878746
  0.08181380168832540  0.09254488947295629  0.10327087865334621  0.11391555117025090
  0.12469153958160743  0.13541413598452429  0.14611738062575952  0.15687673566993768
  0.16753055728646060  0.17817270594656445  0.18893696038414801  0.20008003524765075
  0.21092998844056549  0.22025408221969781  0.22962350664899928  0.23905232321565806
  0.24837402251537813  0.25947334878979106  0.27002462828124124  0.28055186572815005
  0.29070418283153604  0.30115679366958520  0.31150207752105830  0.32254787144246777
  0.33360048970364536  0.34434804659052087  0.35514070221015676  0.36580073401661672
  0.37654268721496725  0.38727023036221525  0.39792988244921473  0.40863523212555092
  0.41906711349623882  0.42937857020467579  0.43968960827151765  0.45001982176291411
  0.46035605742125407  0.47064065692629753  0.48094774100395782  0.49120609556205896
  0.50145635317446358  0.51164311944502849  0.52205954985533654  0.53305325821414884
  0.54389343974202886  0.55481917134361036  0.56583206508304107  0.57714090965610632
  0.58800696831431176  0.59857960613243710  0.60934328640906610  0.62006185299863259
  0.63025730269055369  0.64028420423202259  0.65067263087554317  0.66152665389770293
  0.67221075793381047  0.68242860816328244  0.69268324931971526  0.70293797389781376
  0.71343907207034252  0.72389831460098553  0.73424383651634273  0.74453911700141273
  0.75511541774210855  0.76630152079201908  0.77761748740446657  0.78876350933549166
  0.79954390576712997  0.81028368684669028  0.82096136027886446  0.83159826799263659
  0.84172213787929318  0.85175831619165165  0.86216141963015736  0.87312681204217790
  0.88400525941869501  0.89470095841226660  0.90494783265203327  0.91524045550232114
  0.92560029807411925  0.93573647046530239  0.94608775194508266  0.95628432502092686
  0.96708096027795176  0.97786976500347544  0.98902771133409784  1.00000000000000000
 -0.00225054897684050  0.00964020810262067  0.01976598940260893  0.03024497105967470
  0.04080032263693935  0.05135332712249718  0.06217385274855609  0.07104984901434701
  0.07997993725070056  0.08885716595224985  0.09813836793163531  0.10923859515173900
  0.11996899530514279  0.13105377288660405  0.14236811984583048  0.15333108759422140
  0.16389689230113344  0.17450184730504498  0.18486714376990035  0.19507587584857797
  0.20498289946856832  0.21530426794446600  0.22573839651668298  0.23626610588712466
  0.24669625913704976  0.25726400210532430  0.26770001663900850  0.27802327353705486
  0.28823812933020759  0.29855174327480172  0.30884608877858988  0.31898928761091155
  0.32919047397324858  0.33953435308430063  0.35013796120978063  0.36068790458045707
  0.37111121354152615  0.38176330965419197  0.39267893742611648  0.40346001365337530
  0.41400499730185059  0.42437844550969867  0.43471353192299428  0.44484594072951156
  0.45490631084258909  0.46511997017258006  0.47539371794790680  0.48562023365915136
  0.49604431160334156  0.50658511857917632  0.51734699406990081  0.52809479281742033
  0.53891197847718164  0.54967891014996018  0.56030893811395421  0.57113380428924243
  0.58206153240868563  0.59303458783933538  0.60401480184877299  0.61499318912724588
  0.62581213833391081  0.63637950562650336  0.64700503336937643  0.65793927036668132
  0.66887863118551760  0.67972104731496308  0.69032276568539352  0.70092570823866962
  0.71152724669645229  0.72223139817404158  0.73302897502696052  0.74385070906801265
  0.75475521124044898  0.76572767991534507  0.77653383038119228  0.78711925029504393
  0.79760037897877534  0.80811963327996084  0.81884685746236030  0.82967701741247524
  0.84049861449082963  0.85131759281159192  0.86192315287436660  0.87238538003817678
  0.88280230262749049  0.89329050817773037  0.90369382509195506  0.91411340511074513
  0.92465774637161202  0.93524865136198010  0.94593402919607272  0.95655432475801350
  0.96747618319089113  0.97831322980925917  0.98914504121694602  1.00000000000000000
 -0.00243097192359721  0.00936242496969519  0.01944081391963386  0.03025638580109168
  0.04091793274545047  0.05136392971445835  0.06172243433850805  0.07232247220251241
  0.08274125324294811  0.09321210382846604  0.10371657434417224  0.11426769673880403
  0.12478774032829340  0.13559237130802246  0.14635171953857407  0.15684118172346823
  0.16722182160820145  0.17780128346789451  0.18838109038567394  0.19894019398230903
  0.20970543672445305  0.22068908622585892  0.23134861971128617  0.24174222944422635
  0.25215640049973437  0.26263403007604547  0.27316073181075873  0.28379836892383770
  0.29445253865646609  0.30529446215297273  0.31607876898579229  0.32683866596850325
  0.33739307811786301  0.34763497645875674  0.35817143722379607  0.36869849427646828
  0.37915657076598525  0.38971424470737759  0.40077944387190456  0.41223825834775357
  0.42345176556204939  0.43422008461014489  0.44480987597450528  0.45527225399813148
  0.46547118194583703  0.47560554864153626  0.48605157340676580  0.49661969290573554
  0.50697091056707877  0.51713891821932434  0.52761928701111271  0.53850695869409859
  0.54939650620682712  0.56020303940509231  0.57120079337076712  0.58217908062230239
  0.59295459951767626  0.60363889798276615  0.61455052218359585  0.62422497581141778
  0.63298642298479357  0.64170545715387495  0.65019462726773725  0.66069880940233650
  0.67140364059147428  0.68212900101777063  0.69258953465190953  0.70309357798654659
  0.71367757632823114  0.72423700154594284  0.73479646246437935  0.74532375597311851
  0.75615131220419851  0.76719065764304806  0.77795204758672776  0.78867927571624075
  0.79942204062463551  0.81009263130658771  0.82079979471964759  0.83153422057594595
  0.84230193193753777  0.85294832897585404  0.86357560111054610  0.87427962389600300
  0.88479413820137909  0.89510534531258290  0.90532495179199934  0.91553333965730399
  0.92576584195655431  0.93591507776933491  0.94632550943392202  0.95673395483278634
  0.96731884835760851  0.97787337645122607  0.98878560792876291  1.00000000000000000
 -0.00224079416415613  0.00960209542150874  0.01980998850690120  0.03025313236011027
  0.04080298351754014  0.05137717929034699  0.06216703371857971  0.07261745294862802
  0.08297408330387122  0.09318469796599613  0.10333744918156598  0.11376928232601256
  0.12419261317236453  0.13501017466942594  0.14584500197888708  0.15680029080898822
  0.16786432396552292  0.17868612374192999  0.18951331417884262  0.20007392475397148
  0.21085658115658387  0.22178331053241962  0.23268971214842260  0.24312330934134044
  0.25362194312401243  0.26427299608968169  0.27507173747994368  0.28551372096717742
  0.29614925495252120  0.30705868187017243  0.31809329099858236  0.32905398567572341
  0.33972328320873540  0.35036101211398213  0.36106967476670832  0.37183181105779384
  0.38244861347557119  0.39276662064988321  0.40283776633853979  0.41285055207549060
  0.42306056887676230  0.43351999769140032  0.44407280193889603  0.45456492718445729
  0.46487622389954797  0.47511653949017890  0.48529908511677206  0.49567916307452758
  0.50617461541865705  0.51668115107437795  0.52751651085556439  0.53859421381495509
  0.54986817528623488  0.56106258556733846  0.57215927189721760  0.58310953359180973
  0.59403649669741221  0.60497694931701296  0.61585875483542862  0.62671449034890925
  0.63755081116900081  0.64827048381781460  0.65894536495717693  0.66948108906958703
  0.68004515370473606  0.69068381452889338  0.70143125643847526  0.71222484023862909
  0.72302792355973133  0.73392317128564233  0.74486621357441607  0.75588339524263681
  0.76677962442641945  0.77751423498917072  0.78815549629179638  0.79877777167741093
  0.80784017781040685  0.81566517157516583  0.82342011822236105  0.83125814465885484
  0.84058573840716644  0.85166237546960788  0.86266567192217503  0.87366358816156209
  0.88437999920829014  0.89496989722135800  0.90538752020336477  0.91573854662865328
  0.92653489589205706  0.93728231872851786  0.94796761190518275  0.95809531061680209
  0.96839068694782049  0.97873545954650532  0.98924669490113215  1.00000000000000000
  0.00958639437045600  0.01562380131263169  0.02462986405137844  0.03495045860544078
  0.04511052384516474  0.05547058817935767  0.06605273114678453  0.07667085158418303
  0.08719218144823539  0.09750599390302400  0.10785132638337838  0.11814621383079379
  0.12842046623806513  0.13875017962785491  0.14946125459266735  0.16039169461673985
  0.17124438198662448  0.18193280934973757  0.19258776870142530  0.20337389494768116
  0.21392885043780033  0.22458318412589537  0.23523894764014622  0.24578397875243457
  0.25633221004030787  0.26676360276363481  0.27748618887255222  0.28807064104579955
  0.29891202754011964  0.30990565390615238  0.32087799839476877  0.33172969047937401
  0.34241262603984357  0.35300911245263850  0.36337391472364888  0.37372895429027131
  0.38288574794998370  0.39104735825333536  0.39918827327686190  0.40716712118959492
  0.41612193501381112  0.42643509626748299  0.43662256031888969  0.44672702256375851
  0.45684159236581456  0.46704697952904550  0.47739430840805991  0.48768297021925933
  0.49791784553614776  0.50829675156830623  0.51870357995648497  0.52937068781507723
  0.53988330641098348  0.55027738314326891  0.56062109267464688  0.57125046459253437
  0.58209777852859779  0.59295169165664297  0.60370562046555032  0.61430587912348567
  0.62471835169079493  0.63492366881656792  0.64513679645196953  0.65537261914196687
  0.66576609522451025  0.67627166734133570  0.68665105001436721  0.69677644693948615
  0.70695635634682574  0.71742365604042591  0.72804020888069176  0.73844977024158076
  0.74860711550542902  0.75881348598452714  0.76915718063854044  0.77960937958620224
  0.79019557240830518  0.80084915945446900  0.81165301741523843  0.82264553123959350
  0.83358336130923483  0.84405134725418285  0.85418952382222002  0.86444955157071279
  0.87507314417665993  0.88583844690413882  0.89663992631884037  0.90738767126957942
  0.91793643858634333  0.92819458653085840  0.93849368348466800  0.94876830759901543
  0.95920800360032255  0.96971186166354972  0.98011585200045603  1.00000000000000000
 -0.02029666451561198  0.12253426056723744  0.16076191909772020  0.18404345055656654
  0.20210425086950626  0.21710388018633295  0.23025101387890026  0.24193309133273233
  0.25265075074095883  0.26247845267270359  0.27188123088712873  0.28063155358738012
  0.28916379740502685  0.29728195852130551  0.30513719929567795  0.31275702340239908
  0.32002401890985988  0.32738933180558394  0.33293478395837323  0.33802417853512440
  0.34303758847106097  0.34799277922983418  0.35311179554360261  0.35978842186310556
  0.36613252019888293  0.37246567570067696  0.37862704590612994  0.38466302929880902
  0.39059373841344464  0.39642599305470710  0.40219196116967904  0.40795452592488141
  0.41367507979822005  0.41932304274408472  0.42491132253105457  0.43048787122570187
  0.43607030055577312  0.44155979296725079  0.44696640076916022  0.45236374872422730
  0.45774514757905566  0.46310277768014241  0.46842144843975919  0.47373091217715246
  0.47903108475499384  0.48430838666456627  0.48957261434625488  0.49482805313647693
  0.50006206035322365  0.50525670601566997  0.51040798995292758  0.51560663227940062
  0.52085291366629449  0.52610777132128517  0.53138592754355352  0.53668516810070266
  0.54203448041063373  0.54744057929845058  0.55288494589353210  0.55833710187010677
  0.56380382618797620  0.56933199024152659  0.57484330127039329  0.58042620701273162
  0.58603037607043640  0.59171503370000611  0.59741685606720607  0.60313233238961639
  0.60899414316469658  0.61489373928572411  0.62080400374459610  0.62676342095937665
  0.63280670443230047  0.63893808950870912  0.64516126536960439  0.65156081233951468
  0.65813405907903844  0.66485100120262797  0.67183868167212302  0.67914913066323546
  0.68651961273456452  0.69425902229348502  0.70200379303479832  0.71008623027596540
  0.71870784882473138  0.72764487629481822  0.73729502932132363  0.74723200864164274
  0.75810310985925999  0.76995896256989149  0.78334783316822154  0.79874124441546557
  0.81711036665576575  0.84044227605686495  0.87882696458829002  1.00000000000000000
   2.4056908269960035E-030  -1.0000000000000000     
 F F F F F F F F F F F F F F F F F F F F F F F F F F F F F F F F F F F F F F F F F F F F F F F F F F F F F F F F F F F F F F F F F F F F F F F F F F F F F F F F F F F F F F F F F F F F F F F F F F F F F F F F F F F F F F F F F F F F F F F F F F F F F F F F
  <DiscreteSampler_grid>
  grouped_processes
  1 # 1 for a reference and 2 for a running grid.
  10 # Attribute 'min_bin_probing_points' of the grid.
  1 # Attribute 'grid_mode' of the grid. 1=='default',2=='initialization'
  0.0000000000000000 # Attribute 'small_contrib_threshold' of the grid.
  0.5000000000000000 # Attribute 'damping_power' of the grid.
 # binID   n_entries weight   weight_sqr   abs_weight
    10   10   1.027564590376870E-017   2.751922644819064E-034   1.027564590376870E-017
  </DiscreteSampler_grid>
