  0.98403003884270346  0.98441622932525619  0.98474379107188859  0.98498394241883824
  0.98519835767268849  0.98537914894829604  0.98554753080474666  0.98570006794792975
  0.98584025813345411  0.98597715971039923  0.98610262157008877  0.98622049097962405
  0.98633695116831754  0.98644941035983891  0.98655324233533237  0.98665185289364676
  0.98674750720222149  0.98684135019346197  0.98692846189665151  0.98701273982790727
  0.98709595338190081  0.98717812705271468  0.98725930713225074  0.98733606089173354
  0.98740949360255925  0.98748180300036303  0.98755343098300008  0.98762446453696462
  0.98769540765530373  0.98776297725934581  0.98782767621348488  0.98789157178671572
  0.98795468896584215  0.98801744800119451  0.98807977153845772  0.98814186692119532
  0.98820144703677271  0.98825980470720121  0.98831765315080333  0.98837423740185304
  0.98843014747763869  0.98848526175138418  0.98854031878544935  0.98859436653444477
  0.98864519973824561  0.98869646367519215  0.98874700289219097  0.98879661430513965
  0.98884582475313543  0.98889462075637291  0.98894348867072912  0.98899216032905202
  0.98903902469752791  0.98908438660951670  0.98912927506533677  0.98917354583704964
  0.98921803500256045  0.98926268795601546  0.98930699140576461  0.98935104859041267
  0.98939416989775741  0.98943546101330737  0.98947562097942376  0.98951536035228915
  0.98955514762200603  0.98959486107815964  0.98963432488371361  0.98967376141132046
  0.98971271397322103  0.98975105210042558  0.98978901292967136  0.98982721099344106
  0.98986333041697749  0.98989876279575417  0.98993408767925550  0.98996915709442901
  0.99000438989057493  0.99003973900784026  0.99007488185635972  0.99010969824031680
  0.99014415147283907  0.99017800690547719  0.99021200769342788  0.99024619714924855
  0.99027947780856096  0.99031004649725152  0.99034089763185906  0.99037170161195132
  0.99040224204414729  0.99043255450771639  0.99046272349900066  0.99049273402283311
  0.99052265461639355  0.99055245292789840  0.99057022430127550  1.00000000000000000
  0.00512235009571072  0.01410992896626216  0.02524530725340385  0.03706849014291114
  0.04904651085997422  0.06138737320000721  0.07330640415843837  0.08446087081987910
  0.09520682156680838  0.10595003188690923  0.11726218935134319  0.12874033541200122
  0.14011137198080501  0.15185098712872147  0.16327699024164816  0.17412049071238583
  0.18492315217205693  0.19601331014300474  0.20669700003871241  0.21680889437119649
  0.22682066284777616  0.23741519170014824  0.24853344184193552  0.25970479208610303
  0.27090469403244444  0.28215616631123708  0.29330798089198562  0.30429156964880377
  0.31527600923810473  0.32624485465651160  0.33689001965822529  0.34798968999090679
  0.35904182151870667  0.37020954390607708  0.38066519003958654  0.39091713781362336
  0.40075138425292689  0.41041082438949283  0.41974192217316725  0.42923952649612490
  0.43895167366292076  0.44946187926576775  0.45972178983081480  0.46989846670903518
  0.48008058005159165  0.49117822821244184  0.50226136237540853  0.51273987335405946
  0.52304897351127355  0.53350956671967165  0.54346624362446028  0.55298383868128886
  0.56243340467034209  0.57233961707330483  0.58229587466010779  0.59277500259996219
  0.60378814186814367  0.61539421929936056  0.62656295594062228  0.63765146597689593
  0.64891588792080579  0.65964542871082621  0.66995919602955523  0.67980984431134894
  0.68984910941856858  0.69969563351353603  0.70953379644160475  0.71953228988631523
  0.72947126759902770  0.74023678760723421  0.75065308523787311  0.76100073539668256
  0.77138660512261015  0.78193253763915171  0.79216373118855965  0.80193812233111939
  0.81172167422154862  0.82233448135782328  0.83307046970729393  0.84380551652752556
  0.85423911823997123  0.86434724208585623  0.87421497146509553  0.88385732219935798
  0.89349394556072959  0.90337192073462969  0.91364839218458171  0.92403660746838812
  0.93490033658814342  0.94501102966779271  0.95488306283581292  0.96479648194532330
  0.97445429194434108  0.98359989116913538  0.99240000674230311  1.00000000000000000
 -0.00245565607397792  0.01080866333819703  0.02190552276896777  0.03292035301799968
  0.04431589533704814  0.05547944735627677  0.06687861668644773  0.07767918031031651
  0.08845473405590834  0.09905144580665315  0.10982885283535881  0.12044523317794066
  0.13082061188623181  0.14118858597505810  0.15211193591392533  0.16323209219473511
  0.17384279194079061  0.18410120321479373  0.19411710212989319  0.20432356186698192
  0.21466845492370867  0.22529231229916408  0.23592799615924889  0.24638975149465531
  0.25648944022703490  0.26631023602562326  0.27619571372792207  0.28628120124635698
  0.29673494781083193  0.30750935022454551  0.31846932782906912  0.32911266794590505
  0.33917374115730425  0.34955208550069372  0.36021830432724095  0.37149444340211180
  0.38257973629487607  0.39339958660254876  0.40359003890196293  0.41346530923209684
  0.42406797343453012  0.43512428390824093  0.44580782516986495  0.45604806945559984
  0.46637926748687863  0.47702121337856085  0.48739319946166104  0.49764443559448351
  0.50772448388371039  0.51833296410963126  0.52911092573323570  0.53959628430791196
  0.54986067688212781  0.55993627305916149  0.56991171268190344  0.57988056123073106
  0.58994658769494024  0.59983263869230163  0.60971558631681777  0.61956877526550047
  0.62978633755182800  0.64011545095653100  0.65076412782395432  0.66154468991836157
  0.67224450498654187  0.68264624088251602  0.69311533589918028  0.70345168163945115
  0.71369487606947735  0.72358033916809794  0.73343089793419103  0.74335558577416738
  0.75374248593495641  0.76473467822265062  0.77578923269502431  0.78667847870766072
  0.79723211129860749  0.80780619720370839  0.81835888268453616  0.82899196991478874
  0.83951141936317486  0.84969591669128386  0.85968645929993059  0.86988654387365949
  0.88072307331623934  0.89197351200396524  0.90296965759092496  0.91347001020426444
  0.92446615178478841  0.93583675364271757  0.94728301924644132  0.95834315528147918
  0.96890476883345078  0.97949521177878085  0.98970652519540714  1.00000000000000000
 -0.00165123328989010  0.00911306544786148  0.01888419038525582  0.02931016667105454
  0.03967023888858680  0.05049086275673619  0.06167547013439979  0.07212334247156793
  0.08199249084877076  0.09159040704482097  0.10187809591148327  0.11187553591834021
  0.12216645634083451  0.13251114576047660  0.14301143365292124  0.15298032762864466
  0.16334009560305962  0.17408106729477676  0.18531032999450606  0.19584239083527297
  0.20606517375131078  0.21619883828824057  0.22633991241402357  0.23648618709514393
  0.24657968634373714  0.25683355957272941  0.26690642755583088  0.27653625829526113
  0.28624830874591406  0.29662786495235183  0.30765222144247373  0.31818406469072286
  0.32831136279191980  0.33897901409900755  0.35000198258379678  0.36071471182085962
  0.37117455800843208  0.38138079842229805  0.39114544411605595  0.40099308386379767
  0.41077516190218105  0.42088483214515576  0.43136651700445600  0.44230127258903273
  0.45430775089472841  0.46612194534012147  0.47784476013223071  0.48943776677269185
  0.50103546806696941  0.51197596971342774  0.52322669981195447  0.53424024283645610
  0.54508653689364805  0.55574778610538134  0.56612721300094671  0.57662786278734379
  0.58699244249093185  0.59804921074360828  0.60970072917263818  0.62116918022111323
  0.63221483620426677  0.64286260823006935  0.65352884729925576  0.66433345528531285
  0.67527395041247862  0.68607503775756429  0.69656745357290561  0.70716709547703860
  0.71789918673346542  0.72850268888789504  0.73894660036042104  0.74917568120683975
  0.75951836695386132  0.76988442766463516  0.78000233346167580  0.78999186078654970
  0.79988496664044262  0.80974241836808292  0.81969130791425449  0.82961980362517951
  0.83982289621522133  0.85048062083513087  0.86110673454612452  0.87199702357173436
  0.88275793609108322  0.89354513632687116  0.90390526087724021  0.91410680248073550
  0.92460865976104989  0.93564057856374261  0.94629292272608834  0.95697845932648185
  0.96777677030945275  0.97877681415644402  0.98929352049654939  1.00000000000000000
 -0.00229106156048662  0.00890845454997958  0.01809409957790135  0.02796777928540628
  0.03815070928906766  0.04835697015154529  0.05874210699762375  0.06927280477355549
  0.08008614222779718  0.09026343477082595  0.10006331223810902  0.10982105528963783
  0.11980109505583010  0.13002062588951968  0.14057927388500649  0.15137702967769009
  0.16235633274124400  0.17303716122934523  0.18356545995422099  0.19397777502695968
  0.20444388748686554  0.21447242765336699  0.22445068487015191  0.23495856448017147
  0.24589922076172016  0.25647595347361352  0.26664546508166026  0.27719471742452229
  0.28823504338447370  0.29936203067719841  0.31021068788846207  0.32113286609136737
  0.33226896064507749  0.34369767998212242  0.35492425284364670  0.36577086228270206
  0.37653463017944011  0.38763190753394239  0.39841212344271415  0.40853542700489881
  0.41846030563501668  0.42821582358322979  0.43771221473380878  0.44712296635774545
  0.45693190896401620  0.46740656806612030  0.47829091461773299  0.48905636176765754
  0.49945474525818234  0.50954882628761944  0.51932856941247130  0.52933941085496283
  0.53962650877680007  0.54981127000224150  0.55972844696317314  0.57001385158196105
  0.58121408016229237  0.59304940360011038  0.60522790899755374  0.61727869667141955
  0.62906504237302163  0.64063302387559096  0.65199944002477273  0.66320733153554556
  0.67410090868849881  0.68440824279981549  0.69434141229648227  0.70432723835013278
  0.71501735820649681  0.72628818820034424  0.73701696282335694  0.74735372842346337
  0.75739690259195436  0.76765240114392397  0.77764660148497367  0.78751202243710217
  0.79760440262803112  0.80801353893821681  0.81848186813326007  0.82871369579487475
  0.83911490294270774  0.85010112835355833  0.86084858583995205  0.87192896042608004
  0.88250430416658165  0.89322397335649095  0.90334122351916368  0.91362898812726379
  0.92396876946289441  0.93459212778674183  0.94537737874060757  0.95673649607395217
  0.96783656093480941  0.97865716169432826  0.98932132000729478  1.00000000000000000
 -0.00266720152702048  0.01004911076084042  0.02088277138648561  0.03132062769119821
  0.04170926068086819  0.05136721463581245  0.06100597126100295  0.07058961358389432
  0.08056516437364297  0.09084486682835738  0.10160315655028543  0.11207707271984432
  0.12221167857539823  0.13199935952760589  0.14209267661583472  0.15262629271045497
  0.16323340787587270  0.17382056236311971  0.18429510171089281  0.19438934324432872
  0.20452765248862809  0.21440971927278271  0.22486651899020291  0.23564566203011902
  0.24714361448120886  0.25785651758399752  0.26857228260020943  0.27907343980586635
  0.28962936096824249  0.29969276113001558  0.31010749604002835  0.32118753918788040
  0.33292603401128112  0.34410251795011004  0.35470515063890257  0.36473700286925032
  0.37451494299533072  0.38408888696103682  0.39366272518816253  0.40366509671554851
  0.41425694740047747  0.42546901846138635  0.43680087773849774  0.44794651468194330
  0.45897787364329706  0.46949333929631692  0.47979744593662887  0.48979361598078852
  0.49987947210695349  0.50988878622901113  0.51977450238016798  0.52993507465000278
  0.54044550232105715  0.55131727916778828  0.56235476175138810  0.57303106721750174
  0.58367422826798920  0.59448552232306828  0.60548454367961657  0.61615729525543383
  0.62689150696848195  0.63842574967792676  0.65027270179885599  0.66188843932845387
  0.67338033204663594  0.68497346614070764  0.69632433919896308  0.70721684494917259
  0.71806143147807600  0.72872909396031371  0.73903961270246987  0.74954123994401545
  0.75997526674129279  0.77038095976961973  0.78041754002059127  0.79039193941196828
  0.80029075909036518  0.81013772286898900  0.82064896887462280  0.83119769249359332
  0.84231800034417637  0.85303255813693624  0.86397891642975067  0.87438969564680880
  0.88445476607779216  0.89415978481723968  0.90389311160123431  0.91395210968300522
  0.92396859972954137  0.93403195912113435  0.94413654889391241  0.95492886740916749
  0.96565499140105349  0.97686561653260695  0.98816722278799207  1.00000000000000000
 -0.00228699946039226  0.00998495482310764  0.02030433540653294  0.03067974837958217
  0.04135820543963837  0.05210985247952826  0.06242630411968222  0.07276306218812310
  0.08351341234910013  0.09469197754812611  0.10591759553717968  0.11686477239279143
  0.12784318362458821  0.13884358195369159  0.14973322364251845  0.16114725063923033
  0.17223456254421210  0.18332846847172746  0.19445180667232001  0.20554314602649332
  0.21593708152148983  0.22640399427857022  0.23619077638374994  0.24676615155289636
  0.25684743814210459  0.26671649323902369  0.27620783527407372  0.28578279834637166
  0.29634541184963548  0.30746770025241327  0.31851705602447666  0.32909326153102558
  0.33993134598770303  0.35057230195528732  0.36110071840103708  0.37171975419195741
  0.38314111666376510  0.39485244750223719  0.40582894964561134  0.41639238593060246
  0.42714303494960387  0.43765199852413478  0.44804926278437379  0.45856390278643122
  0.46970842269420254  0.48089322423992503  0.49128889697934003  0.50175865476917381
  0.51195331616347783  0.52195433114285628  0.53206155339968186  0.54257942183909047
  0.55326304455297737  0.56377052087802693  0.57450505142951347  0.58538903811407439
  0.59606761312114453  0.60636694510777611  0.61667246476772331  0.62706222095619046
  0.63769232597423542  0.64841131858617240  0.65936352918346652  0.66977411240650608
  0.67994019235454684  0.69010976855476547  0.70055061385040462  0.71054260144370751
  0.71994973036018062  0.72941002519960052  0.73950130237724587  0.74972153986453616
  0.75988813021853729  0.76985144058306820  0.78009188085180770  0.79033600619207822
  0.80061940242375762  0.81087566754126317  0.82118648428956376  0.83138858122109827
  0.84153921860285708  0.85162128898942902  0.86186535581759771  0.87235464126693874
  0.88234335385207707  0.89224229767516761  0.90262172350096914  0.91401537416004797
  0.92569686533506657  0.93761647307656493  0.94953150663978791  0.96063826785172890
  0.97069461568333326  0.98050965436369975  0.99027350353848020  1.00000000000000000
 -0.00243828827600349  0.00990274838782975  0.01976960656870209  0.02979015578508664
  0.03993849582853505  0.05046371704695762  0.06088393729322517  0.07145825975510051
  0.08214650290017690  0.09242885036420552  0.10276083273556134  0.11259776167151017
  0.12264198925379392  0.13307664915757808  0.14353974125392491  0.15418187938208350
  0.16504437341944059  0.17621109708958940  0.18696882918994132  0.19704135088125810
  0.20711381329282569  0.21736311073898920  0.22762922124095120  0.23813923986765387
  0.24874248642081501  0.25972151874134936  0.27033005388023906  0.28068624972707934
  0.29099295359356298  0.30143627921986332  0.31209954058764267  0.32267335910469536
  0.33311048725686720  0.34367729263152480  0.35436338201522610  0.36508224928190208
  0.37573970332670448  0.38626609179549010  0.39672766374671126  0.40721151458485971
  0.41749046017429448  0.42801692399986746  0.43869568798649916  0.44948169411266548
  0.46022471054227415  0.47096393300747513  0.48170152697920154  0.49224965482148347
  0.50268330755445145  0.51341939897792588  0.52408133286624881  0.53460250200107595
  0.54511498555312810  0.55575290298932201  0.56652382730873474  0.57721845742787448
  0.58753385050908213  0.59749944670506960  0.60746841959337439  0.61753084450813522
  0.62824618291005985  0.63907805686595209  0.65003364127701124  0.66143624636163278
  0.67192505616408338  0.68233521958028409  0.69243557940153166  0.70306345240465828
  0.71338013777603082  0.72341028156693910  0.73349744191302646  0.74404329572549510
  0.75463218552187006  0.76522398621082544  0.77570863698029124  0.78661760548665860
  0.79765993134990665  0.80866485310388425  0.81926592553954991  0.83009800469722828
  0.84080331295691846  0.85112876389580849  0.86104466305411753  0.87096059645219004
  0.88142331294937859  0.89232683973415527  0.90322239080652100  0.91374941780628216
  0.92403465254611161  0.93438312571057613  0.94477695587438626  0.95497795358636228
  0.96554099958455541  0.97678421830500062  0.98819764052497239  1.00000000000000000
  0.00943894418192845  0.01691395823048206  0.02676065263615798  0.03840813623674277
  0.04908520948626646  0.05972286057559866  0.06981938303092504  0.08001436827297087
  0.09029572873059516  0.10108494307520670  0.11233799735640534  0.12338705965795059
  0.13363499223185121  0.14418888891556794  0.15506301375733714  0.16621156712810489
  0.17711792704006665  0.18761102961677684  0.19766639494452187  0.20781067862829736
  0.21842389330962275  0.22939171823463683  0.24020812026053356  0.25091179611616860
  0.26152123057945315  0.27201983953318137  0.28264139714559122  0.29312838386577428
  0.30362594233271739  0.31434568301403243  0.32551595644174403  0.33691813657369990
  0.34787892413162569  0.35822061194859367  0.36827652952125073  0.37870807575425725
  0.38924115069224702  0.39950275224287363  0.40909596870289305  0.41875579568175869
  0.42882056339295421  0.43905540120611275  0.44998194862882424  0.46045788030254420
  0.47138153064728872  0.48222062572599705  0.49351701003975162  0.50467306537708501
  0.51520522189685503  0.52554537591137618  0.53576317065752832  0.54570921223128444
  0.55530059975512525  0.56503200456698854  0.57474047321959476  0.58465970529324907
  0.59463295575141806  0.60443130542428714  0.61560240460270599  0.62666771945058142
  0.63844743688840533  0.65008467678696535  0.66196255106255486  0.67282183739655199
  0.68255328388999825  0.69232056254963759  0.70210612140060980  0.71270829530950852
  0.72268447103616262  0.73306762132687731  0.74376267917734928  0.75433077775883095
  0.76471306738578360  0.77515708359260371  0.78626326021629855  0.79697199705469990
  0.80727523224924769  0.81725575047859411  0.82744634405743844  0.83759939846804343
  0.84734421287623185  0.85757570722904719  0.86780201800330814  0.87809737037242408
  0.88825364145541108  0.89890961727392737  0.91012849268795659  0.92110721202558621
  0.93167027047954987  0.94250555458778007  0.95307713210136868  0.96328424412071145
  0.97290959172912950  0.98264700200500454  0.99099064543203441  1.00000000000000000
 -0.02077613744642972  0.12171278162890739  0.16014568889490718  0.18295682494312399
  0.20103270531532424  0.21614184920482754  0.22960065203122218  0.24153475081066858
  0.25272114167815179  0.26261244152861790  0.27212040509954388  0.28081046192132963
  0.28919462010754221  0.29702771051360721  0.30457527160617925  0.31206531630068418
  0.31922486861410021  0.32613794183398831  0.33282058403042680  0.33925963329016090
  0.34564991526290251  0.35215056388225263  0.35835075272424149  0.36420957727790620
  0.36990569098358905  0.37547344230308721  0.38104445241847751  0.38658515425786849
  0.39215863906508941  0.39779546820568684  0.40341719848792973  0.40904765413843347
  0.41473462513757831  0.42054593472899776  0.42644689827084598  0.43228641090669240
  0.43793708409652204  0.44333678954937894  0.44871590481105511  0.45395119298741604
  0.45915311408962406  0.46438115059604468  0.46964636639366880  0.47494717001413045
  0.48029627241950418  0.48565003850289395  0.49092234072381963  0.49627083874759087
  0.50161817562406141  0.50705852657142636  0.51252296751453386  0.51788853745331009
  0.52326286099716712  0.52848810406934366  0.53369704502589554  0.53906944551347413
  0.54437388247872576  0.54966104939492577  0.55492908432717458  0.56021551353781118
  0.56558283825060718  0.57094269328593172  0.57628724023132849  0.58170168440722203
  0.58739341268434053  0.59320287250456272  0.59887983226194763  0.60455648783779681
  0.61050210197653954  0.61659598283212735  0.62282959529806425  0.62928025645977836
  0.63583275419462382  0.64235596541528228  0.64891653178450670  0.65550965499903568
  0.66234564526008266  0.66931165299698270  0.67622358138501792  0.68316179724379322
  0.69022992830447472  0.69772809613974096  0.70532843456850325  0.71307113289330648
  0.72091486780437097  0.72920876004609281  0.73825527259206425  0.74789354487419457
  0.75871278788597241  0.77029450424476364  0.78356080493885549  0.79848253895288646
  0.81647366676920985  0.84003767355598369  0.87841848646084453  1.00000000000000000
   6.6433962561718253E-036  -1.0000000000000000     
 F F F F F F F F F F F F F F F F F F F F F F F F F F F F F F F F F F F F F F F F F F F F F F F F F F F F F F F F F F F F F F F F F F F F F F F F F F F F F F F F F F F F F F F F F F F F F F F F F F F F F F F F F F F F F F F F F F F F F F F F F F F F F F F F
  <DiscreteSampler_grid>
  grouped_processes
  1 # 1 for a reference and 2 for a running grid.
  10 # Attribute 'min_bin_probing_points' of the grid.
  1 # Attribute 'grid_mode' of the grid. 1=='default',2=='initialization'
  0.0000000000000000 # Attribute 'small_contrib_threshold' of the grid.
  0.5000000000000000 # Attribute 'damping_power' of the grid.
 # binID   n_entries weight   weight_sqr   abs_weight
    10   10   2.192350291067256E-022   9.886264007590961E-044   2.192350291067256E-022
  </DiscreteSampler_grid>
