  0.00479409409209472  0.01551024190120271  0.02787193038930085  0.03999247105157187
  0.05166844178295418  0.06317776716691574  0.07455364625390098  0.08572488285084770
  0.09649908435149560  0.10718980426123048  0.11783597608123919  0.12849296853501976
  0.13897542767830157  0.14956917998466879  0.16016501306915290  0.17072925737770306
  0.18132676893533556  0.19198877963230904  0.20271173850239430  0.21332151019764198
  0.22391500273701007  0.23448657707402742  0.24502853812561914  0.25546368894762089
  0.26593741805152271  0.27659853965442799  0.28735704177172661  0.29804774638575887
  0.30856343570591238  0.31899776827108067  0.32948536969356768  0.34009888625450968
  0.35094298882894154  0.36179553862764069  0.37257666465148426  0.38324030328680059
  0.39380515258909027  0.40425883068623125  0.41451799917162857  0.42468081807382574
  0.43484425010275246  0.44527388211337671  0.45583893788483315  0.46641107135270765
  0.47697573444345964  0.48758380992692735  0.49818908462780814  0.50867445139796053
  0.51913613442665352  0.52959955723992258  0.54017615512367234  0.55091741644445091
  0.56159513265534577  0.57204584203397868  0.58232903233478095  0.59262755838294934
  0.60290773716648749  0.61331956127553577  0.62390186709554629  0.63453295423792033
  0.64503722997346624  0.65537522576151463  0.66567101000470552  0.67594918938136628
  0.68631213818765546  0.69684890055186410  0.70742897703936025  0.71782606686923700
  0.72807187387082239  0.73816181326538155  0.74826165718710957  0.75837380592172854
  0.76866982657551564  0.77898431405864832  0.78928656125968366  0.79974578623947989
  0.81034125900239518  0.82098909333497982  0.83179917032520179  0.84273532447437549
  0.85351423948503380  0.86372426888628107  0.87391324157453132  0.88422371672976563
  0.89448054104634322  0.90443531950631562  0.91435845469198940  0.92443686252330659
  0.93465152559248288  0.94476663965006669  0.95450665508317278  0.96404563144762057
  0.97338375271772515  0.98247905774549371  0.99245006423684279  1.00000000000000000
  0.00494989085698947  0.01532342960089704  0.02722834484438348  0.03923664643850479
  0.05090620606894742  0.06260467475904785  0.07415464954076385  0.08556048692679150
  0.09675605091125666  0.10780567891425699  0.11868841150422542  0.12953019601924420
  0.14020361846809079  0.15089071612753294  0.16164216198749320  0.17244599600920138
  0.18326394493234013  0.19417542780735692  0.20514596733288953  0.21599731034092715
  0.22681617763600551  0.23749339911780207  0.24810145145702434  0.25842145515709453
  0.26879414159308307  0.27922602571036553  0.28981818751377231  0.30018651119908862
  0.31047010921905632  0.32078114797267893  0.33123344483612777  0.34150378375526241
  0.35159408437751899  0.36169531687630996  0.37183530232709250  0.38191845501066801
  0.39202731058889695  0.40232090583144337  0.41275742511026708  0.42324213100997071
  0.43388100669235824  0.44468561900943804  0.45556603991157330  0.46624660666302298
  0.47676434889453506  0.48727977820668505  0.49775087081447195  0.50828129149502632
  0.51874989526015469  0.52922116639139105  0.53971898738976076  0.55024419381936163
  0.56057744355577299  0.57087892609785296  0.58124215757985120  0.59169587314171035
  0.60213845656591958  0.61264749170699728  0.62321493947357554  0.63371371043464708
  0.64409221756083834  0.65443840684928689  0.66466181439043848  0.67484002188105285
  0.68499399958339802  0.69513395309269355  0.70536335518865989  0.71577427446977027
  0.72615579039549871  0.73633539763611267  0.74643535599738298  0.75668774128219318
  0.76699727787721761  0.77723164835338854  0.78741345445297706  0.79765814040623140
  0.80802138795460043  0.81847396172295084  0.82910378459094092  0.83977993911660820
  0.85045033465096476  0.86100479491668869  0.87134871281002302  0.88162325479957215
  0.89189789106174810  0.90228717839968198  0.91265062304215205  0.92273715683009583
  0.93249225034909855  0.94215983208362675  0.95176726642679554  0.96154655909888997
  0.97150732046299637  0.98113383752469563  0.99072111297406451  1.00000000000000000
 -0.00224237905729386  0.01003348086922636  0.02013899410523499  0.03074382251140072
  0.04129844089438790  0.05217722422945346  0.06327350133816963  0.07373784184014444
  0.08426003497243284  0.09447168977550857  0.10473463559492888  0.11505587878702479
  0.12535195836911020  0.13579861849244193  0.14613425119119328  0.15652015741273562
  0.16716498774420677  0.17808889033474135  0.18898582184691881  0.19969369383993194
  0.21034961035260566  0.22101343457453040  0.23178884295222868  0.24256293456056041
  0.25341173468476874  0.26431653230280500  0.27527027693946149  0.28614246619566824
  0.29690374691700694  0.30749662288730467  0.31828150721514259  0.32917856443445787
  0.33986381857059744  0.35043207207319660  0.36083113206942863  0.37165424362021876
  0.38223840576427076  0.39279609997204146  0.40320244477401074  0.41336666126537819
  0.42371379607429599  0.43402730443058896  0.44419079313843368  0.45430641273470307
  0.46452256064736003  0.47495090853689897  0.48551675896533286  0.49570918597683938
  0.50625884594494053  0.51677548900039016  0.52755969895492216  0.53811623091562732
  0.54882614112488415  0.55926364977279042  0.56942616993907513  0.57934890822133633
  0.58939966439335190  0.59963369104403619  0.60997117930254185  0.62063803480394220
  0.63130201052332013  0.64200665177719851  0.65252784520077856  0.66287043282128411
  0.67318547020190711  0.68342445079310687  0.69426936029597486  0.70519138120859026
  0.71612124959799939  0.72705696252588980  0.73835242189945749  0.74972695630279695
  0.76047548464616987  0.77150862084427141  0.78253095701048925  0.79375226172875313
  0.80439097159914219  0.81492932659289941  0.82505614031368957  0.83530666600824566
  0.84563896777750280  0.85583694791649967  0.86606066166902429  0.87621861465215933
  0.88654768752787183  0.89685552599612661  0.90726083078685882  0.91786217020363536
  0.92811512266102603  0.93845281970043648  0.94888340951449435  0.95946862292655877
  0.96955877450698214  0.97959844510791916  0.98972320674217462  1.00000000000000000
 -0.00245044286024609  0.00945895813506246  0.01971050005999783  0.03040764304871650
  0.04147489000072377  0.05249453678224834  0.06320057491515581  0.07352176325168557
  0.08379029070471035  0.09413165542989091  0.10444466840474972  0.11472751609552946
  0.12517093537559096  0.13553366497828465  0.14599165641500172  0.15615121444441654
  0.16633812186760738  0.17643476126966054  0.18662594385022824  0.19709994060473057
  0.20758294884791526  0.21795180866139513  0.22829580618549355  0.23884619391555778
  0.24946613188168670  0.26002197267492844  0.27039371675476381  0.28092846146342548
  0.29150320713007666  0.30212532308158901  0.31262023351998952  0.32308789288818279
  0.33358557768935637  0.34399590408970387  0.35416627706076714  0.36434016362694194
  0.37464966838029568  0.38557572313701050  0.39672399503812161  0.40779631756736096
  0.41872982477086423  0.42946505971212889  0.44018873853617757  0.45078490657434428
  0.46130601455918019  0.47166840277981642  0.48207223046264347  0.49261141931478353
  0.50315275904940771  0.51376551096742806  0.52435520839680139  0.53503152348713867
  0.54558506875120139  0.55624849068258753  0.56692829305688186  0.57750469695720952
  0.58797160284226624  0.59835782436419838  0.60882946870560950  0.61947014692019120
  0.63008814165484228  0.64070518066822213  0.65128794493142683  0.66203007297058181
  0.67280139820264484  0.68359470479688045  0.69438454605693278  0.70505956084369537
  0.71536617635992694  0.72569932374478685  0.73619752230815061  0.74689348537068745
  0.75752955747333273  0.76802442668503490  0.77835667849354373  0.78864457374401475
  0.79909779900040012  0.80962551679646977  0.82016004285209221  0.83057636242714661
  0.84117182879906949  0.85176158106697508  0.86209490454002191  0.87225844967055366
  0.88246027905984104  0.89298435896007622  0.90358504116764582  0.91424735111225641
  0.92504064471849834  0.93577170716072988  0.94640448710763725  0.95738632964215953
  0.96822710195975414  0.97920130736672528  0.98963829368340961  1.00000000000000000
 -0.00226062566939232  0.00957296866059576  0.01949648707807372  0.02954377783655024
  0.03984743436004830  0.05030097630380882  0.06091121738644095  0.07139853035983512
  0.08188861574461617  0.09209239612383796  0.10243434003345084  0.11261926816433210
  0.12284962371894637  0.13328678153768839  0.14380602738686526  0.15445179671124512
  0.16511617051180882  0.17565996046725887  0.18632029743509851  0.19675396138053863
  0.20728349261788676  0.21769718747566283  0.22809118097926506  0.23874846339229400
  0.24937857911620742  0.26011238061855008  0.27082764967666739  0.28152442398005212
  0.29193946343929011  0.30199888268761532  0.31228611360703140  0.32261987571795075
  0.33311434307912263  0.34341265379827512  0.35377461440528718  0.36418168356053182
  0.37465858796064955  0.38531488375010442  0.39599943934156678  0.40665936456371859
  0.41720321376164743  0.42774725321976631  0.43831004078220404  0.44901905462262215
  0.45978328615780273  0.47031936646464356  0.48067956395471700  0.49097958372881595
  0.50124867255810379  0.51174383119776978  0.52214205276495096  0.53322561421236048
  0.54431449855474723  0.55524321228832563  0.56608312978932085  0.57675808825939456
  0.58759780618942858  0.59828494794016762  0.60883785175712657  0.61916729799317016
  0.62964841902900526  0.64010126770443110  0.65049120715309994  0.66083720159315473
  0.67122070985177085  0.68202523229725376  0.69291312293411500  0.70415950759995249
  0.71515721701697765  0.72597433825393798  0.73646987086421467  0.74692563741381146
  0.75741283421915939  0.76799525349465003  0.77862228536968014  0.78949681796811033
  0.80019906993660306  0.81083489585513779  0.82111843744875512  0.83128969513512241
  0.84151138089469824  0.85171416184142390  0.86235913844611378  0.87313973657121957
  0.88347027171382875  0.89387965461035856  0.90461311651459708  0.91533027578732351
  0.92568548325395794  0.93592630269794597  0.94683994012668304  0.95759803760032258
  0.96823630192407517  0.97861925544684025  0.98934060717967487  1.00000000000000000
 -0.00190240077129029  0.00954467081182829  0.01946052442985812  0.02981014194506465
  0.04027067980523154  0.05105357376000625  0.06175084641990915  0.07211126992607954
  0.08258412456018352  0.09317874557984132  0.10370519316086277  0.11416351966753216
  0.12465575174933824  0.13559730139340115  0.14650882053698844  0.15733800355182553
  0.16810878641511345  0.17860088461576487  0.18905322110813291  0.19922586288301228
  0.20952273214357514  0.21941222601769297  0.22923667244193960  0.23916820598421920
  0.24922070740410185  0.25933524305969452  0.26939239565846818  0.27969527032232605
  0.29016576373565967  0.30056842830195468  0.31097918555612297  0.32159156180386927
  0.33231435276934018  0.34304945221092614  0.35379875227785251  0.36471252425051454
  0.37554113641609754  0.38617180621934932  0.39650860901435980  0.40678959572410639
  0.41734300437719590  0.42816670464687229  0.43919496878246628  0.45017792645778776
  0.46099249702063860  0.47153857614017680  0.48210835152711679  0.49274093783691492
  0.50323616750551436  0.51379425445272286  0.52437604200891230  0.53499736671627263
  0.54534529310087709  0.55563831420338827  0.56621956085980962  0.57695905728093944
  0.58775717042099840  0.59836947088101167  0.60880132574601165  0.61909009668126891
  0.62938989141401169  0.63981688806847392  0.65029067821517750  0.66098286494989889
  0.67191445708172548  0.68281096713888900  0.69369074737595049  0.70424694126045206
  0.71468297145061566  0.72494890151443625  0.73543561162413429  0.74612071728106444
  0.75660493962056929  0.76716825920420506  0.77742966836480321  0.78794512771816261
  0.79823692796551349  0.80872547151115071  0.81930300782121157  0.83009734571482474
  0.84108208323498679  0.85232524831530676  0.86353059358340134  0.87480090757521967
  0.88514283166534113  0.89558944527661988  0.90597105633892006  0.91666881612323226
  0.92718895545972613  0.93778138515395126  0.94843618488856740  0.95893797111028367
  0.96911545754387685  0.97928966092881164  0.98958166062922948  1.00000000000000000
 -0.00147361725463799  0.00988878354985860  0.01989170062482031  0.03033545881827086
  0.04072606487244180  0.05098075083828819  0.06150642888779471  0.07244109619177741
  0.08329081834068017  0.09384659931782525  0.10458289755937981  0.11483928014707535
  0.12540552227948049  0.13626475575536445  0.14723699033763943  0.15817579414047650
  0.16863500225224229  0.17923300016530316  0.18947594615380836  0.20028034057873736
  0.21093084777106663  0.22161567297306814  0.23221689457761654  0.24323962182870762
  0.25415405032211130  0.26483314690704673  0.27562685630293332  0.28628020920281483
  0.29711931191919888  0.30764510082661967  0.31820623323722447  0.32835761936859587
  0.33856397014915562  0.34872533637901587  0.35870255939154805  0.36888486795861569
  0.37893599159543684  0.38930063256158637  0.39944930495594755  0.40976250360778488
  0.41988516128093345  0.43016902801501788  0.44035792767236415  0.45088930019681339
  0.46144293412595161  0.47216389539777814  0.48281944277790939  0.49389658552500970
  0.50480184391755700  0.51575898010268573  0.52687544340289882  0.53819837363098155
  0.54870168871479053  0.55925628435309505  0.56957299961086139  0.57983398894716809
  0.59012624817650827  0.60019501521801255  0.61031657225302705  0.62046723858184694
  0.63115414547533399  0.64218387298736057  0.65268789516323722  0.66303610194524665
  0.67365072790667868  0.68445937763051057  0.69491610054189712  0.70523549505362326
  0.71560692897977718  0.72613488347889321  0.73665980105884421  0.74737983722321033
  0.75820705593777737  0.76892514425287950  0.77947575886037368  0.78984565728009382
  0.80030978892697602  0.81098827361521653  0.82172969894679726  0.83231041961573748
  0.84286591649677378  0.85344512924600990  0.86416495562954099  0.87495728441181897
  0.88587807251076545  0.89669028069579038  0.90730238890579806  0.91782621777462303
  0.92822806399796098  0.93849710282592469  0.94868474717735241  0.95880738244762376
  0.96893529845567727  0.97918585463356433  0.98950610701761554  1.00000000000000000
 -0.00212838667159199  0.00937280051898618  0.01912075606224264  0.02926550626501901
  0.03929392436509546  0.04925074587844144  0.05925410354894207  0.06957115080960000
  0.08016150394667519  0.09075651435145592  0.10125466178990157  0.11151230488410746
  0.12191600425775756  0.13232787994669332  0.14297250949437529  0.15367637768292333
  0.16454376680133850  0.17502882161677788  0.18525493693909731  0.19538541502933029
  0.20546082451059469  0.21545461537531915  0.22555930171093824  0.23595695898134966
  0.24663102486150046  0.25716635500784846  0.26776280516232476  0.27836519476831184
  0.28911871153071889  0.29996254770632852  0.31071419036474840  0.32132192672819809
  0.33183576789129093  0.34242228101140704  0.35293166404702425  0.36346109072451610
  0.37406165160241794  0.38480475727241858  0.39570118177357838  0.40651750680199072
  0.41727533065182837  0.42785499530007171  0.43830930274665142  0.44867699280893242
  0.45913353155831138  0.46962758643801716  0.47999363469831147  0.49013273203437946
  0.50030096605791652  0.51041630428298579  0.52052845674551596  0.53069064461173066
  0.54083345594192045  0.55109676313003242  0.56156887932908273  0.57241755578621256
  0.58340205501661069  0.59414400113467947  0.60475380040791393  0.61535520870285354
  0.62588165521278349  0.63632216397152219  0.64679360215868709  0.65748961786910320
  0.66831327777538296  0.67891216233530638  0.68959300774208487  0.70031673353191581
  0.71113259611978152  0.72152262288813740  0.73200711216923608  0.74274319747072615
  0.75324552423534297  0.76362117620324288  0.77425620110817717  0.78544164312841558
  0.79642942685943430  0.80720594214692465  0.81831853009401812  0.82975974318446155
  0.84099730070936940  0.85197614322464810  0.86309592132077761  0.87410948581489378
  0.88511343346559945  0.89595149126509488  0.90680746875176510  0.91743328350553088
  0.92796258430030687  0.93839760760400170  0.94877729505042507  0.95913446932664614
  0.96943522902014001  0.97979225957241800  0.98994585630832865  1.00000000000000000
  0.00948062269909685  0.01626408784805708  0.02585509266241804  0.03691034175666039
  0.04756986648206914  0.05791065924540481  0.06836144591391322  0.07877756080025947
  0.08945740690547269  0.10007424604610103  0.11053165384734592  0.12102604780280286
  0.13151193039069081  0.14204024058592027  0.15267078315529742  0.16321278718697088
  0.17372128831810160  0.18423468687848277  0.19498798754584473  0.20573813103123206
  0.21613026328367516  0.22626900357527296  0.23665105834923486  0.24709621691056002
  0.25773572802270350  0.26816175534114745  0.27862091177198489  0.28895113041771670
  0.29938099432166654  0.31006018985816702  0.32059203021154270  0.33132791770181896
  0.34214695024445402  0.35302872406024338  0.36350274889108608  0.37382684339428895
  0.38425166192963844  0.39466752021863233  0.40527289500386726  0.41599888333382717
  0.42639911696266647  0.43684520155476075  0.44730154843625325  0.45779297635747374
  0.46816647995762989  0.47845636396351804  0.48920286433571347  0.49984776982818513
  0.51057837667818295  0.52124879832780346  0.53165663622471837  0.54207374639149086
  0.55249732303460142  0.56297281113228492  0.57312844836184240  0.58311740733566009
  0.59315371155673269  0.60310734335156702  0.61348790771398831  0.62380954776998077
  0.63443735543739521  0.64469193527852742  0.65525928561594438  0.66561135147669315
  0.67608726090112858  0.68655624702793927  0.69716579187814054  0.70788344830611538
  0.71827105017577475  0.72898880251786935  0.73956874542407569  0.75013869767710017
  0.76033308906202179  0.77056440400197401  0.78069969241236392  0.79088589353196947
  0.80113541518991960  0.81149902519262140  0.82192753021588261  0.83242363524302410
  0.84297572084384209  0.85349772898552301  0.86390968462151996  0.87449714526696865
  0.88517417796763953  0.89573433304101535  0.90652354457172946  0.91710563631339204
  0.92762583433135948  0.93799330067827369  0.94827839422226134  0.95862381126247309
  0.96901520319164836  0.97964032372816501  0.99143705157013462  1.00000000000000000
 -0.02023322874411718  0.12155115259799273  0.15998935488878527  0.18319209754113885
  0.20128169163163448  0.21634673651855968  0.22951717234757055  0.24121742608465344
  0.25197825603509511  0.26179703941613597  0.27127890342282879  0.27998011071204820
  0.28856308157216254  0.29665241848405555  0.30438767910204945  0.31189846368208479
  0.31909886548675714  0.32618326410384862  0.33313815773944433  0.33992165031041122
  0.34656214570716026  0.35305822250563168  0.35937097256164446  0.36560326259257869
  0.37182596045051530  0.37790146922295070  0.38383874290463121  0.38971607241566231
  0.39553423266553384  0.40126769240145044  0.40693737432478794  0.41256720247675926
  0.41812225201374081  0.42360377916547964  0.42905487886077359  0.43451869105221658
  0.43992737385002462  0.44528414084190343  0.45059278102591171  0.45585001819684939
  0.46110173899969353  0.46634937041405544  0.47158736023372921  0.47681675821436398
  0.48202689886545486  0.48721539800743219  0.49239915003481605  0.49759064270049591
  0.50279958279950288  0.50801641833255917  0.51321624531262566  0.51840475722741441
  0.52362078357715613  0.52886802910727926  0.53411852841388718  0.53935661569453219
  0.54460697401559177  0.54989037542046326  0.55518697645851278  0.56051338371127479
  0.56585425287383073  0.57127766041875372  0.57670949300283514  0.58220586400614804
  0.58772440839708684  0.59329489673456282  0.59891080423126530  0.60460189107602447
  0.61039026204034330  0.61624303274478898  0.62213484996111501  0.62810969871836664
  0.63421122139978403  0.64040889575530346  0.64673669047692617  0.65323302495838220
  0.65982687208918855  0.66653309885574030  0.67345796930846136  0.68057376056597219
  0.68790435982228937  0.69560810458863753  0.70342957906026604  0.71149631579804240
  0.71999630867517495  0.72873223132004394  0.73829100508387724  0.74814928305789186
  0.75905367548144920  0.77080598735444206  0.78405205569021696  0.79911631441742104
  0.81705668364436934  0.83989210651703650  0.87728772067599314  1.00000000000000000
   1.0349313821963674E-032  -1.0000000000000000     
 F F F F F F F F F F F F F F F F F F F F F F F F F F F F F F F F F F F F F F F F F F F F F F F F F F F F F F F F F F F F F F F F F F F F F F F F F F F F F F F F F F F F F F F F F F F F F F F F F F F F F F F F F F F F F F F F F F F F F F F F F F F F F F F F
  <DiscreteSampler_grid>
  grouped_processes
  1 # 1 for a reference and 2 for a running grid.
  10 # Attribute 'min_bin_probing_points' of the grid.
  1 # Attribute 'grid_mode' of the grid. 1=='default',2=='initialization'
  0.0000000000000000 # Attribute 'small_contrib_threshold' of the grid.
  0.5000000000000000 # Attribute 'damping_power' of the grid.
 # binID   n_entries weight   weight_sqr   abs_weight
    10   10   2.789111625703189E-019   2.047474870310336E-037   2.789111625703189E-019
  </DiscreteSampler_grid>
