  0.00497249970622471  0.01796771703605966  0.02939362022725624  0.04186851321789702
  0.05367097529902901  0.06520304953567327  0.07634948538213758  0.08737798968292491
  0.09822342758989216  0.10916030175256450  0.11999593422503378  0.13079327156274922
  0.14122078383282302  0.15148981072011483  0.16152629745050001  0.17167286390830017
  0.18176829602868139  0.19189235813491062  0.20194779959978512  0.21212343553461296
  0.22233351223482753  0.23250477789243706  0.24265053324672153  0.25282769541705596
  0.26309627991146450  0.27379516098910850  0.28485342506650091  0.29573956472790258
  0.30617328012874268  0.31704980166061220  0.32787174496088950  0.33839656551329544
  0.34853353299540796  0.35892254959885972  0.36942232843286715  0.37990725382938711
  0.39020079158962462  0.40067118024263565  0.41114039851530887  0.42160476087239918
  0.43196938459375200  0.44235735201140858  0.45281806601680302  0.46330290628894444
  0.47381909294076974  0.48426009769637490  0.49464029934487547  0.50508052518890201
  0.51550742349174528  0.52582161297864427  0.53609865043539906  0.54664384232830443
  0.55739381635275587  0.56794940715987563  0.57822757800033886  0.58841109130705438
  0.59864408253859669  0.60890737984567100  0.61923689456743536  0.62962892068205800
  0.64002018719985543  0.65032844950904911  0.66054009428855354  0.67063781323147076
  0.68065227547253271  0.69066972472299548  0.70071499389354397  0.71088046476585176
  0.72120220044942163  0.73152086725597198  0.74170856226886928  0.75182901551771408
  0.76199553734253844  0.77225813126240972  0.78254795098771945  0.79272209572185115
  0.80279320069031379  0.81285907484388997  0.82295558205779928  0.83302189618496880
  0.84296948398540850  0.85288974907609749  0.86294949157509515  0.87306667970968532
  0.88320476300799622  0.89328632669990649  0.90332157775692135  0.91332563732504568
  0.92330057056640036  0.93329317701395842  0.94337760943873594  0.95354015936699044
  0.96347262874803974  0.97293929870130980  0.98212570900020524  1.00000000000000000
  0.00513164799167006  0.01518390432113231  0.02650619729208904  0.03809271886799613
  0.04919891979131885  0.06012192492223968  0.07101029648254605  0.08201601129837621
  0.09314578660770710  0.10439890226892842  0.11556019300061719  0.12665349683885729
  0.13765586429208440  0.14853239218259717  0.15927065679143163  0.17000994130302205
  0.18059808643923494  0.19108465310138048  0.20153341431220284  0.21202183027607824
  0.22254044540474593  0.23304600285491986  0.24355063335396593  0.25414909997066287
  0.26460237660567987  0.27489357148326743  0.28510870647731584  0.29552024628566009
  0.30630063402692514  0.31723370496170666  0.32807380199230723  0.33868385130425077
  0.34909067076939843  0.35953192279872653  0.37004699134525670  0.38061612143396095
  0.39116067173936481  0.40158238275150787  0.41185823229753105  0.42208167895052584
  0.43239057075549492  0.44288281863689544  0.45354847585005897  0.46431537538519901
  0.47504759206848718  0.48561977710407617  0.49603880149867730  0.50644998125039253
  0.51699909497868157  0.52778106837929961  0.53869270972484828  0.54944172601835595
  0.55998665324298047  0.57034054118774635  0.58056170700410525  0.59068461334404643
  0.60075514396607421  0.61102714258502455  0.62161556168981258  0.63239617191110020
  0.64335263212883109  0.65439046388997679  0.66532172280294555  0.67593223544366510
  0.68626320661892848  0.69669061290432388  0.70726550230762830  0.71778104870675297
  0.72812248607479690  0.73833698796447778  0.74860175539118479  0.75894572694420326
  0.76932856899656732  0.77987092014578252  0.79054392366905168  0.80120903368361307
  0.81187042786815600  0.82258087048233552  0.83326246932860581  0.84376754339026816
  0.85406611134362365  0.86434980178045984  0.87454296260417563  0.88474259397474164
  0.89497174959149772  0.90535520026535010  0.91585505700983616  0.92604730429255344
  0.93602821363403621  0.94582649278634467  0.95554476542074085  0.96504571709938680
  0.97418962688873745  0.98319995968901530  0.99230378051989099  1.00000000000000000
 -0.00256567387653299  0.00967175188024305  0.02022335175313109  0.03046473773602267
  0.04104149651023280  0.05131026799316742  0.06160240719201705  0.07204291201693318
  0.08235792093754835  0.09284906231055728  0.10321800313138968  0.11374139661528790
  0.12475801912516808  0.13582175834261523  0.14670230463323519  0.15718417551350278
  0.16761342512241592  0.17860367382817860  0.18936741042263738  0.20024822419697269
  0.21126502144630663  0.22220336200123592  0.23312491798654586  0.24362432475970314
  0.25397072327898801  0.26407800546460020  0.27430118174122625  0.28486793981574771
  0.29558401717170807  0.30661339972184165  0.31766585595285746  0.32834839612389027
  0.33884555338786110  0.34933039234888447  0.35992432924988005  0.37032985141769731
  0.38098305943518479  0.39196508738329694  0.40302318422328370  0.41413741987695268
  0.42501891842093698  0.43579591115623595  0.44630269258937111  0.45684496282983356
  0.46748301512329882  0.47809244848118854  0.48858132010649141  0.49897935479785444
  0.50927934043263057  0.51956466799156376  0.53005807197364818  0.54064340006860601
  0.55139709588139452  0.56216926179925153  0.57311134084543724  0.58394499212064643
  0.59464598695750703  0.60528852899598884  0.61570812888770265  0.62606332526146202
  0.63624786084553919  0.64651082162672213  0.65678976877748263  0.66705750428349431
  0.67748946545983857  0.68778466214840495  0.69802046223896841  0.70824789124948617
  0.71836148988548254  0.72842902287621658  0.73857553819383703  0.74871280664552986
  0.75902028671532040  0.76935023874900954  0.77977602139722846  0.79039343063351175
  0.80059223793242595  0.81068872296672168  0.82064032156734212  0.83058617952988967
  0.84066835287528241  0.85078391386037944  0.86108913184419822  0.87175142229112090
  0.88262101498897205  0.89376626960981231  0.90444774961528884  0.91524893949414321
  0.92588412175561097  0.93643196279520202  0.94682809371736909  0.95725972285287286
  0.96781155324988144  0.97850333443807314  0.98908262573191763  1.00000000000000000
 -0.00227198386687051  0.01026709743360813  0.02061983322091810  0.03126143459264177
  0.04169307952803275  0.05208865929963785  0.06234510242579138  0.07250026663457361
  0.08285242991636477  0.09312279067480550  0.10357126515623216  0.11397932480252357
  0.12455443088198041  0.13514374882504113  0.14582216999318459  0.15629781997105482
  0.16665070467263365  0.17683067047758602  0.18702042770856769  0.19720608596605249
  0.20736595327635313  0.21759451673698940  0.22808124617178344  0.23874138185039367
  0.24959853190289044  0.26002095231433847  0.27028126760682519  0.28055123873101406
  0.29108974942336197  0.30184651569167026  0.31259175506257159  0.32354458907037736
  0.33423688314192918  0.34476252237496890  0.35506580142672756  0.36534143226282145
  0.37570967637385433  0.38627003384793429  0.39671057437759716  0.40732141166892089
  0.41780730126100224  0.42884201067392297  0.44001494093642401  0.45097557310813147
  0.46155813655732664  0.47167625203017371  0.48206529880692561  0.49267628931490748
  0.50344082719576977  0.51399245882420752  0.52458821508265752  0.53505431419738747
  0.54569509385283566  0.55610751098878164  0.56653364233081793  0.57687528086396456
  0.58753507444841557  0.59849782985899058  0.60947674781575389  0.62035852107661671
  0.63114507077965243  0.64196669371285886  0.65298075133912337  0.66386131492011491
  0.67473877058397569  0.68543065297855421  0.69632604559082145  0.70694326691795839
  0.71714314317855576  0.72733798036207142  0.73780666428695507  0.74869546116468699
  0.75943858326766311  0.77000842694505744  0.78047854282508433  0.79070162682254685
  0.80100014077410919  0.81141918017727621  0.82225974052142692  0.83321003600818744
  0.84354833751360603  0.85377962557248122  0.86395775071407344  0.87431625097085219
  0.88476504518474408  0.89526608220429282  0.90578877032757532  0.91625688882772749
  0.92685429762498128  0.93729043976422455  0.94794532759524941  0.95852427489920189
  0.96922288037687865  0.97961297656113933  0.98987156391893061  1.00000000000000000
 -0.00260801065072300  0.00973834329546816  0.02030277163824145  0.03096653446004798
  0.04168111402072119  0.05255318210433965  0.06343576843023779  0.07420869445525173
  0.08482550498205799  0.09530064801594262  0.10554270598359410  0.11569338060145010
  0.12583862189593653  0.13607959225660884  0.14646828497261080  0.15706060789127049
  0.16759210668253638  0.17817835484478398  0.18885662477374893  0.19968677605175250
  0.21037267118310585  0.22096435689114519  0.23124990814522856  0.24123726536629769
  0.25102546079009919  0.26083655612780876  0.27076474226916353  0.28068464504666157
  0.29077363208596746  0.30128963721841834  0.31198153588253907  0.32255283199637713
  0.33295124836990608  0.34323503844328590  0.35345119257706670  0.36360098139273062
  0.37375224561386705  0.38410432998200233  0.39413420310134500  0.40489279808807982
  0.41543893346774863  0.42639725340276635  0.43727982169452762  0.44834225153022250
  0.45925515971533543  0.46979010137761007  0.48025566957539756  0.49082058566100450
  0.50140082968334121  0.51198552796127050  0.52263144036832643  0.53343263835164767
  0.54419368974357918  0.55464344369312091  0.56512630343478987  0.57579915401121418
  0.58652692719609500  0.59720673879876518  0.60767890612719389  0.61832675003111004
  0.62888967828501841  0.63961413292907410  0.65053662286897052  0.66163564808073982
  0.67253206791895459  0.68324867688406221  0.69430444839870686  0.70541526871831817
  0.71619101282230890  0.72664108833394780  0.73681565422946693  0.74688865894767620
  0.75699668453269120  0.76705822307581284  0.77734589077829197  0.78785980369102282
  0.79873401112133968  0.80968639813306031  0.82019567206819433  0.83051318510892103
  0.84108268021941024  0.85184105686206879  0.86246015730958769  0.87315000787825015
  0.88416956688684401  0.89522749237746446  0.90598868266392640  0.91659418428261841
  0.92778741833454759  0.93878679916431773  0.94941379495821776  0.95984951807412322
  0.97005585521540960  0.98023886176476027  0.99008992046395894  1.00000000000000000
 -0.00217514039937296  0.00977311697763743  0.01995195044406180  0.03048380482171494
  0.04091515693894018  0.05147758361352372  0.06195387231278690  0.07253405345129896
  0.08310920077316708  0.09347055459027825  0.10372683211341681  0.11400411562772558
  0.12431900083545872  0.13485563326099148  0.14524955857018015  0.15588288969293196
  0.16635679751596952  0.17723664934549785  0.18810540583843346  0.19884062873112207
  0.20941201415129249  0.21996048771914978  0.23016933293101347  0.24019314903941796
  0.24996951329037773  0.26073366639635764  0.27140345758698248  0.28248808590510177
  0.29375234549620982  0.30496775292993267  0.31584807274280041  0.32645699778148884
  0.33729414511640021  0.34817246981202976  0.35929620312999117  0.37049586396565776
  0.38149364306531858  0.39227857181374809  0.40279542559464160  0.41318254557992840
  0.42370619711055568  0.43401033785892834  0.44459636382783319  0.45514926276912193
  0.46588566747777438  0.47653908192494554  0.48671201981522799  0.49686255342647917
  0.50714185116205290  0.51744234545804424  0.52771287675978173  0.53794628484694573
  0.54832786115523391  0.55865498771575095  0.56896122306663000  0.57900911788834475
  0.58928288692089392  0.59951763030428273  0.60987442586098417  0.62022007753298769
  0.63076701244010580  0.64153143199360552  0.65272336926377295  0.66401718014537314
  0.67511052447488429  0.68597967380887592  0.69646810445063623  0.70715206081390947
  0.71743129419371998  0.72779451100742987  0.73817629935580709  0.74865372828348087
  0.75922644472137224  0.76979309066196666  0.78005357725685343  0.79029601946609018
  0.80084491445145478  0.81147864585910146  0.82193530312114771  0.83227322535676851
  0.84293391104981541  0.85363560519710024  0.86389430858630245  0.87444173868789232
  0.88490344804187415  0.89529866193447749  0.90569617703680172  0.91629680329349461
  0.92688043950337839  0.93724249161587370  0.94757324351600458  0.95798921212421750
  0.96821223047377514  0.97851312905823828  0.98907637907153134  1.00000000000000000
 -0.00238881062340994  0.00969385919789024  0.01989421830679055  0.03032926365301613
  0.04089765864487642  0.05128556036185054  0.06173425064369011  0.07216401588644017
  0.08251150539373953  0.09290288933455888  0.10348036733178759  0.11425965220788634
  0.12507207835599937  0.13566484145105806  0.14646528058450753  0.15716999852950261
  0.16789873899877691  0.17847984380855342  0.18930297383664252  0.20035128760902257
  0.21120060996489695  0.22174830833152381  0.23222146954768558  0.24289581645725711
  0.25353620035387531  0.26409116792106890  0.27480201894268208  0.28552469872134806
  0.29632243392948310  0.30719736996622293  0.31798152933563945  0.32860967640597682
  0.33899843525309253  0.34941082036956972  0.36000679303751121  0.37075885846262707
  0.38167342024030448  0.39280155196587441  0.40390810287454709  0.41462172425392191
  0.42510812137975457  0.43541966925295844  0.44590014480280971  0.45643473382018440
  0.46697632477782419  0.47753174282792721  0.48776510251156113  0.49808334386129305
  0.50862664456140760  0.51919886104859658  0.52978103314225733  0.54037541851245074
  0.55099435295141719  0.56161457654037072  0.57221214006557541  0.58280674979547498
  0.59325071145141917  0.60361972591751312  0.61400766047812805  0.62425329865500168
  0.63438371890371426  0.64458854873069438  0.65505832741694647  0.66564723210096655
  0.67627267406922076  0.68699546742862505  0.69781869409713360  0.70860268114393143
  0.71932347088933191  0.72987520182638121  0.74033710426365407  0.75068713718617719
  0.76103370552240690  0.77125832874424516  0.78135068934835439  0.79135027296578031
  0.80144294224474255  0.81157230819251347  0.82173830364688594  0.83201103141257882
  0.84267209845265378  0.85338314017369010  0.86383336785519171  0.87406744926090352
  0.88438099662298952  0.89451649275982048  0.90463058147838893  0.91483511256792982
  0.92540802194700122  0.93595919653490534  0.94650564338331744  0.95686624688540223
  0.96743008010491283  0.97820951144994106  0.98917565449842937  1.00000000000000000
 -0.00221887552309607  0.00924097354093428  0.01908616365214050  0.02928804817882689
  0.03960191376289359  0.04992032689849783  0.06034087942312083  0.07059016356486310
  0.08094062893766057  0.09122255960927590  0.10165106983529060  0.11227184481935081
  0.12293578522688733  0.13405474144392551  0.14528576414415700  0.15637966315368157
  0.16726451158682704  0.17813149240066312  0.18907402761372458  0.20001884243780246
  0.21085163560005049  0.22150313824861195  0.23196409289056030  0.24229163433122461
  0.25287941810510123  0.26336753544025820  0.27354740665446181  0.28336639019036214
  0.29342664501846893  0.30384908521944937  0.31455824422587436  0.32517404099757563
  0.33596093613520817  0.34676818251746760  0.35754192598221102  0.36813312367201317
  0.37867731124649229  0.38913884229643131  0.39956910851250699  0.40999450140692090
  0.42062433914159486  0.43136822524031865  0.44209193592821516  0.45260059301407046
  0.46307298010479442  0.47358632363324515  0.48412494005221240  0.49469438847493946
  0.50544771992769910  0.51633207925900682  0.52709565564483352  0.53769730036073282
  0.54815726584191227  0.55844250458004341  0.56851873497404148  0.57842570434378660
  0.58865739950145479  0.59889294499060575  0.60921243861914254  0.61957335316011508
  0.63016181574643115  0.64073195045067943  0.65100249378434538  0.66108721853347674
  0.67138147569107154  0.68175668029890613  0.69224775361689661  0.70263379669803072
  0.71322974398556549  0.72391883898648712  0.73481494934488234  0.74570487298093102
  0.75669001212264242  0.76775417595683149  0.77888280121111042  0.78996296939541499
  0.80064023229605330  0.81121235820381821  0.82156750833938141  0.83191310513132055
  0.84228850029079128  0.85249896781503864  0.86316227004266610  0.87377200716325998
  0.88455285346092993  0.89524378982841979  0.90622195960640539  0.91705689023336834
  0.92757196251725116  0.93798579726657871  0.94877391360080665  0.95952255996437064
  0.96960819500752249  0.97984421591121862  0.98982941663960311  1.00000000000000000
  0.00968476387819379  0.01553886127955243  0.02447994310628871  0.03503689979210807
  0.04541996580756923  0.05560940053370002  0.06572676827051975  0.07601478232974974
  0.08640548451058686  0.09678951123362291  0.10708986112248865  0.11756207587026526
  0.12786999672781535  0.13825627241827393  0.14854786422308752  0.15894820519397418
  0.16961073692518916  0.18019493475742529  0.19103706565923667  0.20139508803977099
  0.21169587521664640  0.22191761074389019  0.23221944305362713  0.24270665788592410
  0.25325638209821622  0.26372748839709409  0.27416444412964019  0.28438215503123809
  0.29461171529652314  0.30481628848724285  0.31534986912237573  0.32599373451178681
  0.33660376861488539  0.34717625619239206  0.35769543108581270  0.36833551360097266
  0.37882854276149019  0.38942998577649712  0.39992388750498187  0.41042730900064733
  0.42095201164585555  0.43148697976469286  0.44208949277439863  0.45263568944295834
  0.46329514937021277  0.47404171198102701  0.48468667680896660  0.49524376887955390
  0.50569032350691523  0.51610157348751784  0.52636131617648885  0.53649651587606939
  0.54660007319584192  0.55680461272008674  0.56716050115955829  0.57738594259727793
  0.58768787195932604  0.59811338957488425  0.60843992688307924  0.61859255171739724
  0.62883189813130136  0.63930690918235278  0.64990671572974179  0.66040351224986238
  0.67079749536846633  0.68130468417545953  0.69182168061362304  0.70245242998626045
  0.71314916568237241  0.72393116453526951  0.73484823419545320  0.74575747285068339
  0.75638061406170376  0.76661758069188357  0.77674667341328030  0.78694392267317148
  0.79722161915666556  0.80743114604082622  0.81768036172861736  0.82780749796869824
  0.83806639918669346  0.84817978127671578  0.85830304038994321  0.86820397700227059
  0.87819982352108039  0.88832787680109582  0.89848731407507487  0.90880387312423061
  0.91922454982711965  0.92960073645369656  0.93975673210384125  0.95004674374213816
  0.96035765465218836  0.97052717999496863  0.98076101984569686  1.00000000000000000
 -0.01992501355260307  0.12070525418668331  0.15922859045502541  0.18251115665103165
  0.20060534742152053  0.21574058205761931  0.22896527308054437  0.24065922350396246
  0.25155572230971973  0.26145988246407575  0.27101987462798732  0.27979580795431375
  0.28833998931797644  0.29641839317287866  0.30417187867647960  0.31173472205273139
  0.31897919243757350  0.32606044747092228  0.33300430482269222  0.33978753987240323
  0.34641910734248638  0.35293997256093435  0.35922628278544116  0.36542894540931586
  0.37158737509736917  0.37762011186367511  0.38357888696476466  0.38948547185007099
  0.39532504611460439  0.40107589955212786  0.40673314434613023  0.41232023889413733
  0.41783727555211642  0.42325920805265788  0.42865109212034691  0.43406309077914706
  0.43944411070344497  0.44480734990764653  0.45012755488855360  0.45545814551802655
  0.46077296606760376  0.46609711577705787  0.47140953574879768  0.47666925992808562
  0.48189968086917878  0.48709872878887356  0.49227361337182046  0.49741718401328827
  0.50259407070538220  0.50774900497611741  0.51293217048813244  0.51812576626853524
  0.52335936730658805  0.52862971364686573  0.53389968462187642  0.53915821773300499
  0.54440669279311937  0.54965063341415510  0.55493929522876984  0.56027080489183023
  0.56567411790234556  0.57113387471925381  0.57661126884200287  0.58207662834169027
  0.58762371315529838  0.59314512187277402  0.59867520314056066  0.60427735803264793
  0.60999403170005273  0.61580812536069585  0.62170284682850085  0.62772845336295380
  0.63390604603822587  0.64017162989472021  0.64653224735938597  0.65304132769269752
  0.65962003795461455  0.66630597398716018  0.67320501580867254  0.68027703617476543
  0.68749145242955512  0.69506097925560528  0.70281198208332840  0.71089852729062153
  0.71947060786304651  0.72829711328455693  0.73789743425223608  0.74790641945466241
  0.75880592082096698  0.77057896094285638  0.78369710054111652  0.79870110165431274
  0.81670455735603043  0.84009512426963961  0.87841199430882777  1.00000000000000000
   1.0337482121562907E-037  -1.0000000000000000     
 F F F F F F F F F F F F F F F F F F F F F F F F F F F F F F F F F F F F F F F F F F F F F F F F F F F F F F F F F F F F F F F F F F F F F F F F F F F F F F F F F F F F F F F F F F F F F F F F F F F F F F F F F F F F F F F F F F F F F F F F F F F F F F F F
  <DiscreteSampler_grid>
  grouped_processes
  1 # 1 for a reference and 2 for a running grid.
  10 # Attribute 'min_bin_probing_points' of the grid.
  1 # Attribute 'grid_mode' of the grid. 1=='default',2=='initialization'
  0.0000000000000000 # Attribute 'small_contrib_threshold' of the grid.
  0.5000000000000000 # Attribute 'damping_power' of the grid.
 # binID   n_entries weight   weight_sqr   abs_weight
    10   10   1.284919982840710E-024   9.688397432312438E-048   1.284919982840710E-024
  </DiscreteSampler_grid>
