  0.00450438479983443  0.01594979813666422  0.02887630147313783  0.04107272479556705
  0.05243993849640757  0.06387610181652609  0.07471632719012478  0.08540193308195962
  0.09574312521816340  0.10620105557063897  0.11696102057057821  0.12772665004682940
  0.13853293570897010  0.14919877755633870  0.15965754724544853  0.16990951852524647
  0.18001476961286061  0.19019640089219167  0.20059253482949682  0.21100763566979194
  0.22157789272361628  0.23215456500194340  0.24269529148509891  0.25322467550047106
  0.26409349699885964  0.27493104913684896  0.28571340290214092  0.29648694706717948
  0.30731620741657545  0.31788171507753787  0.32836083325516141  0.33892273170412707
  0.34958960052394844  0.36010309081786479  0.37077227430811655  0.38128904390860568
  0.39180653980433044  0.40191412231105916  0.41200664703488316  0.42205931047557804
  0.43218725327735735  0.44235197309874613  0.45267763324195359  0.46300573134634937
  0.47337006508934576  0.48372090297541587  0.49427971245087238  0.50478606620835298
  0.51528819692762629  0.52593721414531558  0.53667981560363542  0.54729217451115608
  0.55768887316161442  0.56804466345845117  0.57828051952137494  0.58839472637840162
  0.59848896172578636  0.60874139579258824  0.61894857444303442  0.62920171988629181
  0.63942299490297261  0.64961089993101551  0.65979242354599144  0.67009151147507973
  0.68036466913813909  0.69054899737422937  0.70071030549031921  0.71110175150071508
  0.72174036668819064  0.73222725568243119  0.74242491404869981  0.75238514800308942
  0.76224649429275393  0.77209647979596974  0.78191579066247330  0.79176853173717709
  0.80164569217836967  0.81158927354443533  0.82158444110710027  0.83165800545432145
  0.84180924701718063  0.85205795377299354  0.86253853678192371  0.87312338132176948
  0.88365843082151130  0.89413262006026961  0.90463862236075310  0.91517731103947042
  0.92557121708810985  0.93570495439520618  0.94567914272847386  0.95546754104523424
  0.96505582915609156  0.97442037781707491  0.98324041126822270  1.00000000000000000
  0.00522706148639457  0.01494696737326977  0.02667568663701756  0.03849675513799542
  0.04977403727726271  0.06062113802715720  0.07140857299975252  0.08231926541414263
  0.09334899243281186  0.10435036222717345  0.11512524873224694  0.12582922822113388
  0.13653749192238876  0.14717863519552740  0.15756347156136910  0.16786081179968704
  0.17819955904009208  0.18852519394030412  0.19889005534772705  0.20928991194898086
  0.21987509924699475  0.23047424639460012  0.24133850080828295  0.25237222150540251
  0.26319419625716550  0.27366965989690684  0.28400678490346554  0.29454200053516155
  0.30510679309854866  0.31564817861593114  0.32603089955478587  0.33635885775768581
  0.34660205830807761  0.35703638148141048  0.36773853285823815  0.37851641756041199
  0.38912544106757702  0.39960951604660128  0.41013710221216509  0.42054355032584956
  0.43088463634852792  0.44111292084323367  0.45130244860924174  0.46171334494322713
  0.47219321495520661  0.48263719353047441  0.49302993724397287  0.50339916803967522
  0.51391756724259041  0.52414897143062378  0.53423891891848529  0.54456970616434963
  0.55517475846877040  0.56589829154283944  0.57647998135046152  0.58717773913009386
  0.59787935295728967  0.60845923153955672  0.61872738394857529  0.62896620569483530
  0.63908799924926252  0.64923731004408491  0.65934944132961260  0.66945207978128485
  0.67986043027917720  0.69042239537661376  0.70109248595146756  0.71176945357021737
  0.72227719779808508  0.73264156871041552  0.74269619776277185  0.75272091915481376
  0.76277466181574871  0.77291315719788278  0.78312675567374790  0.79333138847844931
  0.80358659191187232  0.81390119955336238  0.82437569347614970  0.83482109569264107
  0.84511662940572385  0.85523230921400528  0.86521706800078979  0.87500698529164944
  0.88458204013736963  0.89416144015461296  0.90405762212491114  0.91428024633091554
  0.92440995745918830  0.93419086625504455  0.94391939213557452  0.95363399382037928
  0.96339590837377809  0.97267067274062935  0.98280149617794099  1.00000000000000000
 -0.00195096275052672  0.00962184783243153  0.01972406997955001  0.03015483641726456
  0.04062657170863464  0.05115788324752507  0.06180772011781982  0.07247477736388329
  0.08288563116044192  0.09348675856305068  0.10400641561924037  0.11438107806214368
  0.12486752209904267  0.13556374969415774  0.14613337776060040  0.15654817794586556
  0.16673502544144150  0.17729785227493736  0.18811831390846470  0.19901327495360832
  0.20981468962967290  0.22040744155231173  0.23100908503939188  0.24168490470943221
  0.25230838727387861  0.26293061815348606  0.27337312039643680  0.28372706731666281
  0.29410606328724814  0.30468183392685916  0.31521231097957214  0.32595545623296091
  0.33659954712346268  0.34707070394505313  0.35757829529140261  0.36802355909750317
  0.37872691980997836  0.38937361844040624  0.40017645958348486  0.41100538993300900
  0.42178034777106249  0.43259238002776779  0.44314769312828473  0.45349740083343754
  0.46386849526374391  0.47439166868446975  0.48479213199348703  0.49495525132601265
  0.50529602848026212  0.51597022924017388  0.52667317958250082  0.53728327892968031
  0.54768621606470580  0.55790432370901566  0.56816025706077056  0.57839137791952744
  0.58874417977049109  0.59905141475501733  0.60962512516301115  0.62020113992451620
  0.63071433904740071  0.64109215189951863  0.65155295111557876  0.66205887614726244
  0.67239055893141342  0.68288137051280173  0.69321134735295387  0.70356743201346850
  0.71383853538667608  0.72432493013299604  0.73475229086860494  0.74514222481438797
  0.75548203949931358  0.76608082904724117  0.77668831500810587  0.78751237538302021
  0.79835357699773679  0.80953278695620690  0.82038947808350826  0.83137669917764867
  0.84180360965020351  0.85250543467862294  0.86287497962601567  0.87341005197049848
  0.88364013786419204  0.89384975565088176  0.90437146847756600  0.91484963950767173
  0.92563294852153244  0.93631933531935752  0.94686889689700104  0.95757859704277049
  0.96831977253097823  0.97909926994998597  0.98958368170240107  1.00000000000000000
 -0.00218988022824167  0.00935702927482778  0.01928853060824752  0.02964057205981777
  0.04001228617374365  0.05087404475106982  0.06195289940412799  0.07288190745232016
  0.08376698223964935  0.09436675544643770  0.10496236497932938  0.11543007482272985
  0.12601127258630909  0.13659312238831073  0.14715183887419314  0.15790113100349160
  0.16878719680273879  0.17951434818623149  0.19010312623802733  0.20054755886933534
  0.21124651347427498  0.22186945626869581  0.23241864350684249  0.24275672896393508
  0.25311005307852014  0.26383656804891020  0.27464663881547374  0.28524778202762108
  0.29563005037649226  0.30581230445199536  0.31610942658543312  0.32652776589987165
  0.33717052355860250  0.34769559489050528  0.35803423274379803  0.36834956777492706
  0.37869292334043358  0.38899233533957317  0.39928225793747718  0.40945103717018411
  0.41964517881668661  0.42986499797903327  0.44016005733773872  0.45060795933584508
  0.46111946205045790  0.47173677046288193  0.48237587643332114  0.49323715764083204
  0.50403667299550303  0.51485337505932705  0.52571205440850299  0.53661943946253010
  0.54729525163786585  0.55768538267553192  0.56820705175921460  0.57859288949129939
  0.58904370679960205  0.59938744549775103  0.60993327910410677  0.62043959480215483
  0.63086340243923722  0.64118692617320738  0.65162571526076662  0.66211682844325936
  0.67257639759626653  0.68271634603928899  0.69283344878482878  0.70307899383384365
  0.71355017998434389  0.72415052503559663  0.73480730874617484  0.74542606205812645
  0.75605392331135923  0.76646798027650120  0.77722346685932364  0.78784182115111401
  0.79844392920499219  0.80863272656380769  0.81919312644408793  0.82983504546920728
  0.84087891152965788  0.85177569964459010  0.86256997236243604  0.87313616425502472
  0.88389855819066165  0.89461205715853842  0.90508585494149707  0.91534685435615037
  0.92597894868196118  0.93661045605139048  0.94732200068875605  0.95768819131616778
  0.96838425573089770  0.97895198592921473  0.98952667906052483  1.00000000000000000
 -0.00262649755210172  0.00992862234945771  0.02014799397979241  0.03097843632591331
  0.04164666548636323  0.05264920574174787  0.06358635405159208  0.07419793462196382
  0.08485819257112256  0.09544701219749295  0.10619286984795438  0.11673714606561209
  0.12698676705185405  0.13727042874324030  0.14758624732686598  0.15805867824697237
  0.16842863959232524  0.17860643425446490  0.18877870215894016  0.19917853796929125
  0.20975578368541328  0.22034541876555183  0.23086212221292196  0.24128014537547388
  0.25158140779572424  0.26162941936943296  0.27169568969557673  0.28187107576839820
  0.29228309464759672  0.30297177095517341  0.31365780227177026  0.32423466812647567
  0.33460028315572277  0.34488576873554067  0.35508185207601856  0.36510910141422770
  0.37534120600149179  0.38607332662408117  0.39702727584375824  0.40774276742233279
  0.41823368442917325  0.42900345256084182  0.43964399261556669  0.45003828827580733
  0.46034221995978469  0.47063042256458332  0.48087806616486567  0.49093323346465123
  0.50095912928115216  0.51113743471345441  0.52134120603534628  0.53195742727403239
  0.54280784469501253  0.55388519382388457  0.56486698225532328  0.57610035588012776
  0.58712062697788625  0.59801005089439707  0.60883070407328355  0.61965663918221348
  0.63016598813571578  0.64074530738669211  0.65154853564395021  0.66268916013553070
  0.67375259009899724  0.68491658430193114  0.69568198629523559  0.70631544689585835
  0.71663229094812975  0.72694051829341133  0.73722559037844804  0.74764517475288506
  0.75776203602914927  0.76793080563821858  0.77778871797231464  0.78770079485722899
  0.79798199754231258  0.80835929681884156  0.81887973848909690  0.82914983325867309
  0.83973504914714858  0.85081406092765843  0.86189533787671313  0.87284098618170547
  0.88361468389402575  0.89416995239749941  0.90453870430212269  0.91490150971399431
  0.92548046598824363  0.93600610872769408  0.94632897642281355  0.95677563859147075
  0.96777666133968998  0.97886743119610575  0.98960547722886316  1.00000000000000000
 -0.00245055879922703  0.00969550889919721  0.01988652473139669  0.03050232056871784
  0.04112321309470970  0.05175654784623892  0.06230409308143681  0.07282423117950257
  0.08339809137497033  0.09397137528407956  0.10457652443913816  0.11510288589984660
  0.12564372552829967  0.13635714422105077  0.14726860702390585  0.15814466400713256
  0.16903170607332849  0.17988305306188249  0.19073442167808771  0.20158533937003187
  0.21255193556197857  0.22356746351301196  0.23442433190800130  0.24507919819940377
  0.25564909342454295  0.26612608057244835  0.27647532966943900  0.28667705055101739
  0.29686947160760346  0.30725675150376275  0.31788912801494051  0.32859299758527305
  0.33913628704494025  0.34951755301768395  0.35997641799347746  0.37061438306734001
  0.38126354890501013  0.39186648008083652  0.40250794586062949  0.41314188524978968
  0.42357539145005002  0.43378107430307167  0.44407782071295315  0.45448388875382406
  0.46495890113559474  0.47537605129148747  0.48582030745231608  0.49625353713650294
  0.50674757483603039  0.51721576320043239  0.52760192304952058  0.53789053679069643
  0.54825781092069281  0.55869716509592771  0.56912957847218892  0.57937890309720408
  0.58946143492475955  0.59957005789633444  0.60976365830545531  0.62015775782777227
  0.63080318096605781  0.64153836575772871  0.65209121200967890  0.66241260134343505
  0.67291172902033780  0.68361598092857734  0.69420988355898450  0.70457125503167040
  0.71494166316109808  0.72549885512004586  0.73603157604833669  0.74640013822295437
  0.75697734393328064  0.76757090914713433  0.77840640514821724  0.78936289024058681
  0.80041781451189264  0.81148660782782678  0.82232678549809479  0.83298483592441130
  0.84360639433129336  0.85408936495645027  0.86449556124370941  0.87488743737051966
  0.88540964777218689  0.89602853625238543  0.90652725106790832  0.91704862519914798
  0.92751257733086301  0.93822866283810480  0.94870495452147496  0.95922076408345247
  0.96936651803089324  0.97970611491912718  0.98987234058462614  1.00000000000000000
 -0.00262894225679554  0.00940928339182816  0.01993503675101373  0.03017481479065055
  0.04046141627978048  0.05056713304380748  0.06062967185541433  0.07099696715072372
  0.08132467086122006  0.09176129879675092  0.10234687754574781  0.11266400005403204
  0.12299720023030569  0.13326501660689716  0.14357733348946022  0.15413400290636450
  0.16456671680261900  0.17524827140995680  0.18610410047977527  0.19684331879960845
  0.20771921949732239  0.21829630110435108  0.22872523201561262  0.23881320072496842
  0.24902683817765858  0.25951809882376264  0.27013350685288012  0.28065426779707431
  0.29108318230325364  0.30183958063587996  0.31253622043771878  0.32333262984113970
  0.33391865301119095  0.34469102511027905  0.35543922660785432  0.36632212250526697
  0.37700900559404943  0.38757455179529382  0.39818976126771399  0.40905818907828984
  0.41984167848815307  0.43029137582406629  0.44079298826947327  0.45136246317901185
  0.46212073125484332  0.47282638041808184  0.48326315478597420  0.49377029545997142
  0.50431829797211147  0.51494851736546876  0.52542510420668653  0.53577464221378535
  0.54605556809961486  0.55657550128375510  0.56730215468030332  0.57809949197980959
  0.58889259690739348  0.59977100521952020  0.61043275224736582  0.62107118217265700
  0.63149968464548223  0.64199035874298005  0.65222206451090214  0.66244675352574456
  0.67340263295954816  0.68476183023869031  0.69614576345158452  0.70742238601621477
  0.71855686334175051  0.72938757614063110  0.73984972609431288  0.75016375980776584
  0.76043599415369756  0.77057016902673980  0.78070768716129113  0.79083782123084589
  0.80100801983024905  0.81122423906063001  0.82158500558309977  0.83205280174862417
  0.84251847419440162  0.85277494967506096  0.86306494135083833  0.87343997686469743
  0.88392810374506858  0.89449307076003293  0.90467189907358880  0.91498383536672534
  0.92536733877885191  0.93565725833711233  0.94586783494297244  0.95615295271981782
  0.96711424116564826  0.97827232366571426  0.98927343782159916  1.00000000000000000
 -0.00245494630651998  0.00917833296219883  0.01895555752821731  0.02906175136589600
  0.03933994435149429  0.04982695731262514  0.06035944744910929  0.07102016239643716
  0.08170568197184204  0.09239474044695672  0.10292324409953860  0.11299463071301044
  0.12332009072067365  0.13357367672398798  0.14390148489997054  0.15407747726308604
  0.16443255755745079  0.17476129193045389  0.18509770513020962  0.19519124336619997
  0.20526890896814898  0.21554745942280901  0.22593277228962078  0.23668266477583247
  0.24761698635747234  0.25867187819402271  0.26959974458994490  0.28046328774426083
  0.29131231456539208  0.30223476804408816  0.31317581011991291  0.32451799213778754
  0.33574282009077205  0.34654437719604142  0.35725206781377844  0.36824739272388696
  0.37898127479655974  0.38948018907043541  0.39989741614766594  0.41041831022605052
  0.42070599717547325  0.43076668086187420  0.44094753529362340  0.45122445743047312
  0.46173752381796046  0.47233215848807630  0.48296765327147684  0.49382336077408084
  0.50461300802535791  0.51553349524340764  0.52646674320371023  0.53724868289664618
  0.54774709840919800  0.55802040210414250  0.56846935653429886  0.57920354638843607
  0.58976766811976422  0.60043052657835949  0.61106148211895861  0.62150675296291069
  0.63173098898544811  0.64194420562500187  0.65239141446935189  0.66325427170411844
  0.67382265416533982  0.68469873938952475  0.69530410070641124  0.70586969906735419
  0.71618181148685212  0.72657163765121580  0.73719637758356682  0.74791477527424599
  0.75861281445589135  0.76932105761323366  0.78024103586162707  0.79117269569733084
  0.80191564123413728  0.81225420054996056  0.82291425109466010  0.83360635511918646
  0.84440210029283547  0.85517875128633847  0.86557134647243117  0.87590931114171711
  0.88587148728311615  0.89614490248638889  0.90659813340426898  0.91670958139867809
  0.92702207115780599  0.93723377169276079  0.94789944829186379  0.95826638501136374
  0.96862145516162457  0.97900013298712985  0.98951571056045362  1.00000000000000000
  0.00971709632046061  0.01652346453703882  0.02579947893051156  0.03638419573235009
  0.04658018773904306  0.05656087876118794  0.06672404199844305  0.07697204519767899
  0.08747422773751440  0.09798796077829176  0.10836008290299792  0.11872168083589503
  0.12897594803780252  0.13909199933088298  0.14912116578192655  0.15916391747558409
  0.16935770163797859  0.17962857513959474  0.18991800332395387  0.20027694772801891
  0.21072868349647128  0.22135210896417482  0.23193364362859334  0.24252554505799911
  0.25317398598011814  0.26390812665729818  0.27465784345748023  0.28513728171174396
  0.29571216566710012  0.30644729953799271  0.31713687871000829  0.32754573777644780
  0.33797776423938469  0.34839660601438599  0.35867919155427597  0.36852872730383135
  0.37854643175202662  0.38872778684753578  0.39889580680099324  0.40892564501422196
  0.41889651520934884  0.42900137780321035  0.43928353729457936  0.44968966392639464
  0.46029217304718029  0.47092600634508647  0.48143896285353510  0.49184174586751139
  0.50234686753516256  0.51289922884342909  0.52339408536190146  0.53377307771781712
  0.54422046476142605  0.55473200676704271  0.56531435544741726  0.57589554738683169
  0.58634652612963711  0.59664067783793806  0.60692579564413740  0.61737747640821294
  0.62788163151264065  0.63836014414761633  0.64876112203972836  0.65909414638776798
  0.66933887551126670  0.67956372626076955  0.68994706088887803  0.70054461291623038
  0.71124790667383608  0.72187410956813858  0.73223709555623617  0.74229653791300398
  0.75216612945707662  0.76201040462947567  0.77200516181078060  0.78221568372817551
  0.79259159051585970  0.80313769086452735  0.81386146309028251  0.82470120246819179
  0.83555200481995429  0.84615763607835792  0.85648744681553979  0.86658190321913131
  0.87672255806645694  0.88684520404129819  0.89695202670675112  0.90698319462750965
  0.91708525508042260  0.92744767235761350  0.93783595444982204  0.94827776527134544
  0.95882756377136846  0.96975397917471973  0.98065955538371941  1.00000000000000000
 -0.02025271352105776  0.12134784829720106  0.15961947640550228  0.18249052788126380
  0.20040151707860343  0.21544566827486783  0.22866281080831494  0.24038733529016318
  0.25124625553556118  0.26113731428350867  0.27078838636206687  0.27959269474173037
  0.28815563569524932  0.29624782949821798  0.30398689911046722  0.31156660038466261
  0.31882756989072658  0.32597302515603716  0.33294426570450625  0.33968602691349126
  0.34629038327033673  0.35279346793990968  0.35910896234302581  0.36526103465055476
  0.37131200522825786  0.37726269948041691  0.38316864789775079  0.38908557284014106
  0.39495715677715149  0.40070858616411803  0.40636711966477379  0.41197758931457190
  0.41752600709510657  0.42302855334711476  0.42845746067475016  0.43390626954165767
  0.43931724228253838  0.44466513998607965  0.44999328016933265  0.45528076988926114
  0.46054989954685377  0.46579949311720958  0.47104389892572152  0.47629449756880721
  0.48152905287358422  0.48671763729180201  0.49185594821390433  0.49698920192303991
  0.50211924773087124  0.50727864402836353  0.51244286024743024  0.51761604177384735
  0.52285215870598856  0.52814695420012381  0.53344542745385948  0.53873332651739525
  0.54402768312975103  0.54935331587925151  0.55472191880058830  0.56008807015565321
  0.56547090716307880  0.57091833316222285  0.57636035144146269  0.58186070678097646
  0.58746814637052924  0.59313157890390544  0.59882293365863848  0.60454722533689442
  0.61032330157624037  0.61615983967066357  0.62205894766074754  0.62808307008947839
  0.63424691815569001  0.64041701119499850  0.64665551708773283  0.65305123692058564
  0.65963334012048258  0.66638458454853400  0.67335466112789832  0.68045731105177487
  0.68764716539371185  0.69515585340680763  0.70283558028301252  0.71080295623980727
  0.71931191157399743  0.72795903645686477  0.73742884144309262  0.74726157400524407
  0.75826301623188253  0.77009916891818642  0.78329278859176099  0.79822084866280363
  0.81614750575810935  0.83926991439846732  0.87710442259050547  1.00000000000000000
   1.2848587698352201E-041  -1.0000000000000000     
 F F F F F F F F F F F F F F F F F F F F F F F F F F F F F F F F F F F F F F F F F F F F F F F F F F F F F F F F F F F F F F F F F F F F F F F F F F F F F F F F F F F F F F F F F F F F F F F F F F F F F F F F F F F F F F F F F F F F F F F F F F F F F F F F
  <DiscreteSampler_grid>
  grouped_processes
  1 # 1 for a reference and 2 for a running grid.
  10 # Attribute 'min_bin_probing_points' of the grid.
  1 # Attribute 'grid_mode' of the grid. 1=='default',2=='initialization'
  0.0000000000000000 # Attribute 'small_contrib_threshold' of the grid.
  0.5000000000000000 # Attribute 'damping_power' of the grid.
 # binID   n_entries weight   weight_sqr   abs_weight
    10   10   1.939736635709049E-028   1.894305289355962E-055   1.939736635709049E-028
  </DiscreteSampler_grid>
