  0.00522168899326371  0.01550814888627920  0.02679461566575717  0.03846834829091313
  0.04972172956538622  0.06060061176164869  0.07138270489040460  0.08186273711843918
  0.09230167282493529  0.10283787717161114  0.11339972708133073  0.12391219447269235
  0.13417521168281649  0.14442663871429848  0.15476664336836227  0.16518014783559942
  0.17558744566068424  0.18614063116717366  0.19676647334420000  0.20736552538947620
  0.21774523070068266  0.22814562486717843  0.23857769110610341  0.24885773162975647
  0.25898011719089764  0.26911743998333548  0.27915300272045257  0.28901066812560350
  0.29886419107663392  0.30866209745069562  0.31863370116284467  0.32881436992852020
  0.33913471970687459  0.34950409368778979  0.35983884291338125  0.37030361924495375
  0.38084209109061151  0.39127993951404649  0.40160899406542550  0.41189385827248487
  0.42207766656540135  0.43210268873014224  0.44246020673695496  0.45279992619481962
  0.46318239715501691  0.47348252712180278  0.48394956288105007  0.49450059248894235
  0.50488076828171546  0.51543446689621031  0.52642583727682801  0.53753581191916688
  0.54829974676262894  0.55881916704910950  0.56957415844692483  0.58043516435077336
  0.59126376037040851  0.60197205666801024  0.61281622916302247  0.62368802991205807
  0.63440034925031086  0.64496461569948804  0.65543735764491018  0.66588132088696939
  0.67629122091089333  0.68673561759097157  0.69739698486387280  0.70818169134729803
  0.71895512373430526  0.72987174523401566  0.74072042672275462  0.75136921524596834
  0.76165030064787054  0.77174079987965449  0.78199222824388448  0.79252185669009623
  0.80328303575172844  0.81411596041477263  0.82493110359198041  0.83566095022697606
  0.84611164857164023  0.85628227983702276  0.86626983785008815  0.87611701197719727
  0.88594346276428215  0.89568433096106348  0.90559381888416379  0.91550469778694965
  0.92550340295184275  0.93540165327140312  0.94525017205500361  0.95508966687576979
  0.96477549325544387  0.97417037687799013  0.98319773165746516  1.00000000000000000
  0.00503284913523381  0.01492336704299017  0.02633500991158862  0.03763106094879612
  0.04853592862962474  0.05915401393858856  0.06981929624330974  0.08052128852146208
  0.09126901917886648  0.10208659833091646  0.11284086905170831  0.12367069405773640
  0.13453463809322685  0.14532196004424711  0.15587242889815839  0.16630794913925362
  0.17681221346892528  0.18743941204174755  0.19814829467296460  0.20895614640682328
  0.21966245247019375  0.23050530909713909  0.24125300009628536  0.25189709888761497
  0.26250434003415574  0.27319650555829711  0.28391354623986020  0.29453358478556452
  0.30522218029855691  0.31587514981465242  0.32632564900821209  0.33686039544520185
  0.34733066810153662  0.35771571339266767  0.36798543040131099  0.37827880712430956
  0.38853287905710382  0.39891092728112937  0.40963489446228313  0.42050521713103495
  0.43128502126307877  0.44195485375533428  0.45238396388638191  0.46292889856857583
  0.47333936373266278  0.48373487426473460  0.49397950986402567  0.50439192426579982
  0.51525890712582323  0.52625683646788757  0.53733535279583367  0.54832661138448147
  0.55904755563530417  0.56944546195448742  0.57958675508147606  0.58963599651812937
  0.59978769569085510  0.60997155933852121  0.62003301591612159  0.63006110204280596
  0.64021612210644718  0.65051267826589321  0.66078790882593352  0.67113860872372444
  0.68165262428948825  0.69223804565550462  0.70267476971464315  0.71297854578394693
  0.72325424190923915  0.73352378194638612  0.74380949531459783  0.75398651117742121
  0.76402559388864155  0.77397283169760900  0.78385450831350056  0.79375510473078603
  0.80371604727965140  0.81376148959873407  0.82387682630980485  0.83400729200097012
  0.84419989470411627  0.85433353912334442  0.86432845096133437  0.87434345811258152
  0.88446233398381435  0.89468711939468248  0.90489286250483325  0.91507646640664986
  0.92520262020127919  0.93526222576419116  0.94527396821243903  0.95511474022582377
  0.96473223072539205  0.97393221428300369  0.98301846640713741  1.00000000000000000
 -0.00244350274356047  0.01010930818931227  0.02070751571921035  0.03128818443064732
  0.04181626755690285  0.05248360423698871  0.06314123135140688  0.07392359251212097
  0.08465561211371225  0.09547108266399033  0.10625239437587758  0.11703237431306011
  0.12781377079181802  0.13870208279043189  0.14953665783690939  0.16032086340525611
  0.17070108529208941  0.18088311813017369  0.19090788862194430  0.20092319913248058
  0.21096841040941258  0.22113864855377316  0.23145635630361322  0.24214302506084581
  0.25280732794113481  0.26346428857278742  0.27406811312657264  0.28462082387713633
  0.29505362854595923  0.30527067166099192  0.31558496562456173  0.32612084982089073
  0.33683788374446205  0.34742377258185297  0.35806669657980056  0.36892421858893820
  0.37967473003144059  0.39026995624977073  0.40080996720655182  0.41124063093813090
  0.42148632099266903  0.43154396233946285  0.44188416025413857  0.45247963497294630
  0.46309102179111333  0.47377013902813403  0.48452614266254557  0.49513982714958094
  0.50552179808546216  0.51570893818610997  0.52612104739284982  0.53647178925940797
  0.54716051808738797  0.55788396241810112  0.56904372558386140  0.58019283837486801
  0.59115748118773748  0.60185602336720034  0.61227291839790532  0.62269724093272771
  0.63291202065435115  0.64323148445645650  0.65377480736265547  0.66419787698768062
  0.67466944294277020  0.68490071012877785  0.69566316776915127  0.70637588653768646
  0.71715985328948828  0.72784738227349810  0.73867171542178522  0.74944278436769995
  0.76019528724273344  0.77089529686193226  0.78167783679651659  0.79234273487712603
  0.80284396920283618  0.81362490169096957  0.82398111984906808  0.83412186686495893
  0.84393773514004367  0.85386249342849985  0.86407201498955855  0.87441768245801765
  0.88502191894607807  0.89568549280749743  0.90623770071541410  0.91676583541819312
  0.92700388889449215  0.93720694228309198  0.94737647519185175  0.95751833558209276
  0.96794820013894234  0.97835484185255428  0.98921371045772688  1.00000000000000000
 -0.00241122065152553  0.01015667180554629  0.02111923378441867  0.03228778487745004
  0.04346165046831594  0.05475564739388604  0.06577923051244237  0.07647056818977663
  0.08714990285220360  0.09776932543743984  0.10822750091610027  0.11844622563954826
  0.12880735533668994  0.13926556946162202  0.14978418043482986  0.16033159270079195
  0.17093221269842754  0.18154317263118347  0.19240701364855392  0.20330475616162633
  0.21441343666419851  0.22524235954942873  0.23603103278390544  0.24678726500398787
  0.25742684655972092  0.26802666275316561  0.27853489581805674  0.28906896679981120
  0.29963038525965152  0.31020962231924959  0.32076722681836306  0.33121492424525623
  0.34168086559561928  0.35207234167184104  0.36227889216973724  0.37246836052202681
  0.38266921959314804  0.39302424158600957  0.40345638477434798  0.41395085026047335
  0.42473753505413603  0.43547848853165633  0.44611230192998169  0.45681867854612557
  0.46725979455911926  0.47773689243456735  0.48779229989845685  0.49792079934627009
  0.50796858232321296  0.51812875663537972  0.52836321035690048  0.53871278309492932
  0.54925236454321291  0.56001273277300556  0.57041515825140565  0.58121948520204070
  0.59179440118689930  0.60237695635994215  0.61236529934853356  0.62240950167681375
  0.63287603434611917  0.64357778559556300  0.65432366358386918  0.66522625601352103
  0.67629716224171177  0.68743847141809122  0.69873210214021808  0.70957717258755126
  0.72063775325830270  0.73179168602187117  0.74310077427738463  0.75398882034743786
  0.76473920253422345  0.77535502328518113  0.78585245485086774  0.79637989363818562
  0.80677492298433351  0.81724151957651525  0.82747780481295319  0.83794039282198018
  0.84833032322040181  0.85865606213749113  0.86898314455270964  0.87922762355119399
  0.88967107897641584  0.90008853868721561  0.91039639620401258  0.92033156361309221
  0.93013494673160879  0.94004693859355637  0.95004038427283466  0.96000840185100877
  0.96980985250422791  0.97981045825074575  0.98982082158574269  1.00000000000000000
 -0.00254255444420641  0.00946775405098177  0.01986867961757338  0.03047514272788210
  0.04110420522209677  0.05141597441824489  0.06176299536748334  0.07217161007957687
  0.08267916735905703  0.09322655157987858  0.10392561741315846  0.11473322825740910
  0.12537228405979836  0.13591252222013381  0.14658784915082443  0.15749410869820007
  0.16857936069399174  0.17964137471283118  0.19054600561330279  0.20098143855600856
  0.21118292947163528  0.22152205997844096  0.23192452165676833  0.24246488290325330
  0.25297258597131883  0.26364327363777323  0.27416292451318403  0.28456130217139552
  0.29518965348113202  0.30581867378779037  0.31640503671299014  0.32689086734876471
  0.33756636174926324  0.34851443897506762  0.35942334961950345  0.37039350431089080
  0.38142368126517046  0.39246862057291682  0.40330584018514420  0.41399926459224723
  0.42471974344726549  0.43536240659910336  0.44595708293679470  0.45670983413187682
  0.46761903745044764  0.47834965908097055  0.48870518749091796  0.49885330858715232
  0.50903553442831839  0.51921608840374645  0.52966824493829590  0.54003193858157417
  0.55068323986609791  0.56138920606166909  0.57239617598936898  0.58336117317540126
  0.59401661058792110  0.60456507151993777  0.61510344999517941  0.62585157828047278
  0.63625663170507341  0.64673227124783506  0.65724162323664592  0.66801866981783986
  0.67870606860727567  0.68932677916651663  0.69997177544046352  0.71043758518108546
  0.72061190971442857  0.73075190028534587  0.74101463753713159  0.75133440954214070
  0.76163273411081112  0.77169915784338150  0.78186463701684628  0.79208583248303921
  0.80221892155903385  0.81240685179511141  0.82247039418475909  0.83258577800984312
  0.84285456554566562  0.85317424829287936  0.86377104211026279  0.87442283562940060
  0.88499639424015475  0.89534024499990095  0.90569776146677938  0.91616792074858511
  0.92648641211281546  0.93678553003079224  0.94711989605761471  0.95756970785129458
  0.96821439240235652  0.97875412572459231  0.98941534655984154  1.00000000000000000
 -0.00288158673972031  0.01057978960447258  0.02203398405718259  0.03326277407950378
  0.04434456583184052  0.05491504141863755  0.06545023815518816  0.07588323013330449
  0.08657065495003866  0.09712771252115164  0.10795015228448664  0.11888512708262844
  0.12983998721483303  0.14069200488896705  0.15145204143251090  0.16229230519122581
  0.17289731508911177  0.18341273399503624  0.19416789274350166  0.20483400783571329
  0.21534424237086394  0.22562425618920359  0.23623012813155522  0.24691320708723408
  0.25736205358054848  0.26765129996886217  0.27805384882108014  0.28861845494293209
  0.29910879845666655  0.30947241452302743  0.31985432679852599  0.33034969859948393
  0.34096371774824957  0.35168784773894562  0.36236694635225014  0.37305877847645103
  0.38352782974489591  0.39385066594568374  0.40416887946859770  0.41444347560944916
  0.42472752381436840  0.43510248314082461  0.44597569222846395  0.45718328885403692
  0.46846919990043917  0.47957636526794012  0.49045993098892648  0.50094945927227308
  0.51114297356286520  0.52134769521128665  0.53172993488743192  0.54233059835340258
  0.55310838246813820  0.56369606224448876  0.57399774902089296  0.58416547667273055
  0.59431213516926529  0.60449241683330723  0.61478184381627232  0.62518019850854412
  0.63566852007526087  0.64604826877375343  0.65640313086848512  0.66662709410620247
  0.67654517026018668  0.68628112096379090  0.69598865471018678  0.70588900603350202
  0.71593657850199599  0.72597355955497755  0.73619515197321772  0.74623695765781917
  0.75671253023174945  0.76712829060705290  0.77760393056330590  0.78806746855397403
  0.79863704772466004  0.80925011565900640  0.81984027085330879  0.83016537396220724
  0.84106181587196105  0.85179190289925732  0.86276099500372572  0.87345228655049301
  0.88430152006686324  0.89507363293862674  0.90569820408702706  0.91639314743739508
  0.92693611910133322  0.93755287433421874  0.94822226011647615  0.95898233867155214
  0.96927091869186655  0.97950341690216136  0.98967555208867619  1.00000000000000000
 -0.00225356497832070  0.00968064714102840  0.01968404991740835  0.03054312636963956
  0.04113526310892623  0.05136370802448720  0.06154394111070041  0.07206761523031117
  0.08296289628154105  0.09389141194375275  0.10450245396626202  0.11577149259654743
  0.12679600215728251  0.13787156420455227  0.14887425758663114  0.15986447952848204
  0.17114067039025807  0.18184869237427334  0.19246630834718156  0.20288049525009982
  0.21329665094418937  0.22377667751358254  0.23393675185484739  0.24410181638682590
  0.25442143581917537  0.26499192662262760  0.27553085675267264  0.28581262063483831
  0.29614376174883711  0.30642396948225575  0.31693799599155703  0.32728294795352764
  0.33747537110736170  0.34763273377594822  0.35782243703950289  0.36852708545263302
  0.37903071853250048  0.38956257320033910  0.40012208074054234  0.41067682207872674
  0.42128034107247014  0.43138376890659630  0.44159357221690870  0.45174422048385032
  0.46181558247630666  0.47192306389885214  0.48211235970311878  0.49274972788251936
  0.50330670816961409  0.51386124668237221  0.52455227955561556  0.53526979877852865
  0.54608925586769863  0.55684492047582890  0.56766958108538357  0.57853190374851915
  0.58949871548005117  0.60049986595925520  0.61132885231632383  0.62218036055797388
  0.63295605634857832  0.64397399391760879  0.65449318306262760  0.66488640754065731
  0.67500917747042599  0.68520857791485934  0.69557138906746263  0.70582975375104440
  0.71638260974898771  0.72705996346650670  0.73781441810956727  0.74832994743193637
  0.75891101454754495  0.76950019658412616  0.78000178869937387  0.79064917083108022
  0.80133475983759883  0.81207527844191785  0.82229091914424224  0.83248890548566856
  0.84296856091957828  0.85345869126243712  0.86395394854239527  0.87423781166381320
  0.88472035948306638  0.89548183524162739  0.90609636311107999  0.91682739007579794
  0.92702134000291481  0.93713399308383349  0.94740810169487433  0.95774497770392975
  0.96832349844907040  0.97867011987889141  0.98927219970159264  1.00000000000000000
 -0.00229646777646951  0.00952367873535098  0.01952102902752560  0.02973834463942044
  0.03977139414219630  0.04968025972497580  0.05956736582098195  0.07000295374788135
  0.08047280449773064  0.09082187034093521  0.10124763289801166  0.11154126934069121
  0.12178533654305071  0.13194066585568520  0.14206924298101001  0.15228503629775489
  0.16234216319272207  0.17253985424132212  0.18284414367050952  0.19309103249992168
  0.20344470607628742  0.21377022747165997  0.22424245138131110  0.23476946079970312
  0.24535070863982508  0.25623645947964169  0.26727481657836266  0.27864100744297254
  0.29013610596401518  0.30119668813367795  0.31211079468964170  0.32275930856991114
  0.33331445208562738  0.34376557104470706  0.35419942819299144  0.36452315881529640
  0.37494445758674294  0.38523770408204944  0.39571734197031722  0.40603582257855975
  0.41639478133857843  0.42660142328935152  0.43692347669433196  0.44735874104266776
  0.45808301300626386  0.46909950157824448  0.48012084265591332  0.49117912848370032
  0.50190584559956086  0.51253163518273304  0.52307904458159127  0.53351378355197376
  0.54382219582789992  0.55394074413204253  0.56414450345006417  0.57456916592266061
  0.58521315016753617  0.59614329781132680  0.60725879167503916  0.61843448122179034
  0.62959398008058753  0.64072066332343591  0.65161423588017009  0.66245441246350312
  0.67321455162816779  0.68409473600304849  0.69478792671517164  0.70540188876668608
  0.71581435356751377  0.72646954960633237  0.73675677619762070  0.74701363770096529
  0.75705194938969067  0.76713924393188471  0.77730041460971644  0.78773805528631780
  0.79808000775058541  0.80862393756815054  0.81894233911240655  0.82959955649950656
  0.84013817935665047  0.85087562827572860  0.86165608614783262  0.87241299944164674
  0.88305488983288083  0.89370049591512690  0.90423115523379782  0.91498745175858309
  0.92567199613942841  0.93644830107541599  0.94717341863671001  0.95777443801712303
  0.96842375209147502  0.97895307811354426  0.98955375511355692  1.00000000000000000
  0.00967232066746624  0.01543402994028929  0.02452150946112945  0.03475967851838757
  0.04503623514963953  0.05553102945748989  0.06608071548361713  0.07677141042882578
  0.08741799624764279  0.09794925990920067  0.10838697357247420  0.11871230250331419
  0.12904466685302218  0.13940792759579712  0.14992019701360249  0.16053611736026596
  0.17113623877660564  0.18170175706038075  0.19233810982524219  0.20315225320989139
  0.21395657074507501  0.22485674575524359  0.23577921233681176  0.24659472079008221
  0.25736664320333963  0.26793675713776854  0.27861223376502692  0.28911031902937795
  0.29976294807655296  0.31062338912857507  0.32132071121365768  0.33207413538433517
  0.34263111514236172  0.35307438047295187  0.36331579141680326  0.37349628622908759
  0.38364072101372004  0.39384013536300916  0.40396101735797330  0.41421777958056971
  0.42428829034939264  0.43429197744326209  0.44433141105088575  0.45468467156620218
  0.46535218634095593  0.47620151421537948  0.48683572568963313  0.49730415091665853
  0.50778730916092696  0.51830143405245421  0.52891253158317109  0.53947795576982727
  0.54991576287376842  0.56040774931059745  0.57092825061236330  0.58153910243842433
  0.59217322264525041  0.60281152899339130  0.61358182301973063  0.62446671840150070
  0.63521129845931401  0.64586591888038924  0.65609671884130771  0.66645108908176176
  0.67653150484455871  0.68674547122912954  0.69696145186651670  0.70733241387584767
  0.71780812269382777  0.72837423009395119  0.73912549653976356  0.74996501441795049
  0.76081512816940511  0.77185979292717433  0.78244515403559067  0.79306366145357421
  0.80330063836059529  0.81380197309272739  0.82413576635900609  0.83443784744618488
  0.84509937221024567  0.85553682116718210  0.86602150149100543  0.87624616873324679
  0.88675034105324535  0.89718500563379278  0.90758944086963744  0.91806923236296356
  0.92877123836863718  0.93944422718129172  0.95012578324778485  0.96079556602620186
  0.97104427368941659  0.98137170351861980  0.99140215919642605  1.00000000000000000
 -0.01932243491733654  0.12134941580795611  0.15937253872481241  0.18263931082669033
  0.20068512135877362  0.21574894199029235  0.22900170345838305  0.24081862764443432
  0.25168131304016378  0.26155641104602834  0.27109128933487592  0.27986445972397833
  0.28840693537264789  0.29646635480000594  0.30417545196116813  0.31173045195001808
  0.31896615821839508  0.32609768413067336  0.33303892255749445  0.33973818459520450
  0.34630580720960535  0.35277477655591039  0.35911834680370291  0.36535649258557379
  0.37150661297978316  0.37751103138330017  0.38341299301268372  0.38926198862974448
  0.39502354153381575  0.40067607906999486  0.40627166021967004  0.41189273988367514
  0.41749943949568508  0.42305004469178070  0.42849978317745147  0.43392345309214903
  0.43928855875838546  0.44460429697479686  0.44990752474648321  0.45521338920928422
  0.46054951731461546  0.46587600354381625  0.47115586245410712  0.47641603665033677
  0.48164760422829905  0.48685019173938582  0.49204198727424631  0.49722893268835605
  0.50239554540943543  0.50758259627728708  0.51278451349420540  0.51799355113799062
  0.52320174764684324  0.52841439020209258  0.53364706159727593  0.53891943690602750
  0.54424713618906240  0.54961413424694505  0.55496314764300214  0.56030210137406022
  0.56563877469493895  0.57103234495409505  0.57645505259488417  0.58193239374871808
  0.58752124860298149  0.59315873370372929  0.59882944209425137  0.60454204593251226
  0.61033447285677966  0.61619612224045406  0.62209781081939253  0.62811239531106999
  0.63428808542549486  0.64055634009301243  0.64692519759340794  0.65344847549495633
  0.66008390683821627  0.66686446075988592  0.67385814946905465  0.68093261354324275
  0.68814106082124604  0.69561524497860805  0.70339508032587239  0.71152737523779186
  0.72016022596077722  0.72893991051919027  0.73849905737574817  0.74843650008798823
  0.75934529879906365  0.77108180966775908  0.78420981002085743  0.79920054127966422
  0.81703382517468925  0.83993198391323709  0.87790218169969514  1.00000000000000000
   4.3736554373252822E-039  -1.0000000000000000     
 F F F F F F F F F F F F F F F F F F F F F F F F F F F F F F F F F F F F F F F F F F F F F F F F F F F F F F F F F F F F F F F F F F F F F F F F F F F F F F F F F F F F F F F F F F F F F F F F F F F F F F F F F F F F F F F F F F F F F F F F F F F F F F F F
  <DiscreteSampler_grid>
  grouped_processes
  1 # 1 for a reference and 2 for a running grid.
  10 # Attribute 'min_bin_probing_points' of the grid.
  1 # Attribute 'grid_mode' of the grid. 1=='default',2=='initialization'
  0.0000000000000000 # Attribute 'small_contrib_threshold' of the grid.
  0.5000000000000000 # Attribute 'damping_power' of the grid.
 # binID   n_entries weight   weight_sqr   abs_weight
    10   10   9.055518154426728E-026   3.446777963465908E-050   9.055518154426728E-026
  </DiscreteSampler_grid>
