  0.00485457008273290  0.01570935292405245  0.02790044016770890  0.03967774780884888
  0.05096528799836142  0.06218819425411444  0.07340168704941780  0.08473483727193139
  0.09627166806024497  0.10748287846378826  0.11816942074087625  0.12864387829761259
  0.13919490653654237  0.14994168224739718  0.16037160941545084  0.17081110728779691
  0.18103612506937408  0.19126935378327919  0.20153159389085121  0.21204949439854043
  0.22252188452682445  0.23287475859244844  0.24320052195257880  0.25364937947531185
  0.26422222027649678  0.27477371551353880  0.28524056579438040  0.29573038849298999
  0.30606825565892004  0.31634073201002960  0.32641712844812226  0.33666262271394692
  0.34691787354452802  0.35691843451023830  0.36688712903665888  0.37686273605592280
  0.38716724243635642  0.39746794434247790  0.40793737767149130  0.41858070219735105
  0.42949183208790870  0.44034081523206253  0.45111849433485518  0.46186643234622460
  0.47262461912567666  0.48337262099042333  0.49421054489109273  0.50524117448202499
  0.51615549396500116  0.52670810430455217  0.53691505697214703  0.54706069133393131
  0.55743613239121081  0.56794443691895091  0.57842247596975727  0.58884631153437528
  0.59934251823385276  0.61000221089761997  0.62074961865287526  0.63152137412404219
  0.64233564752901151  0.65322011221308340  0.66397653970880355  0.67432557788279168
  0.68441130504693126  0.69454588991886257  0.70471397253555468  0.71472941151298830
  0.72457376605280843  0.73443903864940163  0.74438599724960852  0.75441477196134499
  0.76445675751557973  0.77452432903072443  0.78470468993567799  0.79486106043693316
  0.80487125317095276  0.81481950180292262  0.82487875772155472  0.83511471600293585
  0.84537405074093241  0.85557888806372062  0.86582763110423311  0.87605631190601219
  0.88619844749485222  0.89628523811972449  0.90648017662651448  0.91665875083852300
  0.92663862307691536  0.93649333820654690  0.94642354923255423  0.95628310151619444
  0.96572268725534283  0.97450992356511668  0.98329097427548873  1.00000000000000000
  0.00486428156311616  0.01564849585573852  0.02763701302309995  0.03918314800966572
  0.05029418637737475  0.06119457331806516  0.07192647967547051  0.08259936673976676
  0.09326904610087093  0.10391527515071843  0.11443438576458892  0.12485604214342971
  0.13517635967885575  0.14555317518471630  0.15601369079877736  0.16665169554565362
  0.17722663761621069  0.18792366290550955  0.19867476219394872  0.20944931552587681
  0.22013579866032831  0.23066836848790309  0.24126295721246779  0.25181583207857811
  0.26230004825297809  0.27261222261435103  0.28286273634739423  0.29321999384853281
  0.30350418905079007  0.31379249642195456  0.32398741700367506  0.33431050257620110
  0.34486059182178447  0.35554826609232876  0.36657636976141922  0.37768056293211966
  0.38862937755488070  0.39960579830538712  0.41024716069710454  0.42079783222020550
  0.43122153371575567  0.44183365876374420  0.45228935854626573  0.46242491277224984
  0.47251039558186164  0.48278318734829234  0.49335719426119651  0.50400536972931098
  0.51451915192819364  0.52489742391389560  0.53539731996387352  0.54632184558909014
  0.55728313106553973  0.56801282250266194  0.57850383982122278  0.58890268980536054
  0.59922287683372510  0.60942886464000745  0.61959172947090957  0.62970674274178096
  0.63994907876728147  0.65029608562397856  0.66069115347968677  0.67087170467212798
  0.68088156239996123  0.69091715274288312  0.70108068388817946  0.71132387012063969
  0.72169099232933120  0.73197872619041826  0.74220780933018327  0.75243939194258402
  0.76274647604296875  0.77298849399735037  0.78315267908356745  0.79321811303955658
  0.80321048666428219  0.81320635649982853  0.82321782070376526  0.83322310268332789
  0.84320268921196873  0.85326148488913234  0.86370734913815073  0.87434802128687317
  0.88468498401461482  0.89469666745600396  0.90464431324994621  0.91463178096665632
  0.92469720771831654  0.93476753715668015  0.94480972902707472  0.95493810520374856
  0.96481326536666345  0.97414849348326127  0.98317106960422607  1.00000000000000000
 -0.00251466685830261  0.01023417260201271  0.02110974090516874  0.03196498468938237
  0.04269945652625811  0.05284477373223315  0.06322013957289013  0.07372679182130208
  0.08404668663643472  0.09450467877088592  0.10469088122293625  0.11570835455831159
  0.12654754341617616  0.13730439632354371  0.14788555930256317  0.15827564829220328
  0.16877260157387688  0.17923081572143046  0.18977846308557308  0.20032387274395483
  0.21079998431950395  0.22146955056457701  0.23197909506434736  0.24245084659176458
  0.25262608046106599  0.26284644588708805  0.27309012346580885  0.28349885946511799
  0.29402890476209059  0.30463565350104471  0.31518089717790782  0.32586414435896949
  0.33656684987687890  0.34741340218350125  0.35813915325962120  0.36888346874542044
  0.37952065186470263  0.39015485808516992  0.40098637809415089  0.41200765708362319
  0.42287240461829567  0.43361605679563137  0.44431125229190638  0.45501386774684238
  0.46575145030765458  0.47635921977422696  0.48690772990323283  0.49740582935166794
  0.50805000706772108  0.51865283136901019  0.52910650425757566  0.53945838374465449
  0.54995774207023151  0.56044022292789752  0.57085882615323946  0.58123054779066108
  0.59145022633592526  0.60144384183196098  0.61148146728963237  0.62134658948593491
  0.63145540114279319  0.64184305737292247  0.65247542834499772  0.66311827560241687
  0.67331404228838665  0.68354950026693373  0.69347313939356880  0.70339779615810627
  0.71340189890976557  0.72329053863121917  0.73350669423100390  0.74362514114870915
  0.75409141749739195  0.76450699086546448  0.77488155928620284  0.78545503193556931
  0.79612794162051348  0.80695062590563760  0.81772312516632473  0.82870501719329659
  0.83977975859385212  0.85079289466016095  0.86156402303549184  0.87224809817706717
  0.88279492994885111  0.89332244449886178  0.90375088589413377  0.91418020441173098
  0.92490754171177891  0.93556548582801224  0.94633661085378751  0.95683483213842779
  0.96754665743023938  0.97835717101159714  0.98912849998278418  1.00000000000000000
 -0.00226234883274620  0.00899529093812515  0.01897723899534770  0.02909475868527107
  0.03943661542535676  0.04979737063726463  0.06032741166436505  0.07102790149864097
  0.08181644770023463  0.09272854168562460  0.10353938046518758  0.11424450379980133
  0.12476768733183012  0.13521102027435433  0.14584200781108522  0.15680135720786526
  0.16780341010783603  0.17847341685392024  0.18877143297370502  0.19898065226543707
  0.20931705191639050  0.21989433011922035  0.23076216457844495  0.24174499121841139
  0.25261911781917717  0.26331723999789225  0.27405777282367844  0.28494741120253214
  0.29579063497305880  0.30655397668861739  0.31735341454090643  0.32841440471665034
  0.33960440888024807  0.35062083310282355  0.36131106892921944  0.37174538972472410
  0.38217368554023518  0.39262347810109099  0.40307035543085817  0.41345259569788684
  0.42385421667093592  0.43432925004023482  0.44491135019903461  0.45547008717760668
  0.46595158478427745  0.47637155861516262  0.48671973113178429  0.49712390002635326
  0.50760189878315143  0.51815697578490116  0.52862262552199424  0.53891450023265286
  0.54924374518982488  0.55968383671082722  0.57037828368467824  0.58109919926600773
  0.59183018462558667  0.60245943416077685  0.61303621516186624  0.62360813140242255
  0.63419218255097065  0.64485887876234094  0.65560156296577421  0.66619284901316844
  0.67650547812181172  0.68684444858782445  0.69743172152847843  0.70815279762980088
  0.71867706779105200  0.72901517120865755  0.73946107485113777  0.75003497255698881
  0.76078259519099400  0.77133611419902626  0.78161179734355168  0.79188739281343068
  0.80229323750965043  0.81274916277068621  0.82315780339763012  0.83354885431253478
  0.84405821342936016  0.85476301690755396  0.86536844225792531  0.87585917576707994
  0.88613919954059150  0.89651111763052282  0.90680641540877127  0.91702375849929751
  0.92729211123708810  0.93759415371025268  0.94796223309255856  0.95806270580968889
  0.96863382170972978  0.97913438960155230  0.98958379193100343  1.00000000000000000
 -0.00228852444294825  0.00931479407904147  0.01953118916393970  0.03017984736642304
  0.04097423007416882  0.05150003253608099  0.06195859269620524  0.07255062853191743
  0.08329276979475027  0.09404467779360574  0.10484744760298820  0.11554833173600201
  0.12640593945000661  0.13742049143968518  0.14865702570434663  0.15974176408397500
  0.17064909339507153  0.18131741586697539  0.19200800716858563  0.20266257247973274
  0.21359931917810798  0.22469274307702489  0.23561697753214667  0.24650919434580124
  0.25690771828401293  0.26732870532410274  0.27762693964395974  0.28800547953147970
  0.29851638275762110  0.30912156367060972  0.31977597136439329  0.33035006160956204
  0.34058508211079519  0.35093330101431669  0.36148006977240460  0.37206247253865127
  0.38253303905876740  0.39286591992989106  0.40360854048350470  0.41443173372745129
  0.42505156654904630  0.43564235074796476  0.44612044603979445  0.45660690570156115
  0.46696630231351788  0.47726064474832319  0.48761713157048786  0.49821225334294866
  0.50885044387884271  0.51945967236437374  0.52980251560448577  0.53997558301640702
  0.55004369577074652  0.56033387237190013  0.57103664976406432  0.58194040396719371
  0.59290862735223426  0.60387722506977970  0.61491783478835860  0.62560684455191262
  0.63599421906570575  0.64616112081319133  0.65638172353561308  0.66667813726107306
  0.67695481586816764  0.68721827074630892  0.69762688733591793  0.70823158439222078
  0.71887951344210321  0.72946720136156296  0.73996228046004298  0.75038604334278103
  0.76078568495508292  0.77125705634997954  0.78195862279004769  0.79252190773462294
  0.80300945819079705  0.81326455996933567  0.82338875682792090  0.83353629656731687
  0.84363917205589189  0.85376760847458066  0.86384469388243434  0.87423822244171723
  0.88482316887830903  0.89566008879703929  0.90625748641493931  0.91692293836367722
  0.92718294768704979  0.93744230504404524  0.94777697866182009  0.95812834404783542
  0.96835848610210440  0.97867729092065692  0.98927596221841141  1.00000000000000000
 -0.00226617589933727  0.00950434784371528  0.01967436816958018  0.03039106151533498
  0.04131001535262653  0.05228437831405349  0.06317589089942996  0.07364703234598459
  0.08397880856142947  0.09434295938794110  0.10481425480227971  0.11542326480220497
  0.12582454045436378  0.13662470093244250  0.14720369691039589  0.15776170312826712
  0.16807831414830257  0.17885527257138478  0.18945688362675242  0.19979629831350751
  0.21048785546463508  0.22121025277966777  0.23147449045531504  0.24193730624263216
  0.25216106223004148  0.26312090390818027  0.27389066889630392  0.28515132997201542
  0.29613146795743539  0.30684246085083600  0.31749220195794897  0.32772373872905514
  0.33790580889306993  0.34790034121068253  0.35818931039750040  0.36840134526696189
  0.37872830733261087  0.38921092015637876  0.39989826575715653  0.41064514001098407
  0.42128033296008877  0.43175744769322266  0.44252909213643898  0.45324054729203289
  0.46409805954685002  0.47457727073406153  0.48524168148858010  0.49590253823294506
  0.50645925314392803  0.51698145762337278  0.52734215903911019  0.53767102159984359
  0.54794416090968734  0.55824934527653880  0.56855323304424832  0.57891321128409934
  0.58941342132874874  0.60013985870489484  0.61076541063454448  0.62121563690997939
  0.63166863511465554  0.64205654019482938  0.65248318508397152  0.66274216012013965
  0.67321664419978877  0.68354429577896414  0.69409737303220065  0.70441897717830015
  0.71478189295023742  0.72505914776920033  0.73550111499012827  0.74613861716510543
  0.75686630124359000  0.76772508275429574  0.77857589636069713  0.78922059029619285
  0.79953974227073188  0.80985663281071385  0.82030896632705652  0.83075527788774595
  0.84136586434923455  0.85183737414283034  0.86264235119828037  0.87343771637511258
  0.88394884712866972  0.89454243951294043  0.90454274309723981  0.91471700980022475
  0.92494078193259399  0.93500867000624999  0.94537054669463438  0.95548372819903971
  0.96643860701182183  0.97752273789278954  0.98891605973528707  1.00000000000000000
 -0.00245910252026374  0.00956640853327824  0.01980060781534624  0.02992896633077515
  0.04009128911255202  0.05022768102911066  0.06057346537546544  0.07083620075775161
  0.08111984024948773  0.09167423169594323  0.10226176547716405  0.11276972186653098
  0.12316345821969817  0.13341356271827021  0.14349193037155364  0.15354500939894322
  0.16358021068866349  0.17391746941770320  0.18432265963244204  0.19494721717442023
  0.20555015003365881  0.21612195889086630  0.22657810585386043  0.23704034647607597
  0.24763164893848624  0.25796648231036284  0.26836234474099807  0.27852823489945844
  0.28902282768783094  0.29940545043593880  0.30972956248464401  0.31994982886113721
  0.33040087665184892  0.34140463429311818  0.35263498868452020  0.36374085583013505
  0.37479303696169697  0.38582815199994985  0.39703254564174367  0.40772676708991451
  0.41852989624595854  0.42912687855554354  0.43980868494580538  0.45039721470120109
  0.46111625152143371  0.47161862770688950  0.48200208415368406  0.49236677378028693
  0.50288639084798337  0.51370463336452266  0.52450871270855293  0.53520353117904285
  0.54586539635811404  0.55627133142565000  0.56669204995279832  0.57716454344561596
  0.58772822771383859  0.59857543619464826  0.60922821558754470  0.61969570612888980
  0.63015279323923779  0.64072014186466464  0.65160754925430353  0.66249225303720904
  0.67323449659151002  0.68355869392210489  0.69368708994816741  0.70388288279764510
  0.71431469854776064  0.72469821576390148  0.73507868363680939  0.74559355393738158
  0.75605358250624255  0.76657437017600227  0.77715327905612031  0.78795468549973535
  0.79838829154102320  0.80861557923640126  0.81896357502569617  0.82962028878498362
  0.84039997293284874  0.85103391118006400  0.86189364876571506  0.87248891286542829
  0.88306650564717815  0.89337620372550985  0.90388498156480479  0.91446992373599001
  0.92496106244173371  0.93554346301305014  0.94617619572641443  0.95699509777514746
  0.96761395463667654  0.97825052565233017  0.98912487770671642  1.00000000000000000
 -0.00224107106977547  0.01073539085459479  0.02140443782502929  0.03205147374314954
  0.04264333564853284  0.05297528003904596  0.06327193049906171  0.07337110781037939
  0.08365545861976079  0.09396939768310157  0.10455875677581160  0.11505490327632904
  0.12562624103435663  0.13573783822047594  0.14584386469576069  0.15603254588643631
  0.16642997913546020  0.17681864864910296  0.18717353141153892  0.19756152967588925
  0.20818317516567203  0.21893757684669909  0.22978585671590657  0.24051004973301446
  0.25118643896771609  0.26189517873977958  0.27279460590348065  0.28352975432156974
  0.29452268775028134  0.30532689275310576  0.31597678065094992  0.32607397846395486
  0.33633934202154875  0.34676630899950178  0.35727537461615977  0.36807677373943815
  0.37887315125881849  0.38971535095169607  0.40045588291054690  0.41132752188507887
  0.42216194385926087  0.43290619540809033  0.44375620176129693  0.45472414017162177
  0.46559960890255558  0.47646279148889537  0.48724921532180565  0.49783822440765929
  0.50816016329722680  0.51844447752118183  0.52874484196362759  0.53904852971621242
  0.54955791842151802  0.56037066573478855  0.57132939266961802  0.58221523122609919
  0.59290428190036915  0.60354929412504521  0.61419126578653649  0.62486267951426899
  0.63551884391214142  0.64609137534507888  0.65669936732821199  0.66729156059260020
  0.67781758467914899  0.68832596479376673  0.69871916593143513  0.70896800530951709
  0.71897886488943430  0.72915936661905123  0.73957741977233549  0.75012725073380471
  0.76039260733302805  0.77063219937458216  0.78098814982950659  0.79149873187685171
  0.80185280475258836  0.81208166625668032  0.82245042552928627  0.83289719317924893
  0.84305829514466957  0.85324125655695515  0.86338232010269333  0.87378908306103731
  0.88384026275365468  0.89369775004069496  0.90403280015096810  0.91471322134633248
  0.92568893118823981  0.93639412947320988  0.94712225167674768  0.95783696577818411
  0.96857983374045908  0.97916544935589178  0.98963667354482254  1.00000000000000000
  0.00977170130095627  0.01634294987086998  0.02611093976090798  0.03752927080200304
  0.04835726935959195  0.05884867627502015  0.06937857501984619  0.07982728533905878
  0.09015874233757602  0.10035298386190718  0.11046177474207264  0.12049860565185219
  0.13056528673513407  0.14072132404983637  0.15099323730429154  0.16145503095425925
  0.17206549638412694  0.18268893924441545  0.19325087137659691  0.20398956646538732
  0.21507864142981745  0.22642750002361667  0.23748381434566190  0.24840248350247479
  0.25928757533678759  0.26998294730150402  0.28038607831216716  0.29073161697586986
  0.30129836458635556  0.31194468476758819  0.32242461818986795  0.33267648797501992
  0.34276520099934599  0.35277996138894363  0.36273334416129910  0.37259548251162311
  0.38256425532929034  0.39263348675935800  0.40304990639939070  0.41379263431917607
  0.42461087616314724  0.43563822499697125  0.44654988354499398  0.45734315302064849
  0.46788075288657621  0.47833800152151934  0.48866704991112431  0.49888830163265208
  0.50897495062913034  0.51900689965657698  0.52914061434136628  0.53934115952652040
  0.54980742428273333  0.56031253304437512  0.57072496640497650  0.58116186293879901
  0.59191091207153745  0.60307373086963034  0.61409157531624980  0.62476263591581915
  0.63519940515328088  0.64536511234857130  0.65536642260880307  0.66534486206015020
  0.67558325080507087  0.68607896859998241  0.69675190029049894  0.70750106440639338
  0.71809038904110456  0.72872767154201779  0.73939285563825285  0.75006182567516710
  0.76057874597225916  0.77096409305832903  0.78126319933875155  0.79154815162353676
  0.80202456766969110  0.81260390556061723  0.82300044312122200  0.83312054061400209
  0.84316081041708668  0.85322159330677183  0.86338936282713064  0.87364649799404204
  0.88407993430360821  0.89473238700934465  0.90558026653797474  0.91659930032357373
  0.92747002015388214  0.93833138967603602  0.94922010282610725  0.95996694325050425
  0.97031458676039672  0.98005236189955314  0.99115932804664275  1.00000000000000000
 -0.02057614954915345  0.12132601508868587  0.15933481751669229  0.18232811826394005
  0.20035432352396518  0.21539389830953917  0.22855842402693655  0.24037372947123617
  0.25127656694759909  0.26121071435471427  0.27075389847941050  0.27947905161734166
  0.28801577569071163  0.29610915520832820  0.30394655381952618  0.31159010215545530
  0.31888995855963348  0.32602701689484759  0.33298758571526960  0.33975606744450654
  0.34636724176189365  0.35286388264905699  0.35919062490147818  0.36538022211117377
  0.37150971756261214  0.37751629475807447  0.38342738355988382  0.38928855144526864
  0.39507265952936033  0.40075300610936110  0.40634542791277523  0.41191902394582836
  0.41749544905658181  0.42293867022396098  0.42837441498700984  0.43377377977275566
  0.43914420603494991  0.44454181241214336  0.44993535155604591  0.45527809262225355
  0.46055594559983198  0.46578784497075448  0.47101101718501093  0.47623345902271175
  0.48143307635527932  0.48664025431583136  0.49185309712002950  0.49710730269032366
  0.50232263281246969  0.50751276719925842  0.51268194725955429  0.51783857272464373
  0.52300725990487018  0.52821014109957187  0.53344303600232934  0.53870755201202525
  0.54400541583730766  0.54931238158448070  0.55461878969104905  0.55990883917409984
  0.56526800470349670  0.57064954809413948  0.57609704291752251  0.58150002213144492
  0.58700622352232135  0.59257598504237530  0.59821218050911706  0.60393110298059682
  0.60972557396411176  0.61557811729947109  0.62146340031347647  0.62744920354264699
  0.63363536621543715  0.63989686797770795  0.64624933900018378  0.65275771474118027
  0.65938270850514180  0.66615963403545797  0.67318415596537229  0.68035585649354879
  0.68766379477071804  0.69526207640706950  0.70305479894481804  0.71117028127100490
  0.71973084927327724  0.72843238389170495  0.73787300261699540  0.74765171492794913
  0.75853173572236554  0.77033708561742509  0.78354653165670252  0.79845917132005528
  0.81609739626918087  0.83883379033135341  0.87716237605823177  1.00000000000000000
   2.0451486624268404E-046  -1.0000000000000000     
 F F F F F F F F F F F F F F F F F F F F F F F F F F F F F F F F F F F F F F F F F F F F F F F F F F F F F F F F F F F F F F F F F F F F F F F F F F F F F F F F F F F F F F F F F F F F F F F F F F F F F F F F F F F F F F F F F F F F F F F F F F F F F F F F
  <DiscreteSampler_grid>
  grouped_processes
  1 # 1 for a reference and 2 for a running grid.
  10 # Attribute 'min_bin_probing_points' of the grid.
  1 # Attribute 'grid_mode' of the grid. 1=='default',2=='initialization'
  0.0000000000000000 # Attribute 'small_contrib_threshold' of the grid.
  0.5000000000000000 # Attribute 'damping_power' of the grid.
 # binID   n_entries weight   weight_sqr   abs_weight
    10   10   1.980478164971385E-033   9.337683339501140E-066   1.980478164971385E-033
  </DiscreteSampler_grid>
