  0.00506009373142308  0.01514316354225401  0.02621734583455748  0.03753132477751199
  0.04828603284727361  0.05883867517082977  0.06944303279551599  0.08012917997644939
  0.09084073363935179  0.10155859743874079  0.11221488855718273  0.12296610710598033
  0.13381575557970946  0.14490303939073329  0.15594551072354104  0.16691593048759010
  0.17778983362422254  0.18851629616198223  0.19881251999802865  0.20881904231326731
  0.21891359700036833  0.22896718239648406  0.23952408139899931  0.25015214660321400
  0.26097818600140438  0.27179699991761880  0.28268036436491367  0.29340194144569420
  0.30406115854466548  0.31465920363272815  0.32523886472299890  0.33579229633206137
  0.34630751139395466  0.35683240511669079  0.36725173676971512  0.37775282700356499
  0.38821039099107596  0.39889252070129205  0.40973389139001326  0.42058302653628454
  0.43129821284761360  0.44181494928376958  0.45227875843666521  0.46260118589842819
  0.47288373202922779  0.48314498102245046  0.49342464729712887  0.50367526859237710
  0.51376017217157044  0.52387603578389264  0.53404098489698215  0.54433165968229802
  0.55459906984247742  0.56478543994796115  0.57505607095685307  0.58541195529519585
  0.59602487228747203  0.60674635163909163  0.61742359593550000  0.62800784189319736
  0.63854703410561620  0.64915852945305064  0.65986771081058615  0.67052909666249816
  0.68111645249723407  0.69157156645256690  0.70200331933358284  0.71234097568507859
  0.72254304259212287  0.73277582919314010  0.74300670531868285  0.75327734869636753
  0.76351189954846632  0.77377029646481588  0.78429766108633392  0.79493944370110048
  0.80541589553861825  0.81566210839613251  0.82570279941545355  0.83576189389652045
  0.84574066276351878  0.85566356585166159  0.86559709041970301  0.87558682270550914
  0.88595582807755857  0.89634797919481024  0.90632051715308770  0.91609319917653731
  0.92594164239352228  0.93583095665538574  0.94567091659920244  0.95520683458698130
  0.96459564643813567  0.97371221300506050  0.98282889441872912  1.00000000000000000
  0.00463812171574100  0.01696699138406696  0.02855659751736750  0.04070198590528415
  0.05209508959395313  0.06320955414750173  0.07424789855896879  0.08501102272111431
  0.09554270797690366  0.10592442745679448  0.11634587938193892  0.12678543869617118
  0.13716192252084125  0.14746297730228997  0.15769973857605507  0.16810989641316398
  0.17872064933958479  0.18941060312000968  0.19989466427913480  0.21030935950184118
  0.22066851690261607  0.23106575611154204  0.24145132985634091  0.25195439365572442
  0.26259076744679083  0.27325023431751333  0.28409882030554529  0.29517330283988469
  0.30643442593582193  0.31768674377990169  0.32869488251058931  0.33958905400214889
  0.35039709705268768  0.36114321610669209  0.37195689502102675  0.38276895806441019
  0.39373373480293555  0.40460072200945962  0.41526953655538262  0.42576703883667144
  0.43620409720873549  0.44658375761701902  0.45683007923986230  0.46702834958688710
  0.47736289081983208  0.48786303321062546  0.49850878863240750  0.50915143240796024
  0.51984835820633002  0.53050649938428696  0.54134418680694685  0.55228075942193333
  0.56318010659822482  0.57378318230254544  0.58422026910774139  0.59472616033234460
  0.60516460566622421  0.61554309592206669  0.62593079656771644  0.63625438545681112
  0.64651332541155049  0.65656278686252423  0.66654883347490002  0.67640284060757705
  0.68628411100453202  0.69638814849929975  0.70685274198479853  0.71753722355497962
  0.72831389849083317  0.73894846315429263  0.74964104392661490  0.76020724523439021
  0.77084259051316606  0.78113404142741927  0.79145641606023298  0.80164165113293018
  0.81190376195767477  0.82226197434598824  0.83275606965106852  0.84314921002621046
  0.85331209818487563  0.86347971376213517  0.87374047756704187  0.88404540006659316
  0.89430461014490603  0.90456932299830484  0.91498242303304744  0.92537955446707632
  0.93564923637439801  0.94561084766145931  0.95577366963513000  0.96554050981489759
  0.97492753222315487  0.98380089101257129  0.99236040559845651  1.00000000000000000
 -0.00230951374682162  0.00968248999072392  0.01975545929427000  0.03029300224057744
  0.04079778022460652  0.05104045440101355  0.06134587575000072  0.07181375714488020
  0.08240914238465952  0.09285104164472029  0.10319917184404044  0.11338073207841914
  0.12371308516670385  0.13434726633423319  0.14485943955308475  0.15512689014884834
  0.16528562724958851  0.17581347194102406  0.18654963839697986  0.19711982017122254
  0.20766923415729693  0.21815984671440775  0.22862346803669786  0.23929723398582589
  0.24969960196566401  0.26046273620613192  0.27112664026365524  0.28201618105850013
  0.29289595595335305  0.30357297759463570  0.31403492717609305  0.32437149721937664
  0.33482786423854366  0.34553210094182840  0.35619947291265180  0.36679441065851820
  0.37734575484040134  0.38788436506811602  0.39828179482526799  0.40876185887484834
  0.41946876666952332  0.43037701174636539  0.44107979494994703  0.45149155707227007
  0.46173192148461395  0.47191819934974316  0.48208546569401567  0.49223418678956066
  0.50261978700849663  0.51303747991595294  0.52333979702352873  0.53351465592913316
  0.54370411296687893  0.55423381207776634  0.56469746360020145  0.57506695898673021
  0.58522378814457898  0.59554958507733335  0.60594315171709257  0.61650181682034255
  0.62704862851918053  0.63758075590151708  0.64814990173592679  0.65878936383393771
  0.66932021379622608  0.67981676642606204  0.69018930392748201  0.70081578122018739
  0.71141630860168459  0.72208373580254770  0.73278564238846988  0.74366890598799795
  0.75420877727982871  0.76455937407719488  0.77491617824141479  0.78564062052175487
  0.79622026634240639  0.80679915481957265  0.81741758961118860  0.82821985171372692
  0.83883543977144159  0.84932816164847680  0.85972817841981486  0.87024812817011898
  0.88083511143178261  0.89153653962847157  0.90216179496168192  0.91279191524637815
  0.92333956023177954  0.93392585640652015  0.94456720693009566  0.95511205716214176
  0.96593343911037666  0.97704274796608126  0.98851077062898129  1.00000000000000000
 -0.00246451142059458  0.00961036872015117  0.01982503231333506  0.03021445284819158
  0.04083237125605933  0.05105762402871396  0.06117169978641417  0.07138952707693180
  0.08154466583155916  0.09175915323482348  0.10204079691042875  0.11263738742101934
  0.12343570342051098  0.13413281073842609  0.14479372558476059  0.15535233194685633
  0.16593224965720166  0.17655992554828651  0.18723407722037586  0.19745698671306028
  0.20775434872978565  0.21812317087984140  0.22877108739594493  0.23936094715634873
  0.24989399071438972  0.26068290208246903  0.27149786204677451  0.28224699062258463
  0.29313992752525869  0.30377092956266188  0.31460878794195740  0.32518655579643757
  0.33562398845944946  0.34599370812094626  0.35623500317891355  0.36684698212558869
  0.37737971257054903  0.38819076970461536  0.39893251985526124  0.40968953134634134
  0.42021679637912396  0.43061699264555853  0.44108181953011560  0.45181825675157034
  0.46235559677077315  0.47286777942466263  0.48355279096330128  0.49471978821737528
  0.50580285472763353  0.51675597782639915  0.52757263022064627  0.53836415389145542
  0.54883245725239838  0.55942326625954353  0.56971879376896650  0.58010526190356271
  0.59018198154217960  0.60031384924231301  0.61052399519130485  0.62092948411414395
  0.63141225591491013  0.64178887124010786  0.65199662659533175  0.66214135782447947
  0.67243492075450706  0.68252173130504101  0.69262364857004810  0.70286624393229746
  0.71341165385148098  0.72412309763682725  0.73471491568460356  0.74540883572146244
  0.75603345818199363  0.76649541372513852  0.77705866430342918  0.78770132661800485
  0.79827868249944145  0.80875050983078089  0.81928480429083661  0.83023939702759619
  0.84086904518795913  0.85140239281173447  0.86214048530890719  0.87283684743671097
  0.88346868510138410  0.89390118298217791  0.90457238726600508  0.91509494997651986
  0.92561427375861749  0.93592155149134992  0.94638762727152714  0.95705166386841345
  0.96781672846382449  0.97870483486746462  0.98928345612556168  1.00000000000000000
 -0.00241861581381160  0.00929554073355383  0.01915403928692025  0.02979838198167368
  0.04046150938659058  0.05114246796316902  0.06155421594660468  0.07237373182730411
  0.08300885488669066  0.09338456219852863  0.10378926434708353  0.11416132034538480
  0.12463887662669811  0.13515584956492535  0.14584666361291831  0.15676248118108910
  0.16760582939993934  0.17841894713188386  0.18929988976333104  0.20022414701756408
  0.21098674069440820  0.22173455389807906  0.23244864105047827  0.24321386773964065
  0.25382707827926243  0.26454998032796850  0.27509848774362333  0.28553878350317541
  0.29612521129804936  0.30682612783810109  0.31743177791940957  0.32781433092873608
  0.33823783526829115  0.34876466516088689  0.35937851415874122  0.36973336021751485
  0.38027785608095332  0.39072468268545335  0.40149173274531036  0.41208989350256031
  0.42294628464076622  0.43384273778625626  0.44468352019192492  0.45542627241495931
  0.46605787426023509  0.47645444528741471  0.48672743580962291  0.49702260355921385
  0.50754072990760435  0.51817922708022490  0.52863630906103565  0.53903440669311831
  0.54943082722662251  0.55990221156209108  0.57014314479051931  0.58014643027591950
  0.59006202973807809  0.59991427383315821  0.60983308184407903  0.61970380415770443
  0.62998409986820925  0.64052930129810182  0.65130605298676703  0.66170185675290560
  0.67214636709103592  0.68266160741519377  0.69346332224679530  0.70399764161758493
  0.71459011629824076  0.72505567247345737  0.73548830766206197  0.74580558031555222
  0.75637269527283923  0.76744746739085312  0.77836961652616499  0.78939644381251295
  0.80008767089299870  0.81077363995759755  0.82116642938048923  0.83165244341266398
  0.84213907637112440  0.85274761591586268  0.86344959794106679  0.87411145380411470
  0.88448300291688198  0.89503414261507375  0.90596360282579591  0.91686117361001918
  0.92731789684571075  0.93781245056678098  0.94837557897280522  0.95914364910385574
  0.96941363125322055  0.97984107380083396  0.98992996359332741  1.00000000000000000
 -0.00256105928790564  0.00919511879982083  0.01923023860152740  0.02947877195340477
  0.03984230094731971  0.05034199426397371  0.06089412645219464  0.07142928888273399
  0.08175268017741064  0.09215777893382318  0.10231544066892852  0.11237832784376406
  0.12231532396431154  0.13222046081405231  0.14189364642471441  0.15190931131967705
  0.16198566204902970  0.17228967083149152  0.18233108944109491  0.19233495312756788
  0.20232464809474721  0.21240538638476236  0.22277615217992150  0.23321035814854749
  0.24389263459803159  0.25450544468423225  0.26539853687340270  0.27629932121935807
  0.28707723570858379  0.29781234860124844  0.30833238042859501  0.31878875816095653
  0.32906099006862077  0.33957995624557663  0.35040686597851550  0.36140620309853733
  0.37242307214285436  0.38327855544599232  0.39404109678220617  0.40486203148681904
  0.41582987489837425  0.42671725969232266  0.43740293024710991  0.44778924561276462
  0.45810755709111933  0.46836946943145347  0.47868089237191963  0.48896887823621887
  0.49933966922580447  0.50982773383727920  0.52034614926159217  0.53095035332639307
  0.54143489200241601  0.55186627404314559  0.56222261747591673  0.57273553234367214
  0.58356846970060505  0.59445047313926636  0.60531187402596831  0.61598716802207343
  0.62656400158173864  0.63711439385008284  0.64790590874235454  0.65879797231831849
  0.66963753924262404  0.68031311225513325  0.69100953469155502  0.70181065853171720
  0.71248500274805138  0.72325940270382494  0.73395479857717183  0.74454019530946192
  0.75500955212239096  0.76519965228174214  0.77539309410021251  0.78547224477636579
  0.79564281449498298  0.80607517848200883  0.81660713528815210  0.82727032056290684
  0.83778850379677483  0.84840526870897615  0.85914486088578190  0.86996769654484130
  0.88074475342541980  0.89155343235394524  0.90232142427265027  0.91318753881770809
  0.92396863518712169  0.93495101318064189  0.94587050341875589  0.95670420018875935
  0.96751760291592104  0.97838908922115342  0.98924330615723699  1.00000000000000000
 -0.00212772518585527  0.00987602290111453  0.02026152010108532  0.03069908728139858
  0.04101096693477062  0.05160436752734135  0.06237630444035914  0.07310186126018839
  0.08356759584177663  0.09408357472951107  0.10464547449951862  0.11513291738944584
  0.12562589188448867  0.13596279570944958  0.14615196580902856  0.15621227307393681
  0.16632355148626923  0.17667864593210986  0.18711618583286296  0.19739309881189840
  0.20765887117598658  0.21795304513610009  0.22837740412561230  0.23859380795080429
  0.24870599419987452  0.25887500193322038  0.26921107447824372  0.27966789531816322
  0.28993823934228224  0.30013125650568473  0.31020853737670817  0.32040217586092951
  0.33063079010762225  0.34097547228573899  0.35162517637386531  0.36258733901408829
  0.37394120144329296  0.38508683083530726  0.39601446258418316  0.40681563795335912
  0.41781908959645403  0.42883600897822560  0.43987073579614072  0.45053086301088452
  0.46118111009222740  0.47190417399607970  0.48258408020355970  0.49305849741854779
  0.50348775163593740  0.51413774567316950  0.52496671334512057  0.53579540639012857
  0.54687357418713578  0.55764842466006159  0.56843439951101282  0.57909645449241098
  0.58982796592259712  0.60049090100218705  0.61129797547761289  0.62217384327311043
  0.63306313150774318  0.64383522388114456  0.65453316491952163  0.66545237069061258
  0.67600837392350221  0.68676687526751889  0.69702662276179439  0.70735530273815272
  0.71749543082311984  0.72772217399463579  0.73809083648193385  0.74857255330191363
  0.75921527594624882  0.76982092296631599  0.78048956560697258  0.79104381853915118
  0.80177724171096021  0.81229559662460005  0.82301354675060134  0.83377432550642028
  0.84446758738001149  0.85489437492785791  0.86509720886607100  0.87518519343167622
  0.88533269920346391  0.89523558696843031  0.90549093021797289  0.91580865484289498
  0.92623723026933280  0.93681352216444791  0.94727193651358932  0.95781948443528331
  0.96828088969967407  0.97891155594036106  0.98947912728438392  1.00000000000000000
 -0.00248384030835077  0.00990249072831270  0.02042210673007841  0.03090691063691510
  0.04132071974562466  0.05163882268510457  0.06189386852335583  0.07247720087611134
  0.08313570449265856  0.09389753680019595  0.10469083471025090  0.11522786205578361
  0.12567817721713917  0.13604973265311185  0.14661275442422078  0.15737087166352412
  0.16823224054993391  0.17914770010434242  0.19014650199584560  0.20112396330923163
  0.21201172114673411  0.22287591739184145  0.23361431206872832  0.24421531859029580
  0.25437427613742580  0.26424049748601364  0.27422468660289995  0.28431523277974491
  0.29479226817630366  0.30538611241707886  0.31607898146716440  0.32691915509782399
  0.33793168694883419  0.34902819123020057  0.35982601412778559  0.37032938976044871
  0.38102033067556573  0.39161784330758714  0.40193343671451176  0.41219520498918477
  0.42275746808734294  0.43346470167288004  0.44380663961173150  0.45398016530017288
  0.46415331896363804  0.47437889552820955  0.48455931923361828  0.49491961727032202
  0.50556991350319791  0.51628921703841935  0.52700246317054988  0.53780683504754967
  0.54883386813003210  0.56004807781300114  0.57093600666013922  0.58157798451591403
  0.59251984214184727  0.60335736431336218  0.61393939541404963  0.62423175592878777
  0.63480330112970529  0.64539890953349144  0.65589013052722356  0.66628927203383137
  0.67664034357858394  0.68737030504314300  0.69801090781890118  0.70864961422374195
  0.71921443371752902  0.72964082345103276  0.74045084815019235  0.75101947496114285
  0.76180989381458086  0.77242753736740288  0.78255070711994745  0.79256129690284793
  0.80251369618999202  0.81279208695996363  0.82308573313607325  0.83310323439305622
  0.84330020717126608  0.85367139566258599  0.86394555059660205  0.87426648022713493
  0.88447223100718664  0.89456307847731920  0.90496580697639672  0.91549112453595971
  0.92680109731201477  0.93766597746733071  0.94841207350497203  0.95893651711297778
  0.96917170764051730  0.97943590853256524  0.98970426901153774  1.00000000000000000
  0.00956567903613746  0.01591373734515993  0.02424412964069080  0.03437706786548439
  0.04434990571147727  0.05447632866785762  0.06463557555824452  0.07491412606281203
  0.08500364237454755  0.09523227877561800  0.10570558494292621  0.11684268604081693
  0.12792226590127984  0.13865996349320783  0.14921390015757810  0.15957188442075940
  0.17010244850691666  0.18044346789360086  0.19083497626692361  0.20109604742604403
  0.21127144700697398  0.22119822798651750  0.23117070799745923  0.24151724801219754
  0.25206280933656550  0.26272533132105330  0.27342847880125853  0.28443149180724520
  0.29529191309466812  0.30569546603971576  0.31595860419698435  0.32615243214534090
  0.33625794605056886  0.34621620840714523  0.35642765561143391  0.36684789773489179
  0.37726618675978196  0.38756680103312152  0.39792197253964540  0.40852267764636263
  0.41927726982329883  0.43022009460486704  0.44104326182449849  0.45170120606293734
  0.46227389073859382  0.47299294609328557  0.48385331673714704  0.49488621865678428
  0.50578449865227726  0.51628755385136338  0.52650010824354387  0.53678913044357790
  0.54690874311090354  0.55700198107369459  0.56727573213818783  0.57778246925627497
  0.58827129954245272  0.59867703260286909  0.60927877546668452  0.62000489257762559
  0.63076399148002371  0.64161996750977579  0.65238522019673573  0.66303548167866799
  0.67351936513900235  0.68381492019199330  0.69421821966709529  0.70449084960489794
  0.71508212096692547  0.72550673746509053  0.73635144649136386  0.74742309862658951
  0.75850579570992438  0.76975156388318189  0.78072901446131582  0.79161028327851879
  0.80180280210325661  0.81172121512285955  0.82200521702894047  0.83249017907933687
  0.84298354564794886  0.85318191219574901  0.86315712651531851  0.87320426213702529
  0.88307522953884121  0.89319863087127571  0.90344401914072570  0.91363612611402856
  0.92359192765711029  0.93360705169019043  0.94400820950059305  0.95477392749574397
  0.96573077025630172  0.97670869165047003  0.98824172748027150  1.00000000000000000
 -0.01995964059832753  0.12042615202398863  0.15931363930339865  0.18248150205282257
  0.20031499427367788  0.21526639646667123  0.22846443030549488  0.24027871927831237
  0.25116057746070852  0.26108729083704679  0.27061802333477891  0.27942346494567871
  0.28803642871522828  0.29615461921052744  0.30397511093773671  0.31159336027458490
  0.31884504151115256  0.32589023518767762  0.33276294381715049  0.33948538533768352
  0.34607416270432267  0.35257225845638146  0.35892131038750286  0.36516099734039786
  0.37133013517676661  0.37732279035741428  0.38318415866660083  0.38900235201804578
  0.39477508803090849  0.40047464004787919  0.40611494049651625  0.41171847770772113
  0.41727402056372997  0.42276711730718114  0.42825189018418663  0.43373339864256982
  0.43915869025300741  0.44453980788924313  0.44988123893556714  0.45519924339051027
  0.46045748234858169  0.46567698114045319  0.47088495282389509  0.47607163642988182
  0.48123250098401088  0.48640310012657634  0.49160011513042462  0.49677547100630542
  0.50197037243037612  0.50711918321207505  0.51230845305294492  0.51750144342510063
  0.52272962009376078  0.52799250702551270  0.53324671474934138  0.53846995708522649
  0.54370197166974676  0.54898422207493880  0.55431100516880150  0.55966795330854047
  0.56506597984172202  0.57053879425498366  0.57600516969286064  0.58151221581281853
  0.58708666422611955  0.59271923770310031  0.59839471506538133  0.60413934252699930
  0.60998787536207855  0.61589490976422356  0.62181049107379505  0.62779701251699249
  0.63391586060898142  0.64008966688631141  0.64636373218358523  0.65282819147642779
  0.65942609934938368  0.66618268603315811  0.67311026286255204  0.68018935981491258
  0.68735923105922381  0.69497048938073258  0.70279699760023107  0.71101395141714341
  0.71963912083960269  0.72844208724616222  0.73792588625048849  0.74774873088874561
  0.75864419296872798  0.77040459202414024  0.78352102829866366  0.79843481981770636
  0.81634924901789896  0.83938164918305325  0.87734854319993349  1.00000000000000000
   4.0404651350054138E-034  -1.0000000000000000     
 F F F F F F F F F F F F F F F F F F F F F F F F F F F F F F F F F F F F F F F F F F F F F F F F F F F F F F F F F F F F F F F F F F F F F F F F F F F F F F F F F F F F F F F F F F F F F F F F F F F F F F F F F F F F F F F F F F F F F F F F F F F F F F F F
  <DiscreteSampler_grid>
  grouped_processes
  1 # 1 for a reference and 2 for a running grid.
  10 # Attribute 'min_bin_probing_points' of the grid.
  1 # Attribute 'grid_mode' of the grid. 1=='default',2=='initialization'
  0.0000000000000000 # Attribute 'small_contrib_threshold' of the grid.
  0.5000000000000000 # Attribute 'damping_power' of the grid.
 # binID   n_entries weight   weight_sqr   abs_weight
    10   10   7.944976703762234E-021   1.565658655752759E-040   7.944976703762234E-021
  </DiscreteSampler_grid>
