  0.00518941677146707  0.01468191922608603  0.02627198496577419  0.03777926233112179
  0.04884791703590357  0.05985488092671364  0.07096590200835788  0.08217596100149542
  0.09329133268698649  0.10416196266176819  0.11483846372355135  0.12534708936340042
  0.13587228273982629  0.14657719971361163  0.15743431465159624  0.16823370925893411
  0.17881829750579481  0.18934842196376675  0.20001506587549442  0.21078014883821844
  0.22159377888222784  0.23254741957205127  0.24353834060949084  0.25445582451874676
  0.26519302999123850  0.27594700068201583  0.28677277221291003  0.29763372969966989
  0.30847184135283373  0.31921855938143129  0.32994304309841044  0.34058248920897249
  0.35094568276744564  0.36108301496400019  0.37129838004413818  0.38188224360153677
  0.39259568548585549  0.40325060659294493  0.41379245661009806  0.42426904208959365
  0.43475999383261255  0.44518486322484135  0.45563717398609016  0.46605016540077171
  0.47652677289556644  0.48712496043271691  0.49773100131429338  0.50806965864491260
  0.51816142833780987  0.52835869280126690  0.53877970483529602  0.54927168593782960
  0.55990045574753089  0.57071544803237495  0.58178530969543507  0.59257743487041237
  0.60337922165918911  0.61417471030663984  0.62493953043648609  0.63562401122337209
  0.64631941448284524  0.65716923285523432  0.66777541066582691  0.67829316576372045
  0.68874150916786780  0.69935162823241370  0.70993382436134900  0.72043408832230127
  0.73079309094437062  0.74098839053786858  0.75124532089259644  0.76169853018556577
  0.77221108656049953  0.78266321557970953  0.79307274168941211  0.80357801458517120
  0.81410338990896725  0.82428591001288753  0.83425935617010427  0.84411894435672175
  0.85394340346088560  0.86383980521038306  0.87375730998659940  0.88373187509543460
  0.89370664753954376  0.90356661102273550  0.91330219210844454  0.92295415205891507
  0.93259841877487459  0.94232763402058028  0.95218545119344733  0.96211283977797113
  0.97198379248410482  0.98166462362824591  0.99094942895759131  1.00000000000000000
  0.00644228478838260  0.01551678631615252  0.02694820152326025  0.03876303900876162
  0.05003707792005721  0.06105223985049590  0.07178609064071423  0.08218908317834901
  0.09245144013983692  0.10289742016852958  0.11370140836007196  0.12469610745747457
  0.13564269592225958  0.14649275443289025  0.15727886181766043  0.16816958688092837
  0.17920414372863516  0.19029848110380138  0.20116912949724275  0.21166878321075944
  0.22203898279766368  0.23260490069999215  0.24319042587102216  0.25361116358124264
  0.26395849003734256  0.27457487678106024  0.28555193738393514  0.29651307870719218
  0.30725944414063150  0.31814309409486968  0.32908970773670032  0.34005879422550206
  0.35090038207814500  0.36163167326882945  0.37245774145479971  0.38323418446014917
  0.39407796137264162  0.40487094619546915  0.41566888298986437  0.42647029062475855
  0.43715424246421358  0.44753457095183247  0.45793704741273455  0.46842981239380288
  0.47899484623739269  0.48955939970909867  0.50013101680767313  0.51060881069270225
  0.52105597647802004  0.53152065294251138  0.54195019073702533  0.55220582088448733
  0.56228427509237122  0.57245948278140735  0.58274495011964023  0.59301000941718351
  0.60302697498028157  0.61300135504860176  0.62312345012469383  0.63342991057057174
  0.64384706309768902  0.65429564950198471  0.66473597172941423  0.67498552242014132
  0.68514094840439144  0.69550888669962951  0.70605838128267984  0.71659204580006419
  0.72710468225687852  0.73791907633930953  0.74900138110413872  0.75984078946297640
  0.77034099797604516  0.78076198223013071  0.79113148962540980  0.80149168663957493
  0.81178057880915533  0.82219411542595899  0.83249895894175607  0.84289283493793732
  0.85342263549097308  0.86378522879790376  0.87394185656876189  0.88376580852854403
  0.89365437348012933  0.90348909324013105  0.91321958789836966  0.92303138507181637
  0.93292617374408005  0.94291178135384102  0.95284604096818282  0.96250874566913791
  0.97201860167686382  0.98123175743825164  0.99064946821886757  1.00000000000000000
 -0.00244215121315366  0.01072277080142158  0.02161678373341626  0.03238321957596942
  0.04316382491398430  0.05380083995189112  0.06436000350973858  0.07509537846999509
  0.08577147148889580  0.09650835902952959  0.10725347166029357  0.11785697529986305
  0.12820438428519099  0.13833472556077325  0.14843666594904315  0.15872452051383473
  0.16916302287990623  0.17971543370515933  0.19048921933109925  0.20124960139897302
  0.21256769091397706  0.22377990596092442  0.23481409580803500  0.24556577657749784
  0.25631394111968364  0.26712157921564500  0.27767964217285884  0.28829918592842319
  0.29938540026171945  0.31038785429552129  0.32135487915927785  0.33214824143101129
  0.34292544700524397  0.35360168308185563  0.36411473114753423  0.37464063146134474
  0.38512815216828866  0.39552088174480454  0.40573412226977490  0.41593366830406164
  0.42632169426904126  0.43694811559120367  0.44753662077266215  0.45799723346302434
  0.46831505160795167  0.47855796018429864  0.48873248687341864  0.49895991743056700
  0.50925953696621151  0.51966779042928812  0.53026457483495071  0.54098173749186196
  0.55162420319888561  0.56234167227704757  0.57302221719010471  0.58349341561100498
  0.59356494573938412  0.60359443314943684  0.61378199622235607  0.62412881506536322
  0.63449111672558445  0.64489888086574709  0.65543857367073255  0.66605789842355390
  0.67669182484743151  0.68712005601040005  0.69741025809396928  0.70758461130143369
  0.71783822907129213  0.72824604741228305  0.73870620439822809  0.74905138149256589
  0.75953337821798017  0.77010612340345475  0.78063261176505205  0.79094643242583174
  0.80117046969573447  0.81154532853338668  0.82211065824104401  0.83288944606709225
  0.84364495780147730  0.85439901482773917  0.86501567175695182  0.87580227680602707
  0.88651845283306063  0.89719018004627793  0.90775617416202226  0.91821439429593288
  0.92855668715635709  0.93899304544749318  0.94922901889214195  0.95934248232795361
  0.96932750110973975  0.97925523299150274  0.98963451768082411  1.00000000000000000
 -0.00192260812807467  0.00955709888437224  0.01936817502200264  0.02938654242549486
  0.03939854390212985  0.04969787961970154  0.06013003607804229  0.07117971277233187
  0.08230172312964340  0.09332132406844573  0.10409482089943457  0.11480346589346713
  0.12550126998247851  0.13631359908968266  0.14702209463313246  0.15764674569015222
  0.16816863278133265  0.17906455338638783  0.19013698927040321  0.20100279074830021
  0.21172727804347588  0.22238812000961081  0.23297647723810289  0.24348662335068139
  0.25396215445848352  0.26448937684134516  0.27509794820720768  0.28577825900177223
  0.29632962078099406  0.30678336647465348  0.31714180536336856  0.32759163974500777
  0.33794356601706604  0.34827065232036009  0.35880527864356621  0.36947267945976281
  0.38042924493310065  0.39144908034856557  0.40246918366545043  0.41353222135411893
  0.42421628702614711  0.43479050256117674  0.44509976252575806  0.45533677898240255
  0.46572983408976260  0.47619976977421596  0.48647751696507480  0.49680909657733863
  0.50720099487989256  0.51770576609813934  0.52818940492814859  0.53833186443058723
  0.54874026925226516  0.55914210735725378  0.56947128504490863  0.57965612455686288
  0.58988466373982051  0.60032294034817135  0.61086210441196676  0.62165971300625866
  0.63262353780224523  0.64359219634806797  0.65456460086844925  0.66556407518986160
  0.67634741592861691  0.68709127033962769  0.69772407068130771  0.70833105726077839
  0.71856563752219160  0.72878130058258916  0.73871366442977526  0.74866717056940635
  0.75869839024546504  0.76899223834690777  0.77958349504303104  0.79011515695839651
  0.80091356839122985  0.81174686873868140  0.82230661768761237  0.83273893357206463
  0.84291782869762610  0.85327235833948012  0.86356104642199105  0.87402574131822008
  0.88476990492568675  0.89550524063111125  0.90617339704302424  0.91693083938074416
  0.92735274878536222  0.93783840167883836  0.94805826429980222  0.95842037658849544
  0.96870592869853289  0.97900365559131797  0.98957758536578067  1.00000000000000000
 -0.00244416001777666  0.01036930923294894  0.02088058406281789  0.03155926903632497
  0.04209047048447132  0.05243737901527692  0.06255607128932045  0.07265838543531251
  0.08283519613677201  0.09346209531166030  0.10439270265106670  0.11535248985697630
  0.12605978910438823  0.13651182088918848  0.14715086610676698  0.15810758529218460
  0.16918846582572697  0.17998777014606621  0.19059058976625298  0.20118007603014953
  0.21166428495562109  0.22204639374988575  0.23235444989123991  0.24260370571055695
  0.25278016474214954  0.26286095411171112  0.27296224886885068  0.28317002516771023
  0.29345539178170721  0.30383690418058351  0.31426676007967536  0.32469979357359868
  0.33503672118470956  0.34519084488953133  0.35545978457812266  0.36596310860456360
  0.37654255357132882  0.38705926789340839  0.39752112948906576  0.40802694836631531
  0.41847249929066416  0.42894686404963017  0.43951278710409003  0.45017101460712639
  0.46083198582003387  0.47143284442588745  0.48208957708706629  0.49261414696029682
  0.50315294469739413  0.51373428407386168  0.52424205653823908  0.53482209985756590
  0.54579499345836680  0.55682190219306293  0.56754206956388653  0.57803558367551844
  0.58863685638827079  0.59921829343545030  0.60986276578120169  0.62070468802690693
  0.63142525412309047  0.64195019844213708  0.65255147705549343  0.66323671390147509
  0.67370724808454852  0.68393205651304068  0.69430914495069773  0.70479023699253096
  0.71512496114246737  0.72540960083048678  0.73596586019705079  0.74691556085094857
  0.75780335918532926  0.76873840210016076  0.77969002249107555  0.79063502613222092
  0.80130122983879382  0.81185373211702871  0.82274934754319640  0.83347410742405903
  0.84400916941139636  0.85438355683040235  0.86491858371954000  0.87543396620956326
  0.88561254258357702  0.89582897311371301  0.90623759523017888  0.91664175328914299
  0.92685701270743770  0.93719783236253185  0.94738369043565862  0.95783501304234797
  0.96837934995214081  0.97919700113934016  0.98968619283443193  1.00000000000000000
 -0.00223726086275556  0.00954423818175564  0.01983627826117291  0.03035368148904438
  0.04096925164578379  0.05165723982467237  0.06233836819094234  0.07286724428426121
  0.08328231839910123  0.09354447199507276  0.10389725989962383  0.11427988528111888
  0.12466321685008748  0.13483753707035773  0.14490378987148894  0.15487442916838443
  0.16486519344512163  0.17489713542357460  0.18516914556217134  0.19571234788588660
  0.20617179299907340  0.21658080656385437  0.22697310860282591  0.23745236523865407
  0.24792996325213798  0.25852989318837327  0.26955210169314492  0.28053431918950578
  0.29146188602615475  0.30191165098092182  0.31246541559172164  0.32286668989682044
  0.33341939577351509  0.34402370897137807  0.35486470255022684  0.36515499629841591
  0.37560047536443497  0.38599986390307417  0.39647003932642616  0.40688785193047139
  0.41762544595205991  0.42851094082660923  0.43926981370328283  0.44987943768080413
  0.46033160000603057  0.47115116762418474  0.48184551223416944  0.49234540421025685
  0.50255985800864411  0.51256646373714521  0.52300085432242738  0.53322120233522241
  0.54345657800037528  0.55350774527727786  0.56378366334847929  0.57421193902276113
  0.58451688227400955  0.59453712819781912  0.60464964634816165  0.61491033028371112
  0.62544278423352440  0.63633161475004285  0.64745902017654300  0.65855276181054490
  0.66929131182174473  0.67982126240736163  0.69009054104870537  0.70047413035822859
  0.71086157705852271  0.72135007793928241  0.73151601666542987  0.74185493694971627
  0.75212698516169385  0.76288456804739435  0.77361818769509760  0.78445008968364960
  0.79475333258023173  0.80482797930419114  0.81502089438288450  0.82544958821496772
  0.83590119927540718  0.84605169152740889  0.85639738361876683  0.86685329113544529
  0.87737682463117650  0.88779726432093475  0.89824081922757970  0.90887473589598045
  0.91950429461138117  0.93031549394872770  0.94142747281489936  0.95277859613599281
  0.96436966447159811  0.97611519446371131  0.98801832523264554  1.00000000000000000
 -0.00233787368248432  0.00960163606395182  0.01976460300644419  0.03051106854558486
  0.04123052720115068  0.05203669301639534  0.06285304876141662  0.07357022083041102
  0.08433370311497226  0.09470479295377048  0.10488006379283446  0.11491966842878010
  0.12509308050604581  0.13576667851976695  0.14653123934339138  0.15734670176903240
  0.16841509208002794  0.17975375290438100  0.19110686239062297  0.20219128962404506
  0.21306543584703436  0.22406166247531223  0.23477109294965617  0.24546739320605102
  0.25587854383614045  0.26618624766776239  0.27669727457286403  0.28716508235545690
  0.29767149432682150  0.30818079667327852  0.31866893355135195  0.32931644187275838
  0.33993277619386542  0.35051450844622867  0.36074435704365820  0.37064131074127338
  0.38073862535054731  0.39097501077053681  0.40142125946955520  0.41173029363111113
  0.42210937027542977  0.43268669965737938  0.44329078882431039  0.45410958781178989
  0.46494786471462529  0.47591718778456266  0.48671595654832767  0.49731589249960367
  0.50752336272561682  0.51738318657410642  0.52731995228013684  0.53718683995853767
  0.54742170940553270  0.55788951585928459  0.56875427307205983  0.57968154973267938
  0.59036786782459583  0.60136428181623414  0.61205558771233759  0.62255902371663507
  0.63278844925774791  0.64320773319474733  0.65387186456854085  0.66446926141952278
  0.67511845314200480  0.68569986686640128  0.69615974542165393  0.70649007565363175
  0.71694772171353993  0.72745689214988929  0.73823386502335253  0.74912714230180200
  0.75992809521636762  0.77061508808658497  0.78104732977610014  0.79148736501675465
  0.80187952008760655  0.81218700742165284  0.82252089832005659  0.83312468028313569
  0.84379818808546181  0.85447407914258544  0.86497522050168540  0.87545065940254119
  0.88591465371931766  0.89644189394507734  0.90696544448632122  0.91743178720063212
  0.92762890489164951  0.93757039911845486  0.94751800139337083  0.95765991464665146
  0.96850370646370154  0.97930810446952266  0.98982203482256037  1.00000000000000000
 -0.00241534718767632  0.00965815109418298  0.02028484240835340  0.03101396101252196
  0.04151586403696612  0.05217501218869336  0.06306452694982222  0.07421912929344673
  0.08521216235970905  0.09605483065483307  0.10648933725876812  0.11664810328154369
  0.12678648680255231  0.13732866254400583  0.14792016897180035  0.15842600299571921
  0.16881486459479328  0.17893479782803506  0.18934641359112236  0.19966169407170636
  0.21030077115212667  0.22094997780332792  0.23173288611541357  0.24247330696363717
  0.25303932716910066  0.26339572298007630  0.27364629788271577  0.28404931601770994
  0.29434335274993595  0.30471259680468349  0.31496196739930105  0.32568135547167415
  0.33643616547468791  0.34691905770364456  0.35754367679849702  0.36825143559328599
  0.37906957609017794  0.38959121160824034  0.40032591074591173  0.41129343369986399
  0.42236675276205560  0.43334829402304009  0.44406779353135689  0.45454317089922658
  0.46490925444581110  0.47520002268242179  0.48585520338252669  0.49677512866555951
  0.50786548914371477  0.51853355836710247  0.52902941944905946  0.53935595164345329
  0.54962003701204731  0.56015972966507177  0.57074067619804847  0.58146978288135609
  0.59175376640973187  0.60201998254011502  0.61224834920593185  0.62259688445735040
  0.63313000750226567  0.64369851324764860  0.65423656367022420  0.66454874207904302
  0.67490197953095432  0.68522655779974573  0.69540650563372997  0.70549791922969618
  0.71579283440135444  0.72615582622814079  0.73646768744753943  0.74687099425644143
  0.75735892157138640  0.76785333113278842  0.77813550514230401  0.78842302438800815
  0.79900332404309204  0.80976362109686428  0.82037368089032059  0.83063040812069966
  0.84082974036006475  0.85101842749746326  0.86112400094701691  0.87111232638329306
  0.88126568059883736  0.89152099814970842  0.90196328329915576  0.91240049654940469
  0.92320772922477790  0.93403205398191247  0.94488766444992067  0.95562672843364349
  0.96646286801337111  0.97750443489722860  0.98877867501385996  1.00000000000000000
  0.00947555635062784  0.01627535862739897  0.02537572134458870  0.03594978251998476
  0.04618073559645685  0.05632326763769483  0.06653228633639734  0.07695619395014702
  0.08736441549622154  0.09779016928139748  0.10834219680800970  0.11904877066741176
  0.12966339234701946  0.14006029067305298  0.15039382020115155  0.16070389795658532
  0.17100732638974606  0.18146218789012952  0.19187374693548323  0.20219642786295758
  0.21242995641602153  0.22276466658745919  0.23336950143763219  0.24411848183026641
  0.25501077514313042  0.26594614035421726  0.27679171852522771  0.28751793052810803
  0.29810678456897460  0.30845401820617296  0.31883123246023970  0.32900884179128320
  0.33925933301173217  0.34947160108650893  0.35958104701796978  0.36955095732138210
  0.37962430279742870  0.38978924493102818  0.40015106799965083  0.41080196312677025
  0.42153259094755341  0.43236164187609777  0.44302265966238830  0.45369011906724882
  0.46442038427400911  0.47518908893833128  0.48579343223029953  0.49619130803853118
  0.50646286040058908  0.51672504804225539  0.52713077185840329  0.53750709848146150
  0.54817728374923880  0.55903462719349484  0.57012242283365278  0.58120933930660612
  0.59215480450572910  0.60293681658245790  0.61336832547105880  0.62370621775947299
  0.63377324030730131  0.64404944711948464  0.65419075741521349  0.66442361803115391
  0.67465687611429315  0.68516105668690086  0.69553514005767858  0.70609432111386305
  0.71681211899255204  0.72775997426872419  0.73876148673075948  0.74986703308491764
  0.76091045590500461  0.77179772015306869  0.78243877573043541  0.79333637390264389
  0.80407532893609579  0.81505498113587527  0.82585613780610578  0.83652347814551353
  0.84693479402951100  0.85745577319747524  0.86785596347442795  0.87824543248622888
  0.88851602665525464  0.89899491768948669  0.90943254122643680  0.91990107331908877
  0.93042308940040686  0.94089573066701704  0.95121821684255814  0.96124855333970249
  0.97118033789983116  0.98133082520295289  0.99137579772488593  1.00000000000000000
 -0.02041890537111747  0.12174317812715929  0.15973862274785158  0.18305977379215602
  0.20108547837927887  0.21598521159876971  0.22902677308557007  0.24073649967386795
  0.25162283444739664  0.26154496958711637  0.27109784066576487  0.27985947862410049
  0.28836571159873764  0.29640817016966825  0.30417187605097318  0.31178218710661565
  0.31911110082778421  0.32627203170224123  0.33327592722324240  0.34000591355117571
  0.34655805916003402  0.35296456898680767  0.35923994389628361  0.36543640681436240
  0.37160705709324354  0.37766148246490422  0.38357838602874794  0.38942363270679897
  0.39520788110806748  0.40092364528881924  0.40660922460229809  0.41227099434511810
  0.41785279817939869  0.42331342115138515  0.42874004409185734  0.43417128877999911
  0.43956389401613599  0.44490840501098228  0.45019850890061353  0.45546014876205954
  0.46065197417090015  0.46580511304466693  0.47095156716156067  0.47610433521279588
  0.48127072582347452  0.48644636205245850  0.49163715348739701  0.49681423953162307
  0.50203099732547041  0.50720496793192738  0.51237810136012640  0.51755307004969386
  0.52272735326070596  0.52795728543199327  0.53320270764375588  0.53845559635844731
  0.54373792248877117  0.54904702003354411  0.55441120493680907  0.55982858061759377
  0.56528935173528783  0.57081833534560711  0.57634648773416364  0.58190683849022939
  0.58754346961970993  0.59318478453444368  0.59881856987769388  0.60449030300357220
  0.61025385982585889  0.61608570300552468  0.62196640683861859  0.62798165214469526
  0.63416934556857885  0.64043325689917996  0.64679491592643801  0.65327605890811269
  0.65987247016137629  0.66661967201877959  0.67355258477552815  0.68067850094121896
  0.68798283660457837  0.69566827458311398  0.70344437594294695  0.71151054340074227
  0.72005677249874600  0.72891103666040058  0.73855452448757031  0.74848455903276379
  0.75931039992502170  0.77103657862680819  0.78421944201403571  0.79929018087263970
  0.81722290128595365  0.84031496995363797  0.87847857696243858  1.00000000000000000
   1.0167009071935349E-038  -1.0000000000000000     
 F F F F F F F F F F F F F F F F F F F F F F F F F F F F F F F F F F F F F F F F F F F F F F F F F F F F F F F F F F F F F F F F F F F F F F F F F F F F F F F F F F F F F F F F F F F F F F F F F F F F F F F F F F F F F F F F F F F F F F F F F F F F F F F F
  <DiscreteSampler_grid>
  grouped_processes
  1 # 1 for a reference and 2 for a running grid.
  10 # Attribute 'min_bin_probing_points' of the grid.
  1 # Attribute 'grid_mode' of the grid. 1=='default',2=='initialization'
  0.0000000000000000 # Attribute 'small_contrib_threshold' of the grid.
  0.5000000000000000 # Attribute 'damping_power' of the grid.
 # binID   n_entries weight   weight_sqr   abs_weight
    10   10   7.951537175053190E-026   1.463991494896125E-050   7.951537175053190E-026
  </DiscreteSampler_grid>
