  0.98402810425325138  0.98443540872368018  0.98476239869085325  0.98500415193175994
  0.98522011224962036  0.98540462199689161  0.98557585876821729  0.98572842290238205
  0.98586983828903918  0.98600793706938272  0.98613403377567976  0.98625343979088242
  0.98637003774802556  0.98648017174374092  0.98658223163184322  0.98668074694199137
  0.98677655584487167  0.98687124421781636  0.98695669809938646  0.98704121231686304
  0.98712508707311541  0.98720800227634731  0.98729070486512616  0.98736496622116177
  0.98743810714057834  0.98751078022350514  0.98758293028480681  0.98765413678825809
  0.98772421500713470  0.98779027217442572  0.98785501317011426  0.98791906678482366
  0.98798166882538285  0.98804334676136085  0.98810499446107936  0.98816497776334244
  0.98822266614527965  0.98827949277616367  0.98833544463626166  0.98839087880733023
  0.98844601107428010  0.98850149021091271  0.98855718131237547  0.98861018339780737
  0.98866160931653058  0.98871276860317869  0.98876365945728717  0.98881379543054360
  0.98886323511487340  0.98891181424809504  0.98896104829906573  0.98900904818373148
  0.98905567435159669  0.98910132123590089  0.98914645207856233  0.98919136569541488
  0.98923633463851457  0.98928150627929001  0.98932606250999988  0.98937039661928405
  0.98941340766985841  0.98945459138882164  0.98949453284494471  0.98953396367255075
  0.98957360483233670  0.98961329413295840  0.98965325480211019  0.98969344666506076
  0.98973346554197905  0.98977271055399207  0.98981134975259344  0.98984878459755821
  0.98988532837674370  0.98992143788407383  0.98995756432848170  0.98999344837769643
  0.99002884954643533  0.99006408432219284  0.99009930165790039  0.99013455655784421
  0.99016972207409071  0.99020488501869686  0.99024022289501501  0.99027427376238641
  0.99030651470425712  0.99033822251834513  0.99036974173972514  0.99040151509730023
  0.99043321230546855  0.99046477779704900  0.99049619782969200  0.99052704745755493
  0.99055748791518816  0.99057008095607935  0.99057130205599431  1.00000000000000000
  0.00538674542061140  0.01523824027363163  0.02698457402937882  0.03855267677401689
  0.04990749214758007  0.06110370210640661  0.07169364093877591  0.08208437251617916
  0.09285599850650650  0.10388013123230387  0.11444146522667184  0.12478358530419918
  0.13503986448630623  0.14560565986227256  0.15652493862507502  0.16731931673276132
  0.17767513331692475  0.18801873058662169  0.19904036277481332  0.21063206237752172
  0.22215186422150646  0.23335651932655707  0.24415431847864191  0.25445177470578773
  0.26440533142930911  0.27430342771245614  0.28445025196048535  0.29468696280533979
  0.30508567208620618  0.31579089180049996  0.32675949180622371  0.33787504583315719
  0.34867585466295214  0.35932238124417304  0.36996838726687375  0.38057819769040890
  0.39148080083326359  0.40221967736824954  0.41330412129536931  0.42473384407448000
  0.43640536520190926  0.44769348672114084  0.45868327532992775  0.46960065395865397
  0.47985524633101478  0.48983285574580271  0.49945604859344445  0.50892344198561912
  0.51844681148498839  0.52808344931684481  0.53810025110537973  0.54819006918787216
  0.55804303981735304  0.56792206693672775  0.57763299886015973  0.58759721003386045
  0.59830664118369226  0.60879047962560706  0.62019427595372134  0.63065097718185181
  0.64159997556532367  0.65217770511541473  0.66213217491166731  0.67204565450034126
  0.68187280164439379  0.69218117728427608  0.70274119534206414  0.71328568001789694
  0.72367270901056613  0.73421211762515670  0.74481801832129169  0.75557340752143265
  0.76615456304565932  0.77647238695155973  0.78661302432914537  0.79696397848658762
  0.80753466554631603  0.81817211030361570  0.82893597443992129  0.83940172415963810
  0.84964249187844609  0.85963192719646908  0.86922543275517983  0.87874817456155785
  0.88779469586885817  0.89685321638341187  0.90664803985947207  0.91654824111752797
  0.92752384969604351  0.93823342043798275  0.94915887619688932  0.95956494245209245
  0.96921716370776712  0.97886887873994466  0.98900191914954494  1.00000000000000000
 -0.00220187850914614  0.00860442419501197  0.01793002333839275  0.02805434485406347
  0.03855416006553702  0.04934343899639719  0.05995255695788594  0.07047486863122568
  0.08123230584692490  0.09188190433715716  0.10217680427877325  0.11222250800099259
  0.12263338790083896  0.13298963437637523  0.14375539803261378  0.15427755043467287
  0.16491040377812194  0.17517991549852288  0.18574733144613756  0.19677689381535263
  0.20817172351656729  0.21886862033383273  0.22943065419917730  0.24044632606249899
  0.25145485471170631  0.26213076192087870  0.27230604793477825  0.28362113773142389
  0.29453970869984891  0.30570660043684950  0.31679380229560911  0.32799574464825104
  0.33854640707717404  0.34882021933815022  0.35882293571561358  0.36881214211023677
  0.37894611506633419  0.38925190895014938  0.39969206622925418  0.41059593837969088
  0.42178540257726455  0.43365155552608203  0.44499212438460961  0.45616820031942140
  0.46666174427887486  0.47735152503253586  0.48809155825858330  0.49847652642286411
  0.50901544872006876  0.51926584762474648  0.52933132824929530  0.53926826676004691
  0.54893524405305816  0.55891088294069280  0.56875423761267152  0.57863966092920105
  0.58875577715300831  0.59885036091602017  0.60910958025625850  0.61960311068800655
  0.63015188859883675  0.64074376136808397  0.65130836617822851  0.66199346897968636
  0.67244577696323016  0.68264105104194817  0.69330396801637850  0.70390916590849184
  0.71455966541004790  0.72543866305673677  0.73675170817247404  0.74787157625699263
  0.75847313077543632  0.76910167549450537  0.77986449311619366  0.79054956108366370
  0.80085858219096895  0.81100354725879087  0.82141488659004558  0.83217088768090164
  0.84263118391031233  0.85261611605922105  0.86278429764853160  0.87335681616841598
  0.88446245508353438  0.89555297203688822  0.90667360755899640  0.91661094634969198
  0.92642628385671399  0.93637402423781957  0.94683183452043707  0.95781766852890615
  0.96855765814650474  0.97910067394428602  0.98948065453283585  1.00000000000000000
 -0.00253670797250778  0.00950039587450754  0.01981921700309173  0.03020099216998898
  0.04063538661499033  0.05105626250896723  0.06139552490711847  0.07199995888653184
  0.08281427260392905  0.09380932625187247  0.10496650364361151  0.11576921161317096
  0.12657714581609211  0.13712519707717755  0.14706222830202248  0.15719336171098536
  0.16698744320929162  0.17745848898991073  0.18809209612885305  0.19878818375875867
  0.20952554711403823  0.21995996233072682  0.22999739231879920  0.23980218623493499
  0.24989448558340818  0.26066357427401593  0.27173535897856532  0.28286331880533977
  0.29338967921239001  0.30403768219779270  0.31481652601313259  0.32589046094266555
  0.33690243658344143  0.34751919941014126  0.35767956218342079  0.36726848223135966
  0.37675938698615274  0.38668887989247092  0.39692875579764869  0.40751243386906094
  0.41761408076184242  0.42812398857221762  0.43887214016185755  0.44972944015269978
  0.46056048061218852  0.47108248097975530  0.48230716844795951  0.49321423153586696
  0.50395770979474142  0.51424687233470123  0.52486056530041802  0.53586616121528208
  0.54680846771391700  0.55790351638133018  0.56888899518342262  0.58034749491998094
  0.59167362422318981  0.60284513956881536  0.61343799778948249  0.62404114781032061
  0.63472970332368439  0.64594206276556998  0.65665227967073181  0.66733550867402203
  0.67833658333972879  0.68957958774369199  0.70001375943182453  0.71042592841371988
  0.72081951711179471  0.73150540863184077  0.74186112179784636  0.75217242385174443
  0.76231981925148262  0.77235173863368134  0.78241892992595641  0.79260487712065442
  0.80272759133797722  0.81298422642104995  0.82310181070673072  0.83349448920445646
  0.84350304448670932  0.85358821337642388  0.86382815079374242  0.87392610755842404
  0.88429116961150556  0.89451080308398057  0.90491858735996056  0.91516703440550917
  0.92548035209984492  0.93591233066681445  0.94651725629118233  0.95690223445776257
  0.96749891408551492  0.97821226008516804  0.98906075872868826  1.00000000000000000
 -0.00258793401987763  0.01012696360076728  0.02104131641577488  0.03210800438932145
  0.04343326601792005  0.05437677422672497  0.06515220933837887  0.07587701713578968
  0.08669142884159597  0.09758060783395345  0.10845530452554362  0.11905092181991263
  0.12984272564775845  0.14076086123891154  0.15161973054805883  0.16197571616180817
  0.17209147040283734  0.18235828182287125  0.19283854511572873  0.20306640766568448
  0.21292238360278670  0.22256427891770947  0.23251506784820838  0.24244995390969168
  0.25246334500268658  0.26259864388649151  0.27271104478855124  0.28292924813835890
  0.29256201046928776  0.30182330004174229  0.31161758857402932  0.32143615749949273
  0.33129512173745290  0.34123245902839405  0.35173796600381341  0.36247921976892833
  0.37325776202298838  0.38365704078522334  0.39417120542136391  0.40467169711473361
  0.41521315805460912  0.42550717723222747  0.43582390805157062  0.44625157750247862
  0.45672502052443237  0.46734739280712873  0.47808640755786369  0.48910307689266613
  0.50023683121872886  0.51141190704191697  0.52261242093965132  0.53345219405295563
  0.54383809143215178  0.55380661618229510  0.56400719012516043  0.57424387620280037
  0.58417172342835444  0.59437686347939922  0.60486164437929624  0.61595549470826993
  0.62686360696753429  0.63793853775578058  0.64875936432997083  0.65929188331322364
  0.66966986033313813  0.68048136307218554  0.69138082403980117  0.70147876876317405
  0.71124337156349138  0.72088673010835003  0.73073069273958835  0.74051248081356069
  0.75055805655447327  0.76125374692417058  0.77233469660301357  0.78336897171249431
  0.79414977437604573  0.80478530855423802  0.81515431670307892  0.82530382364341548
  0.83579437269158885  0.84675177429759063  0.85776363171504466  0.86871085470414555
  0.87955769244247095  0.89047713728343592  0.90126161389080628  0.91149962998450917
  0.92164691113551001  0.93192626861237149  0.94232370998263126  0.95309297489206457
  0.96441799189542243  0.97651069462121987  0.98818639020709131  1.00000000000000000
 -0.00226713653095319  0.00890771245544160  0.01907831180213113  0.02964552502623514
  0.04026429006459314  0.05100233788259206  0.06128006417763721  0.07140482592004080
  0.08156927612388828  0.09235133733763579  0.10376142878595236  0.11519023972599068
  0.12681513549851292  0.13881785379099620  0.15007758504981547  0.16144385274628270
  0.17248370526015205  0.18389471479902830  0.19505291611496742  0.20649688043809120
  0.21764557066410284  0.22801667125946529  0.23782884610395866  0.24780865743978475
  0.25801887228289411  0.26839484599765823  0.27896278122064938  0.28959471887640476
  0.30063692667957964  0.31115581512223250  0.32132126297088098  0.33148302314954858
  0.34179039638263931  0.35198610111478890  0.36190067231174011  0.37195606054006919
  0.38258473262447501  0.39353202825850697  0.40471795726103943  0.41609676885214614
  0.42741503363369965  0.43809801699364992  0.44853699465451169  0.45879969913258878
  0.46886140640817275  0.47885288639577650  0.48868628988313034  0.49877518581313396
  0.50910244462950782  0.51992585116084289  0.53171202313120691  0.54306128857469560
  0.55471339793389896  0.56611304989425537  0.57790076269177471  0.58931209648176464
  0.60002699902551182  0.61002163964805667  0.61974410123474977  0.63001221885496306
  0.64056074009672337  0.65106947046435770  0.66135368037952491  0.67158503183255513
  0.68202624888193275  0.69251106593241196  0.70307637359213881  0.71352211225391049
  0.72379270162460863  0.73419466790469157  0.74463401837939724  0.75500232185060079
  0.76483005086661382  0.77441656763581324  0.78410267426628988  0.79366708885748016
  0.80317552287078620  0.81254506498472590  0.82211304259678541  0.83203934816977021
  0.84234028304169561  0.85237388200888764  0.86265713741571526  0.87283233685341455
  0.88356726575915112  0.89425528375621677  0.90476515033087868  0.91486674979394511
  0.92513242297426002  0.93574481768200124  0.94671509131252318  0.95746875571799750
  0.96804942285648066  0.97911324456891180  0.98996791547954710  1.00000000000000000
 -0.00258657573726250  0.00958036918767267  0.02020794112845158  0.03100213408145548
  0.04179995572131650  0.05203575476708189  0.06245496940598566  0.07230923792672346
  0.08218965260427750  0.09205718516384077  0.10239001533116583  0.11305243476931635
  0.12354260252320155  0.13408731501874563  0.14449124479380834  0.15490865334528475
  0.16500804282828826  0.17494556713232215  0.18495391116849602  0.19505356483810263
  0.20537711786319127  0.21566878116607965  0.22624067395938011  0.23653334125823711
  0.24660393916790385  0.25672801532773237  0.26694130742966776  0.27719281490901215
  0.28744704705151974  0.29847442113379258  0.30953528771883154  0.32004322749445929
  0.33031123552019170  0.34062054923315543  0.35123360284565980  0.36166916264202292
  0.37188650838062653  0.38214980647571101  0.39263584551367481  0.40308125763739672
  0.41314405992708114  0.42305283167223084  0.43330321508432096  0.44400180212963836
  0.45466975443158114  0.46523703202645017  0.47568528545486050  0.48651359515068843
  0.49716307985250596  0.50786419684701589  0.51832215333354048  0.52862157672604604
  0.53914001303706816  0.55026668082795183  0.56184853312410088  0.57303303742064349
  0.58449026860653663  0.59582802576234395  0.60689192361456235  0.61731710965426911
  0.62761669585244828  0.63789280094944101  0.64835274926284647  0.65874163427435883
  0.66891263519212774  0.67902948790667250  0.68933543377277118  0.69965478377064771
  0.70977585964772272  0.71982041711295275  0.73014283483741604  0.74083629094657955
  0.75182748398375654  0.76305197587930040  0.77432300206804150  0.78583421065899783
  0.79756003115492458  0.80951190968924369  0.82108855641801592  0.83206198008019150
  0.84244557222943284  0.85222765978789916  0.86194269953283131  0.87179394456950599
  0.88197248028299846  0.89233900852951520  0.90243769162434095  0.91238830314168884
  0.92241232073203261  0.93272942711763007  0.94311625161932666  0.95403318510433144
  0.96479804748735687  0.97649794035603477  0.98798633603133457  1.00000000000000000
 -0.00228149506443370  0.00983713071387329  0.02018840175640022  0.03060002867529612
  0.04103794231291878  0.05118153954098422  0.06103899926690133  0.07125872585503387
  0.08152757712997363  0.09225257100163822  0.10310208231098225  0.11397760646185266
  0.12470910607648678  0.13508976304284756  0.14592699699263900  0.15628620578423152
  0.16644803176600859  0.17639231455573334  0.18650056480202187  0.19708731804398022
  0.20718821286350483  0.21741963806738279  0.22760673917315788  0.23795413028764853
  0.24861347463632893  0.25917068394545389  0.26979141979527899  0.28024247892521764
  0.29100126467769483  0.30188645852846563  0.31295110845685925  0.32354790872783667
  0.33414074633470270  0.34417064035738887  0.35450347225486445  0.36449951457322449
  0.37493338612396826  0.38502298380760197  0.39495142586489906  0.40466816599971461
  0.41443350927775663  0.42446796168794437  0.43434594757269002  0.44432897023491807
  0.45454593932600079  0.46494500661327892  0.47512321425289455  0.48521184596937211
  0.49559443181140495  0.50604274142745842  0.51654994906721430  0.52750123540019211
  0.53872890776724536  0.54968360800635452  0.56047117622970266  0.57151294953563103
  0.58266501953867100  0.59364471367221872  0.60435986313058132  0.61527002164726685
  0.62658594557455194  0.63795810719497781  0.64910669579119895  0.65991324811840035
  0.67053167712542483  0.68085525815402281  0.69102738942892328  0.70123696059399487
  0.71152822832630580  0.72188107654058298  0.73222752192845608  0.74281829623369999
  0.75337000375551166  0.76367140080603946  0.77381213926030268  0.78391775993402024
  0.79398952058436734  0.80430875795083467  0.81522289697262873  0.82650769611839436
  0.83780323456469474  0.84900982898495136  0.86023180444942227  0.87121322306870852
  0.88224204399777040  0.89300174145137701  0.90341890737909436  0.91356927251893238
  0.92418511028348616  0.93531162313981298  0.94642180646663676  0.95729946685929590
  0.96796145329188299  0.97854635148022073  0.98926099849117088  1.00000000000000000
  0.00974499699289950  0.01571994244505610  0.02453112538275863  0.03508616129553954
  0.04536037107821851  0.05603457834431634  0.06655376891199700  0.07702528090551637
  0.08737575145593179  0.09750842588496295  0.10776176861744498  0.11802971332781143
  0.12840495329873608  0.13818598185919923  0.14832922962911738  0.15887791960880651
  0.16927917520012908  0.17925177134800496  0.18931455665607608  0.20017379738687269
  0.21078593348753699  0.22094133652833900  0.23092390338752669  0.24131914050423917
  0.25203831412424998  0.26289194093924417  0.27350913674673372  0.28421254245180183
  0.29501930749603417  0.30597023655883321  0.31655636358963513  0.32734202918213090
  0.33805723202168297  0.34908257258024106  0.35999171568622895  0.37068047662936099
  0.38149752514404239  0.39238799347047360  0.40321035533892940  0.41400718577047591
  0.42511227445526167  0.43673683980078160  0.44841601975833462  0.45954208134599883
  0.47028524480436801  0.48078768643492170  0.49128618918520056  0.50179275623206732
  0.51213881541836981  0.52263677068116865  0.53324641888150670  0.54370415566832886
  0.55442803158827803  0.56531514880037903  0.57660676739341132  0.58732830649667844
  0.59774687692599693  0.60842535927039099  0.61938853734786870  0.62981842225736584
  0.63969698923320228  0.65009485823379165  0.66048227566260698  0.67076143976180003
  0.68067305249381971  0.69064075166932493  0.70045504715365547  0.71035186794600902
  0.72053618662126795  0.73100655793936309  0.74158391207579610  0.75216629382093858
  0.76289037586853670  0.77356375508640474  0.78433901298533548  0.79530635170567487
  0.80649111453335665  0.81685942799392441  0.82698543247097844  0.83680235967479744
  0.84737021377889965  0.85812736577108550  0.86944960586220299  0.88037167380491888
  0.89080276076462372  0.90106120100682241  0.91126749946602437  0.92172579813428868
  0.93207706992593264  0.94273122211574267  0.95350715582276857  0.96379667204909425
  0.97375755412214116  0.98327688347206410  0.99094706577749891  1.00000000000000000
 -0.01821689723608715  0.12077753623943445  0.16037600426118190  0.18495931656742504
  0.20347109047245243  0.21852847584471569  0.23155194864141962  0.24309688316551079
  0.25379386871626936  0.26386289810288704  0.27357071939902533  0.28265814068018519
  0.29133550900536376  0.29903882879815563  0.30630538178998840  0.31346616937170663
  0.32055143432470301  0.32780718955877247  0.33499154628506878  0.34186189932230049
  0.34848608151968452  0.35509552616257473  0.36176473131238923  0.36848937300132806
  0.37503097320719164  0.38121107063993193  0.38717150253353455  0.39301914611462901
  0.39876349174941456  0.40440850070699386  0.40996310701959027  0.41544470558093777
  0.42068307814211220  0.42603894997789832  0.43137733348849483  0.43658308968001780
  0.44175998114468029  0.44689767305642480  0.45208449220122360  0.45716016541350757
  0.46206069663456939  0.46691580322021015  0.47180812278277312  0.47676826944511269
  0.48189645844301887  0.48716564981102445  0.49236949490180137  0.49753172414866620
  0.50270709578621342  0.50787477021544414  0.51325671745176660  0.51872369532203899
  0.52424817559524928  0.52967321967884295  0.53480148879466505  0.53976497863994011
  0.54472869922675426  0.54977839894409042  0.55508637891242540  0.56083169295738899
  0.56651148954305341  0.57231342010086339  0.57789505279664788  0.58333588971300643
  0.58870480587809693  0.59405444530616480  0.59945494044095049  0.60497601635970222
  0.61055080222950109  0.61616592461947428  0.62200197878386665  0.62793441508424885
  0.63400236020119449  0.63992147819459599  0.64582186101916805  0.65204187707228511
  0.65855579971912170  0.66548267625951862  0.67264903448094093  0.68018466322262250
  0.68769095738241615  0.69565527247444403  0.70348789301241466  0.71145827543642604
  0.71952881876530084  0.72789864811247529  0.73712474209909151  0.74689345253858841
  0.75768467868618317  0.76931592046375541  0.78257194567724586  0.79784691286147991
  0.81585142401661048  0.83870544274334391  0.87824751112055977  1.00000000000000000
   6.2513628806018073E-031  -1.0000000000000000     
 F F F F F F F F F F F F F F F F F F F F F F F F F F F F F F F F F F F F F F F F F F F F F F F F F F F F F F F F F F F F F F F F F F F F F F F F F F F F F F F F F F F F F F F F F F F F F F F F F F F F F F F F F F F F F F F F F F F F F F F F F F F F F F F F
  <DiscreteSampler_grid>
  grouped_processes
  1 # 1 for a reference and 2 for a running grid.
  10 # Attribute 'min_bin_probing_points' of the grid.
  1 # Attribute 'grid_mode' of the grid. 1=='default',2=='initialization'
  0.0000000000000000 # Attribute 'small_contrib_threshold' of the grid.
  0.5000000000000000 # Attribute 'damping_power' of the grid.
 # binID   n_entries weight   weight_sqr   abs_weight
    10   10   2.219981723810684E-017   1.166941278585036E-033   2.219981723810684E-017
  </DiscreteSampler_grid>
