  0.98403159850269584  0.98441882339798603  0.98475398886816645  0.98499507509105189
  0.98521085787303742  0.98539306108078251  0.98556247776359773  0.98571306932124236
  0.98585350330235166  0.98599043485409665  0.98611711647792877  0.98623553435645150
  0.98635137520069771  0.98646274158609049  0.98656546858220340  0.98666552867608448
  0.98676322919189952  0.98685876585803300  0.98694718679942084  0.98703272364022210
  0.98711735298314007  0.98720019931725700  0.98728039757544273  0.98735510458922859
  0.98742604958294389  0.98749741868733598  0.98756925477459723  0.98764121495479762
  0.98771367774105634  0.98778057311797696  0.98784657331002690  0.98791090662891279
  0.98797398530165326  0.98803603385753835  0.98809802398898283  0.98815809306181746
  0.98821567143044142  0.98827209513607028  0.98832815650695671  0.98838390618956418
  0.98843974338373131  0.98849501937914364  0.98855065559959820  0.98860340945745739
  0.98865516988903179  0.98870613397793583  0.98875666284880226  0.98880664161835408
  0.98885624552500484  0.98890578653307393  0.98895524911532373  0.98900412984038577
  0.98904955441133791  0.98909447170347697  0.98913902395280673  0.98918342484119148
  0.98922780417644107  0.98927212268704912  0.98931617222498114  0.98936027261362325
  0.98940393427955309  0.98944605261890528  0.98948669742996664  0.98952710658248555
  0.98956780911361120  0.98960795010051250  0.98964814262054468  0.98968812989663257
  0.98972777039604420  0.98976701161110803  0.98980578813793518  0.98984362891867850
  0.98988020300492718  0.98991647974212282  0.98995299214429822  0.98998953513638266
  0.99002596366054163  0.99006183671934844  0.99009729583353079  0.99013242375378008
  0.99016732366111371  0.99020239972428470  0.99023790631006803  0.99027185000725249
  0.99030425690548018  0.99033610121424798  0.99036780403662372  0.99039954690408527
  0.99043123479226780  0.99046278807240351  0.99049417739688150  0.99052548508772453
  0.99055617974258348  0.99056936686738650  0.99057134795205914  1.00000000000000000
  0.00436493414462919  0.01664702023803762  0.02967635766220982  0.04240624891281726
  0.05505953239075937  0.06685759725250195  0.07783601285793518  0.08876092221822740
  0.09970910572574529  0.11064853776284339  0.12137864432242229  0.13170184946753538
  0.14216754858464625  0.15235466526437799  0.16232712966035467  0.17213957845816727
  0.18210938291332601  0.19241259762466070  0.20249142662076883  0.21262138507900027
  0.22263216494502236  0.23267269893795206  0.24263858232138735  0.25270723559275560
  0.26308689167275989  0.27354366389839108  0.28379310152831771  0.29401787591633466
  0.30449384897265247  0.31526058298750037  0.32629346451243751  0.33721805661751647
  0.34807082124036759  0.35852260337342134  0.36872280852048905  0.37896885505383510
  0.38906198602830916  0.39921301758989625  0.40908163304776091  0.41914344217361599
  0.42950103627058078  0.44023564762909645  0.45129747994562164  0.46200147625391591
  0.47237950557820607  0.48258427623323369  0.49300413786625213  0.50351572417774126
  0.51406569662694013  0.52469352852878459  0.53521159164549559  0.54578504374079773
  0.55681828713158277  0.56804251039023779  0.57929329121044582  0.59066196941108351
  0.60244434968725213  0.61420471846628688  0.62561389857862437  0.63652446119848460
  0.64722074621161629  0.65766390129377472  0.66795140298293354  0.67814440612853577
  0.68845518092525748  0.69870586118163813  0.70859137615570467  0.71837377101746736
  0.72822159273591103  0.73813665441691290  0.74828503111083544  0.75856891502866186
  0.76864006385731765  0.77822134466970216  0.78797397932418634  0.79788705149665806
  0.80815364811259427  0.81793665589177467  0.82770338696554868  0.83771358363476978
  0.84791326060710115  0.85823814080578198  0.86870861644412467  0.87900385117362723
  0.88908177978040703  0.89919837553719661  0.90934674474664434  0.91940922868280217
  0.92902987545515681  0.93891144005032834  0.94922778397715990  0.95950940661758599
  0.96945299718143252  0.97926010472472946  0.98954026529412131  1.00000000000000000
 -0.00192602464007056  0.01023386763717403  0.02094300414500367  0.03154592421857441
  0.04188582554305655  0.05201944662986047  0.06200500206178205  0.07223486779524446
  0.08262288379038478  0.09265501302512023  0.10239474701307399  0.11217320323964908
  0.12231065749917594  0.13292691228040113  0.14362668126295214  0.15399264362135684
  0.16436010156384645  0.17487513259268647  0.18619231117581617  0.19750973855527298
  0.20840593715258049  0.21903490371822951  0.22962333870976237  0.24025176124032577
  0.25085454295299436  0.26139005587160424  0.27227296674596524  0.28302827111998774
  0.29359759399838348  0.30395876867289862  0.31467980915515670  0.32572431573058502
  0.33635089218813596  0.34657293175056147  0.35659004678923056  0.36636738565246751
  0.37654882164472286  0.38679298657404121  0.39729796644918680  0.40806652445113001
  0.41875717871482843  0.42908927518074286  0.43931747389082176  0.44936096736113990
  0.45936257920779794  0.46954476395362071  0.48005964872828955  0.49068577499926352
  0.50108391428354682  0.51170350696148781  0.52250905699160699  0.53360822544297770
  0.54436484683977082  0.55521727882396010  0.56569692088694368  0.57600028171095219
  0.58631461901120985  0.59678527362838651  0.60751729711600788  0.61867063698042724
  0.62993739065832943  0.64108388923574422  0.65167686704440775  0.66213893168975702
  0.67249013331233742  0.68278912645377043  0.69308087256626616  0.70333125865651391
  0.71343975419189531  0.72358714591620654  0.73407878274994232  0.74454463144305472
  0.75455451162054976  0.76444502903567446  0.77435256858417711  0.78549228065408938
  0.79697984447120540  0.80846072234929278  0.81951753204132272  0.83073832275130666
  0.84191920421144018  0.85261809413874390  0.86347390555769832  0.87453468832990011
  0.88565642823783897  0.89647211331419729  0.90713989972478870  0.91769849284767913
  0.92805635588243995  0.93841963722013655  0.94853256736415392  0.95848492357298243
  0.96816212356082809  0.97823412503949680  0.98886091136864418  1.00000000000000000
 -0.00171118741957275  0.00874511404948692  0.01854584791541570  0.02875976230289887
  0.03951760903916884  0.04957066920941286  0.05946529739394646  0.06915332548131602
  0.07868850273440164  0.08821064277426005  0.09798203105464166  0.10835186992674052
  0.11941375283368316  0.13045154854381946  0.14096420134446644  0.15097819313568406
  0.16096249132244927  0.17139244890275840  0.18236776336367111  0.19358582453968959
  0.20467723306786412  0.21559938573094239  0.22644678622663542  0.23726569657265406
  0.24797740316105754  0.25869791869414560  0.26942461445960608  0.28014147564853598
  0.29063568655766586  0.30084013716036390  0.31077691280645342  0.32060682554835385
  0.33045669871136757  0.34087737140704616  0.35185486259436061  0.36296160510801173
  0.37385461293646954  0.38485440839054424  0.39607480283970176  0.40760273383403889
  0.41867295444549635  0.42920761994781165  0.43925899479291014  0.44937146578554699
  0.45972826084359703  0.47018842823677892  0.48105213068601971  0.49215334646700792
  0.50341344575029967  0.51412859249214904  0.52432653755854686  0.53420989617239623
  0.54440650915723310  0.55510644210233695  0.56560508117345143  0.57597552548620701
  0.58659135472457413  0.59731628067584519  0.60756166986437976  0.61771069284707136
  0.62816290262389096  0.63890443709279299  0.64965892413124848  0.66051561128995906
  0.67174072996467116  0.68273086135025451  0.69315575694642317  0.70363021387717162
  0.71455201075649444  0.72550799547171696  0.73578789305575021  0.74609402764998001
  0.75658035040696714  0.76706999435302170  0.77733855990524625  0.78808750852269160
  0.79863826608288846  0.80912327923392635  0.81921161122847985  0.83023179293620741
  0.84136057391810259  0.85231053568723969  0.86257112712950168  0.87295853308688998
  0.88380082936738846  0.89519316981696628  0.90632467859256594  0.91735163983873835
  0.92806377665669693  0.93823964293058104  0.94823623084705000  0.95837536415575419
  0.96936799752218317  0.97992474937993490  0.99014022015016523  1.00000000000000000
 -0.00210075774855201  0.00904631580537930  0.01911114882363278  0.02926133747562109
  0.03935001784632153  0.04941406597360985  0.05930569590023127  0.06933876680729506
  0.07953658778018563  0.08997622739817167  0.10087982642027901  0.11170186204543617
  0.12259964723527403  0.13347781894762989  0.14435735176006348  0.15536364658456520
  0.16626408170939747  0.17660846126423446  0.18652905312580559  0.19658231766173603
  0.20729581712465156  0.21855560851896930  0.22991862275536479  0.24100093739329390
  0.25176315551781736  0.26257663483365168  0.27362470299057778  0.28508417973297517
  0.29628264497297579  0.30718639952373333  0.31781598099434150  0.32848402970692120
  0.33920838903998102  0.34981604040730646  0.36038541890143566  0.37106181926892423
  0.38252148161779931  0.39407177953356154  0.40483425445354582  0.41508740653805826
  0.42517000933289256  0.43536412163637123  0.44554901889691484  0.45563663162053269
  0.46551031217457506  0.47542366134536573  0.48568877078143008  0.49612324123274187
  0.50630136534198944  0.51635915677673916  0.52650566489357742  0.53676563853900139
  0.54696168115643118  0.55707020507964422  0.56722902902102212  0.57749580839114267
  0.58814078188923813  0.59902228925685230  0.60957873934631646  0.62000955879029318
  0.63082080633672755  0.64195790862862423  0.65287104171614596  0.66382711597110122
  0.67487760223746229  0.68617110085333044  0.69705496388975441  0.70764555894030567
  0.71788534935300108  0.72810890359117675  0.73846135485737541  0.74885049068943244
  0.75925446485725645  0.76980913642226589  0.78057735272633633  0.79106585410508368
  0.80158571037021376  0.81197925889316402  0.82281879199475627  0.83363270453192750
  0.84439489634021614  0.85503944513620300  0.86584608942530272  0.87675002089243959
  0.88743103518230337  0.89783771727274064  0.90804120861848459  0.91789773316780821
  0.92764652323310615  0.93800005782748497  0.94906425210870782  0.95988394038039149
  0.97022188126557851  0.98013797737096309  0.99002259143289473  1.00000000000000000
 -0.00237410625891086  0.00948517380544596  0.01936524869389438  0.03015692662563417
  0.04056803118324609  0.05143755606258453  0.06227954552999149  0.07315726827058343
  0.08341030933083358  0.09380345288749842  0.10417686013044275  0.11462101661960200
  0.12454492495702561  0.13533437071121923  0.14551773258938003  0.15573007836830055
  0.16545178754428841  0.17635649293988453  0.18748716380215835  0.19811780068014892
  0.20871697116475169  0.21886185125488894  0.22919214323839110  0.23924373178817970
  0.24882022921669456  0.25827906012316132  0.26754075766586338  0.27736967416162911
  0.28777802302630834  0.29847395586937925  0.30935914488097316  0.31949790583695342
  0.32927294675462271  0.33894145925067481  0.34900828391039485  0.35962277304053886
  0.37066126082374573  0.38144079918690993  0.39184644454966350  0.40194619695246125
  0.41198231342468850  0.42193767016712702  0.43163937786121676  0.44136414108644084
  0.45129993966083731  0.46148595972675943  0.47178390542135723  0.48216200918233720
  0.49248757831325202  0.50285889426197228  0.51341888891819065  0.52445450422848838
  0.53604643903898208  0.54773978644835908  0.55919372977835025  0.57031914052609556
  0.58107561141654096  0.59136747142798995  0.60142006278896487  0.61176068025608499
  0.62256884087070175  0.63348667044190077  0.64424078520027506  0.65494552665689354
  0.66583720340149011  0.67670162353613850  0.68729322258413672  0.69759420303596320
  0.70793568893621106  0.71854194646239400  0.72927857646365357  0.74026292465031884
  0.75151830665555408  0.76302074570806766  0.77445442755081928  0.78577855954971232
  0.79666749884948418  0.80724819645729473  0.81794920855560072  0.82872123018955512
  0.83919087261365288  0.84935593515447971  0.85945815631392930  0.86977182982652990
  0.88012503029208111  0.89089826152820062  0.90158171177234625  0.91234418591791000
  0.92281028611930982  0.93311686655289472  0.94383930782734848  0.95487308316039077
  0.96604325671983116  0.97739587748628376  0.98847432415005199  1.00000000000000000
 -0.00238047992977155  0.00949420013017499  0.01958778120292246  0.02944361683622737
  0.03918555322151852  0.04903652799840893  0.05915124348274103  0.06936749071836147
  0.07961732884145692  0.09058615939882812  0.10199660917812360  0.11310069978108321
  0.12416168051862930  0.13513562086818570  0.14632354823118118  0.15728638895992580
  0.16813739116033041  0.17890226477383286  0.18942177553571402  0.19983501898590714
  0.21033885552092613  0.22102312145003222  0.23174387893056805  0.24218702630134364
  0.25248019719906217  0.26321878631158724  0.27417328559197607  0.28519504476833518
  0.29561511900397097  0.30583951824648559  0.31625159764820276  0.32707181541326569
  0.33737813125161231  0.34770744424362310  0.35864346155553589  0.37007344766574701
  0.38087897280925664  0.39112208026818107  0.40185565140832713  0.41295372830217103
  0.42357092229436621  0.43384094841938248  0.44371999502010034  0.45371998277778119
  0.46398628766067856  0.47474121855849449  0.48563745341859399  0.49647319952283286
  0.50700083883352431  0.51738991704245263  0.52752706753783940  0.53778024742132202
  0.54829020150974261  0.55896141512668795  0.56968620655239732  0.58043340671137444
  0.59121947555904586  0.60180562488112321  0.61225264826811254  0.62274845050172056
  0.63336795355043540  0.64397812206667115  0.65425028295626186  0.66431903412263149
  0.67478892633435350  0.68559978923081788  0.69652944695702512  0.70718181506609146
  0.71762219514945980  0.72781758455232481  0.73808967633586442  0.74838592666612180
  0.75868850307100943  0.76899961983306075  0.77938718815398633  0.78988632809878745
  0.80021644436874750  0.81051027275318754  0.82089233369122816  0.83126616453097135
  0.84204877996922423  0.85289241920784808  0.86346634687417489  0.87434549872646050
  0.88576790326531685  0.89680048464628925  0.90709905575446892  0.91723185904050897
  0.92790735398459845  0.93844553968379940  0.94889281140518023  0.95889636001063439
  0.96910418305950874  0.97956597894350983  0.98994111595845380  1.00000000000000000
 -0.00229556187924945  0.00953258479322064  0.01972259227214211  0.02977971886168219
  0.03959162654825721  0.04952809792582586  0.05945583662048688  0.07008935016721547
  0.08046588270322011  0.09051020588020997  0.10093160378664182  0.11164600652423443
  0.12259081059447119  0.13301584219941329  0.14350466631116718  0.15412475741907650
  0.16466889081801428  0.17484855656470669  0.18483967274979160  0.19505533740356285
  0.20567253136789543  0.21685056642294806  0.22798210755800141  0.23931412535162661
  0.25029695863513063  0.26117700247931058  0.27126848049762092  0.28125328811041056
  0.29161194324105244  0.30215930949299480  0.31244063455151072  0.32274880552818669
  0.33324242747011168  0.34410626088671398  0.35525156319469953  0.36653058668074884
  0.37760011054792919  0.38817974555882012  0.39880325374182590  0.40944492292229062
  0.42015091066005245  0.43088501556930325  0.44159969743148308  0.45213749965546923
  0.46266374279841516  0.47337316745855895  0.48413819995086577  0.49473747671245544
  0.50531405140453700  0.51589363685596812  0.52621029896096116  0.53608187884362490
  0.54599007937136379  0.55602911686906353  0.56676667187006058  0.57781842879650547
  0.58868140260258695  0.59915377979829909  0.60954979209708959  0.62037522399675482
  0.63108539993211432  0.64196481816259765  0.65276289063984683  0.66314986962780365
  0.67302817589366071  0.68262724329241620  0.69277226411589921  0.70355854537152618
  0.71450988101207158  0.72478672094066865  0.73516049521692717  0.74571408987452970
  0.75650979998951939  0.76780090472225038  0.77871162037552466  0.78986691598997250
  0.80044634834249839  0.81098315212649041  0.82167417786849961  0.83204412894312374
  0.84272959088785848  0.85329971374978431  0.86405713486867597  0.87473527186338706
  0.88522430015575015  0.89579120567738513  0.90614624426110923  0.91627803365699545
  0.92599118825810134  0.93570381971671668  0.94569107231669836  0.95610049569140643
  0.96662416161739118  0.97719591681368378  0.98845147090590268  1.00000000000000000
  0.00960840564743016  0.01547797050410869  0.02489547992373077  0.03640091276142345
  0.04746577898665030  0.05830325116864903  0.06889780691447532  0.07931199400497468
  0.08924508406644567  0.09860162967985980  0.10812144715433111  0.11783170701683496
  0.12758830236018109  0.13773964084489437  0.14819058104114027  0.15913461549439994
  0.16987044437577395  0.18051102158322369  0.19071738807535732  0.20097048740627080
  0.21143897184189500  0.22197954960441257  0.23236541534999222  0.24267861745899266
  0.25323011038636545  0.26400562886986756  0.27499146610196012  0.28600585496130948
  0.29709652066853814  0.30878843413480445  0.31972850658231922  0.33027980639499727
  0.34051035734881402  0.35131872732592828  0.36210531856895772  0.37268655546934054
  0.38319405303053672  0.39385574947635971  0.40482625554352303  0.41557566902407606
  0.42601607879617642  0.43651393175033582  0.44659922416335035  0.45690087625506265
  0.46659227701298434  0.47613473763595909  0.48553994810895301  0.49503639605727562
  0.50502081301429846  0.51538822972474430  0.52626176795025204  0.53719220914845789
  0.54734755075824271  0.55758276058036660  0.56818509957068042  0.57917816840424996
  0.58960972565123748  0.59992956349497506  0.61009041162144384  0.62002853854132400
  0.62970054422668043  0.63940696976455402  0.64907710966316745  0.65907057474620001
  0.66893880965367292  0.67947132872971328  0.69005617789374551  0.70128779253538764
  0.71241267654375695  0.72327678761585823  0.73404721813967599  0.74474160850526561
  0.75565172334414843  0.76652415471365887  0.77753702521011070  0.78842333689534039
  0.79834692206552971  0.80791281919827485  0.81782749242999020  0.82845849086561540
  0.83932658644181679  0.85016040134007653  0.86084958483223695  0.87141306454614365
  0.88182737746472062  0.89222361621188628  0.90308259252928447  0.91360704986149799
  0.92401837621062233  0.93405200467117755  0.94400752966721746  0.95385760584087775
  0.96395498364093823  0.97455893023255735  0.98654676068187730  1.00000000000000000
 -0.02078354611684410  0.12284017497298769  0.16194667311501199  0.18466964160477900
  0.20236099398101126  0.21692910230737061  0.22956266705552122  0.24078823704941488
  0.25106736082407960  0.26057465823762072  0.26965303243827993  0.27831047644418494
  0.28681028924027707  0.29493322037414560  0.30265549324830782  0.30986778413930044
  0.31657335401183617  0.32305159500019043  0.32963591663154462  0.33641025102270927
  0.34327546040782464  0.35000317748809784  0.35663585329231701  0.36321215372574089
  0.36979681265914005  0.37616310240079920  0.38224454412884173  0.38825204830620830
  0.39424865105495388  0.40016098236516034  0.40605367514589291  0.41183929920998835
  0.41754994896466718  0.42297390160798864  0.42817978922298416  0.43331689786606342
  0.43843789367135538  0.44364512400588479  0.44895336294645394  0.45420438343888120
  0.45953936815634311  0.46482587358092836  0.47008254526749677  0.47526515969151995
  0.48035017109308192  0.48544645620964239  0.49060119712189976  0.49587897384412638
  0.50127984831682948  0.50658682659234100  0.51206621475621394  0.51764726855539034
  0.52333128221310243  0.52883473027516126  0.53408982714327369  0.53917904975427200
  0.54420733960671075  0.54931584203677231  0.55454169675310983  0.55975265703152821
  0.56511452218739389  0.57053246411161485  0.57606495864676222  0.58167560394944540
  0.58737501316898633  0.59321199120217150  0.59884412764722628  0.60450893972260777
  0.61033030319433201  0.61625698386442551  0.62227536610043643  0.62843001837692214
  0.63472043543217171  0.64104810340901464  0.64739677394132145  0.65377469784305087
  0.66026251551224702  0.66694812814247584  0.67384461906507298  0.68101243604470629
  0.68849719297621326  0.69599135059830053  0.70352812419625144  0.71113581064034825
  0.71944932196489508  0.72822717216428789  0.73769961599279310  0.74737112800438166
  0.75761712653796276  0.76881792402057147  0.78177353239824687  0.79692379909109734
  0.81488502464631696  0.83758740365022621  0.87513527651421008  1.00000000000000000
   6.7241029614750087E-030  -1.0000000000000000     
 F F F F F F F F F F F F F F F F F F F F F F F F F F F F F F F F F F F F F F F F F F F F F F F F F F F F F F F F F F F F F F F F F F F F F F F F F F F F F F F F F F F F F F F F F F F F F F F F F F F F F F F F F F F F F F F F F F F F F F F F F F F F F F F F
  <DiscreteSampler_grid>
  grouped_processes
  1 # 1 for a reference and 2 for a running grid.
  10 # Attribute 'min_bin_probing_points' of the grid.
  1 # Attribute 'grid_mode' of the grid. 1=='default',2=='initialization'
  0.0000000000000000 # Attribute 'small_contrib_threshold' of the grid.
  0.5000000000000000 # Attribute 'damping_power' of the grid.
 # binID   n_entries weight   weight_sqr   abs_weight
    10   10   1.523604177772451E-016   8.766418261015151E-032   1.523604177772451E-016
  </DiscreteSampler_grid>
