  0.00512742725515410  0.01495593047972349  0.02658681127543893  0.03827844330528059
  0.04950966711939869  0.06047657500374397  0.07138385475460557  0.08205486082007012
  0.09243897719966759  0.10272249206928234  0.11315118191155792  0.12366262271081495
  0.13411884477470071  0.14465656950681713  0.15540679061091359  0.16637554847952846
  0.17739359594084853  0.18839995750110858  0.19934438798961807  0.21015685194607844
  0.22072013890851488  0.23135141660697084  0.24192596489983398  0.25235239726275605
  0.26280807413006713  0.27337102501234345  0.28385972484262240  0.29409437312114983
  0.30429540851571951  0.31455701796108854  0.32491485110853197  0.33544828973116375
  0.34593336174967970  0.35622192155286597  0.36633724811435586  0.37653501610457124
  0.38680324589389303  0.39690446830523102  0.40692499834139684  0.41701604882953114
  0.42740698595864679  0.43803775375527226  0.44870945782402738  0.45927140328709759
  0.46976021927611766  0.48024103792382700  0.49095619094973936  0.50181240554971152
  0.51264846692233712  0.52317764957793556  0.53329415964616689  0.54338356588201864
  0.55332475796396297  0.56344574533735392  0.57370996408930819  0.58424838557515901
  0.59493117444406030  0.60553634238205778  0.61610831742770100  0.62666110960872667
  0.63705785766578804  0.64752314128447297  0.65797983150640382  0.66846474860479055
  0.67888770586308256  0.68927529599199577  0.69965989038199938  0.71011365364288814
  0.72067252621093558  0.73118846454008424  0.74153766853800840  0.75181214730165380
  0.76206429480653481  0.77220000783805343  0.78218021792826509  0.79219086692345941
  0.80234308815115651  0.81259463732264048  0.82293983195209253  0.83340812968374112
  0.84396731416226700  0.85445910500016709  0.86481695157860539  0.87512445998545596
  0.88550980121629352  0.89602943900249610  0.90633899834561282  0.91654217705929331
  0.92658246339737216  0.93654267028803173  0.94641821429090567  0.95597012925742730
  0.96540807443059251  0.97439792132313552  0.98323712245540351  1.00000000000000000
  0.00449141226330649  0.01637813841097360  0.02870967149801677  0.04100757355776199
  0.05263743886399527  0.06385732999585320  0.07483655570354070  0.08594007921461169
  0.09724691052823392  0.10824418924591847  0.11890160500599817  0.12936485624083277
  0.13993891769420347  0.15041098289961094  0.16072584296873813  0.17111070313105450
  0.18181400555196772  0.19261550677180334  0.20381996038627773  0.21501049186381913
  0.22610684858590493  0.23686940981453547  0.24739301258048119  0.25794428413068826
  0.26837312611617509  0.27904114046084810  0.28971706131706898  0.30025859579616565
  0.31047065827970993  0.32054094703826741  0.33063754482772217  0.34085001874290821
  0.35119324093870796  0.36119273187046158  0.37108576942487886  0.38110075035521079
  0.39139571636293752  0.40178652875303611  0.41211324575255504  0.42246409686401515
  0.43283398937605622  0.44307670336767740  0.45326533575255340  0.46347103448651428
  0.47366090750650530  0.48390776373989836  0.49422688746887233  0.50464838680522051
  0.51507750500067728  0.52551536985014091  0.53603085015518015  0.54665901548509044
  0.55728785343448506  0.56780043077196718  0.57824686092349886  0.58878577181330205
  0.59922814653102174  0.60937728531411173  0.61940083434880544  0.62969253499444422
  0.64036158717342828  0.65082622274080115  0.66098142015997530  0.67098980124306817
  0.68113814261274508  0.69135650166950713  0.70159093567050601  0.71185025166681148
  0.72214635019901263  0.73235679848009749  0.74243595836290077  0.75254786837814558
  0.76273999109099888  0.77300578440777024  0.78328767432686852  0.79371140227310222
  0.80440766313276379  0.81504690894052656  0.82545004727840676  0.83571455480337653
  0.84603600347213059  0.85638363646307947  0.86652675977566995  0.87652763510885456
  0.88656766220614025  0.89659626175398099  0.90641479385951729  0.91598390635940785
  0.92551913611490955  0.93512934585731011  0.94476887583139690  0.95439117552352193
  0.96392548735724848  0.97327775504811365  0.98246886972164482  1.00000000000000000
 -0.00218400041120501  0.00910971920519734  0.01889490350588557  0.02950196215690533
  0.04034664911680361  0.05168691685391769  0.06282479823584221  0.07370152564357929
  0.08444954782991911  0.09501493486742021  0.10540471036017345  0.11565138604115563
  0.12595172684069311  0.13626769218507714  0.14646634723582996  0.15640358504632265
  0.16640604530869285  0.17673030208515941  0.18741951397781134  0.19837190478626926
  0.20926569759340685  0.22023547305826635  0.23113756542320318  0.24191183535996949
  0.25261408316770489  0.26318540906501675  0.27378657118270922  0.28420465339217998
  0.29448663451058293  0.30491904452927943  0.31540916127449081  0.32607548114218710
  0.33655590314671174  0.34714642456758710  0.35763690355921907  0.36838275340121596
  0.37910295044594811  0.38977433266447142  0.40026612654766480  0.41082595495651958
  0.42139852772181813  0.43196334527694086  0.44239724370209399  0.45281684999799826
  0.46340869374906479  0.47381196536837938  0.48429352520122676  0.49464194626579727
  0.50505296507027919  0.51536148928205505  0.52550008419655503  0.53571141903858754
  0.54604765638730390  0.55657646758089430  0.56719211088016430  0.57762255178844213
  0.58803800489550728  0.59839706209026022  0.60868127359057111  0.61894010198283500
  0.62925495377524832  0.63974550170933941  0.65020273508394177  0.66054654369871380
  0.67100566210354839  0.68134842009136354  0.69178810698625270  0.70227792605530226
  0.71275659848274142  0.72325128580007825  0.73375431816524850  0.74441842618824017
  0.75504945413619873  0.76563399574972046  0.77628042020937948  0.78673687060035702
  0.79715556162981061  0.80749256838800221  0.81790462008771547  0.82834073748581183
  0.83889565934873755  0.84968714015766655  0.86052701501071682  0.87140508874456735
  0.88214669596320627  0.89294869643938291  0.90384900554023284  0.91473386787581512
  0.92539544376053640  0.93609587439371800  0.94677300285821908  0.95769724692775737
  0.96831863750912217  0.97891178774559962  0.98949154346943802  1.00000000000000000
 -0.00250310633226763  0.00997889596796505  0.02067900857296419  0.03171880416939261
  0.04256133413834254  0.05321095112165799  0.06391561439114660  0.07454654358936413
  0.08516375477458138  0.09540009373112235  0.10587565582061946  0.11634055550067142
  0.12729183748959358  0.13818665918187678  0.14913406676696186  0.16006953030753329
  0.17106721788668316  0.18220809003234587  0.19289980035413179  0.20352107549202089
  0.21428437738183650  0.22484335276716519  0.23524247262247258  0.24541342715098624
  0.25591748432550232  0.26646624259426083  0.27694438612564609  0.28724946483700570
  0.29773002550518779  0.30820070316337828  0.31857186519054298  0.32892671214283603
  0.33920548681671425  0.34947998866119478  0.35958012017603552  0.36964631021650757
  0.37961045397202969  0.38938000545335533  0.39917462176980456  0.40910205420092022
  0.41922026021628117  0.42940732293249018  0.43958265806837399  0.44973348115137546
  0.46003956221438375  0.47042650846215978  0.48068890420533916  0.49075309761378422
  0.50091416171668346  0.51131388999413474  0.52188125791123008  0.53241820953118080
  0.54325583409908540  0.55462111306991080  0.56596855862043038  0.57691863265480525
  0.58774937107909653  0.59847660755582854  0.60906642390378696  0.61940154789356328
  0.62990120667081007  0.64042168085584350  0.65096513389810173  0.66155991553179816
  0.67207056831354839  0.68274562619252965  0.69350231910031601  0.70423602592554391
  0.71477115983973316  0.72528404288763437  0.73576864333309888  0.74624361524703575
  0.75672365757212878  0.76739412377451655  0.77792590566191044  0.78842102862399521
  0.79896259050324026  0.80959966587954213  0.82040421328728508  0.83109417475558989
  0.84220986839174949  0.85331828760072825  0.86408016445607205  0.87480720132807621
  0.88488538675192752  0.89544706800518004  0.90632554280936239  0.91772783558550186
  0.92843145810426331  0.93872678907609541  0.94890879964971031  0.95924242637704071
  0.96946421118838710  0.97938389940019299  0.98964675443441685  1.00000000000000000
 -0.00199101607254717  0.00940659248847199  0.01931173051043850  0.02968027248091913
  0.04002118010759193  0.05059579439132847  0.06124711177189354  0.07221089406552160
  0.08280301604574802  0.09345019636354505  0.10377041016202913  0.11419912163493028
  0.12428122265778428  0.13443906011894050  0.14478943287854526  0.15532383673998765
  0.16580843201243609  0.17641530966660393  0.18681157953739624  0.19763608646697625
  0.20854095085345747  0.21974680497262514  0.23083730778082281  0.24180816101795904
  0.25279972419595304  0.26368034164549642  0.27442003665542891  0.28515659048052833
  0.29576051316190621  0.30614711538283945  0.31648803802869896  0.32683276207911827
  0.33738065211943630  0.34797536885289743  0.35867113343881818  0.36943732505338156
  0.38027374850948187  0.39095854435495403  0.40163080505295196  0.41216967941266147
  0.42257491807862446  0.43306236934982684  0.44341939465789471  0.45374818980297321
  0.46404154511955098  0.47449105703132932  0.48477521834086273  0.49516369314013808
  0.50564111575412574  0.51649889049524267  0.52705937792333790  0.53744099252156974
  0.54774224541664207  0.55807098222435714  0.56848210303224367  0.57881777794548328
  0.58930837779606271  0.59985182306085405  0.61036030483246662  0.62098271485967016
  0.63180552859280803  0.64296794551541170  0.65397524153066278  0.66492227711577823
  0.67555822362896145  0.68604753697037413  0.69617449531177467  0.70635808359367414
  0.71673311344583324  0.72732784601605371  0.73806725752725000  0.74880773941446199
  0.75902861117307918  0.76922377283473176  0.77938183701598340  0.78955156162822870
  0.79951907680399503  0.80959499047364114  0.81970672596262817  0.83020357007937884
  0.84050042010431514  0.85099341411128326  0.86155486974859785  0.87255780429788210
  0.88333683047385014  0.89382173738429815  0.90403644454044652  0.91491826566528101
  0.92559855463315621  0.93646302961076522  0.94682413915607189  0.95726253706184961
  0.96784660928313770  0.97853697751368518  0.98923259225408477  1.00000000000000000
 -0.00223521714417254  0.00922965572267245  0.01901442991133504  0.02924904625315111
  0.03953511840494826  0.04971299995581399  0.05988250854747131  0.07016873037070705
  0.08036342459406014  0.09067994009000531  0.10110007169735723  0.11166614381476388
  0.12211880697532683  0.13258936687041251  0.14314089498209101  0.15386373132315131
  0.16453135398580648  0.17522639126544304  0.18575285731487987  0.19590928373730276
  0.20590692895337570  0.21601052230247661  0.22615802107880167  0.23638341990318210
  0.24649220790329116  0.25682213703674728  0.26727668724588743  0.27791472903364262
  0.28869665374208336  0.29946605590151881  0.31016653356838181  0.32065952337691395
  0.33103806892274945  0.34135665098318418  0.35183439069253480  0.36267739948462757
  0.37370273508291652  0.38456572211422557  0.39522698132368994  0.40573598261791471
  0.41610801465460767  0.42620964824366508  0.43629237649422126  0.44646043970321919
  0.45674373260438955  0.46708004802372682  0.47752443907227249  0.48809403792621908
  0.49877848445844919  0.50942716233683927  0.52009672263440465  0.53086455335241067
  0.54153080208374371  0.55215347967178230  0.56272627947155707  0.57337695208336947
  0.58394702630439144  0.59435781279468325  0.60502052725634869  0.61586860940500587
  0.62653943017503577  0.63685836365280646  0.64732536812125752  0.65804827743747996
  0.66875084880635949  0.67934069502177541  0.69006141988002634  0.70108392908970918
  0.71208958091427477  0.72283281107990482  0.73343454646927209  0.74380367259938474
  0.75423195082948646  0.76493070821104381  0.77585341968618227  0.78688082448902308
  0.79786580517075800  0.80880876766325838  0.81966026812610493  0.83046381918170975
  0.84123200926937247  0.85181315509357181  0.86231442795983182  0.87278522725372276
  0.88341878635569382  0.89408168102882180  0.90469291995775292  0.91524855589293153
  0.92584258602219982  0.93654707460517705  0.94718615644712079  0.95764462103329417
  0.96837148083016267  0.97880938571577558  0.98952695542408153  1.00000000000000000
 -0.00254545806923346  0.01006984012716969  0.02063729232255118  0.03143330470120956
  0.04206234611043691  0.05288681733315151  0.06363925381196427  0.07414348754050473
  0.08449156976286526  0.09490544608545688  0.10535521856551153  0.11582208003204969
  0.12624318916885641  0.13675194254280093  0.14736122159718715  0.15808587631280693
  0.16883569035685955  0.17971568924556236  0.19048183233332980  0.20133785078034538
  0.21209235664909470  0.22278872043847020  0.23345097475468268  0.24392673039125770
  0.25455521833080319  0.26533142468413684  0.27606171812981012  0.28694930236985500
  0.29774237711550849  0.30827727287902335  0.31845039817597409  0.32832472572044191
  0.33860014333897076  0.34931253596922596  0.36000665483784561  0.37080783503450399
  0.38130385021746604  0.39181025590641450  0.40209325377416777  0.41231426688098871
  0.42257304555118613  0.43282196306505849  0.44326243583655839  0.45376933723656471
  0.46432685696501769  0.47483446302323995  0.48532417687073504  0.49576929725009194
  0.50610268088270227  0.51647791011227040  0.52675970767968328  0.53707558980338987
  0.54739593612731352  0.55781799306502300  0.56817117588876132  0.57819312317043103
  0.58831468557607458  0.59871501865044574  0.60944217492036246  0.62001772166796942
  0.63054173529412438  0.64141807308130738  0.65261119473092677  0.66363137708680597
  0.67419882129368347  0.68462010846861532  0.69498911607658920  0.70569396580903265
  0.71656834297643535  0.72748334938108916  0.73823797503969113  0.74873123356499927
  0.75922213042463738  0.76952228701841607  0.78000587224583651  0.79048373849133002
  0.80113676565240721  0.81165936055299681  0.82238198492519932  0.83293325483627445
  0.84347505099816245  0.85383361722406603  0.86434362058817238  0.87498151764102639
  0.88563832576629797  0.89629366254051324  0.90651129620406024  0.91672773833565147
  0.92733265781118879  0.93816767678797697  0.94865573861740815  0.95906002998695650
  0.96941030221758850  0.97987990909355205  0.98986082429060873  1.00000000000000000
 -0.00246328103942833  0.01014545752671112  0.02068042524249123  0.03132256980572493
  0.04207061704478748  0.05296120614141203  0.06384925131575317  0.07443213744731059
  0.08520361127539827  0.09604172575805871  0.10660792521808743  0.11706458365234525
  0.12745475154895375  0.13815975557954971  0.14875898135013285  0.15917026819815580
  0.16940106587344839  0.17941668447275946  0.18947790371025344  0.19989531555278151
  0.21049622645907978  0.22139786914717191  0.23238789445970184  0.24360757260625077
  0.25443487952085386  0.26514631394192861  0.27554701995519454  0.28598229522004398
  0.29640838949732728  0.30709492526584781  0.31768942951668439  0.32834398294968320
  0.33890352319684103  0.34945859291563797  0.35964340941917811  0.36967939271309158
  0.37974271756610761  0.38987015585728263  0.40024034135519748  0.41104357733287672
  0.42182319346434005  0.43275627924363363  0.44332175518396022  0.45396216390797389
  0.46434554052187332  0.47480379712937493  0.48506476548922822  0.49556399806647972
  0.50574856379421662  0.51615210364975128  0.52639179138501457  0.53686111186011076
  0.54745023650442493  0.55789720042869095  0.56851147074533614  0.57900128037941945
  0.58947233858998249  0.59987115505735600  0.61035215306598556  0.62123878124393195
  0.63215347831341229  0.64314984370044903  0.65377818463160675  0.66413796420574056
  0.67424494472989838  0.68424234244548843  0.69442709737584707  0.70491024541742864
  0.71569550473049581  0.72668061095165049  0.73759615277376911  0.74839111371614297
  0.75900756401107661  0.76950483289016280  0.77981237318755892  0.79019884817285357
  0.80075240191305153  0.81141692496974327  0.82194170111828835  0.83232985131707871
  0.84280086930975529  0.85321905193130509  0.86350148415067629  0.87380062476459264
  0.88436519656620438  0.89494560405793178  0.90543001895523090  0.91590170460041753
  0.92659721794564953  0.93707331339452005  0.94732300901581257  0.95751307847804468
  0.96807160139495518  0.97864023416323365  0.98933536371647945  1.00000000000000000
  0.00959826900329854  0.01601680781358887  0.02551955164617887  0.03651714256883026
  0.04690274271779681  0.05708851318702347  0.06743739897813490  0.07784318103503737
  0.08833939171565945  0.09900549433058495  0.10968366311312600  0.12033098254522623
  0.13083189385794008  0.14135763772459944  0.15180947213383650  0.16217118702630923
  0.17254872937004648  0.18298958378728275  0.19354088731021096  0.20428079273373001
  0.21498458467823320  0.22571878793664338  0.23663597449033874  0.24763713400234727
  0.25859488613472498  0.26954010963935571  0.28056567517019654  0.29148919719524924
  0.30216751721772594  0.31284546616842873  0.32358812637726991  0.33426833586039706
  0.34463686688926953  0.35478343009120000  0.36494213466542308  0.37517726227636417
  0.38554690922276263  0.39606352567793129  0.40667664553230970  0.41743309084772645
  0.42817613215644446  0.43870880203243579  0.44897008857979848  0.45919391862842807
  0.46956773505771343  0.47993941325812078  0.49031343201171562  0.50065781442845136
  0.51085112066738048  0.52096193711066840  0.53097387921180739  0.54109197700683720
  0.55130439801860109  0.56161405708298173  0.57220667566229644  0.58297387345223439
  0.59361054001159774  0.60409657277235929  0.61435528034520559  0.62452525147202254
  0.63468090909119002  0.64481332703312277  0.65535616627736870  0.66600538642760232
  0.67661445751354687  0.68731034983880213  0.69799209407642326  0.70856804814343877
  0.71870360251362098  0.72902662965674581  0.73977360470487252  0.75081960718410001
  0.76207667161868642  0.77317759360808103  0.78407883763220232  0.79445016781429512
  0.80491940654419214  0.81534979938102015  0.82609414272716808  0.83672340654067157
  0.84744793720370271  0.85775719301459818  0.86812605826851763  0.87829927355003035
  0.88881426938957975  0.89919389985380316  0.90946081171349324  0.91970798636666362
  0.92988308061098501  0.94000357450808270  0.95004296899550966  0.96012320653225447
  0.97048986271321502  0.98030798294226151  0.99127364305728272  1.00000000000000000
 -0.02009219902849459  0.12162033312986560  0.16032812666909854  0.18359173967274661
  0.20153740667858178  0.21646987848263527  0.22951509503738973  0.24120871734255253
  0.25200694270721441  0.26196046382834876  0.27150090526415860  0.28028897127227187
  0.28883099734151707  0.29687442914832823  0.30464976586465869  0.31224174091796791
  0.31951196399306980  0.32659553481959702  0.33350434440267962  0.34022996808263201
  0.34683159938784219  0.35328056183756784  0.35956337724455262  0.36572520538545622
  0.37186788385528857  0.37786470599340266  0.38375151529445145  0.38960148304280978
  0.39538362889470302  0.40107244453739704  0.40669145187818773  0.41228532816054264
  0.41784182641874307  0.42330566115614726  0.42874109211695111  0.43416875185492410
  0.43956122350097471  0.44493612889239548  0.45028808840740575  0.45561754042237634
  0.46092355164205417  0.46619102852882732  0.47142185587356727  0.47663025310718515
  0.48182270095604596  0.48701999555781073  0.49220574178670101  0.49738100158271270
  0.50254619557797731  0.50771682318773248  0.51286129428329863  0.51798354752931863
  0.52310955678573245  0.52826832817838165  0.53346162337316472  0.53868724948878166
  0.54396933112988055  0.54930846445762305  0.55469744790729514  0.56008583427994296
  0.56552339213590774  0.57101461610212467  0.57651069908761976  0.58200722658866888
  0.58757540789509244  0.59320608745062520  0.59886904786161954  0.60459808968708151
  0.61040416947772425  0.61626780547715243  0.62218955700035816  0.62819214501097109
  0.63437030937436079  0.64059822745625039  0.64691715645436265  0.65333757070323417
  0.65986975780332868  0.66657270723911488  0.67353162576116299  0.68060388268747007
  0.68778945378929057  0.69530931553721609  0.70296952880731645  0.71095270268716948
  0.71943000308557692  0.72822745046390591  0.73774099844571039  0.74759071971761237
  0.75845017041767226  0.77023821389299463  0.78355982034503846  0.79860097601594626
  0.81648572894053417  0.83939359553460435  0.87734155159645821  1.00000000000000000
   1.7477108209730217E-036  -1.0000000000000000     
 F F F F F F F F F F F F F F F F F F F F F F F F F F F F F F F F F F F F F F F F F F F F F F F F F F F F F F F F F F F F F F F F F F F F F F F F F F F F F F F F F F F F F F F F F F F F F F F F F F F F F F F F F F F F F F F F F F F F F F F F F F F F F F F F
  <DiscreteSampler_grid>
  grouped_processes
  1 # 1 for a reference and 2 for a running grid.
  10 # Attribute 'min_bin_probing_points' of the grid.
  1 # Attribute 'grid_mode' of the grid. 1=='default',2=='initialization'
  0.0000000000000000 # Attribute 'small_contrib_threshold' of the grid.
  0.5000000000000000 # Attribute 'damping_power' of the grid.
 # binID   n_entries weight   weight_sqr   abs_weight
    10   10   3.116968175005964E-023   1.949456021757817E-045   3.116968175005964E-023
  </DiscreteSampler_grid>
