  0.00452112055231488  0.01639709757211955  0.02830442651790138  0.04018535858822778
  0.05127164931723414  0.06213361669724080  0.07293058843328208  0.08350886936507593
  0.09398585376782012  0.10441976089245014  0.11496344112148972  0.12555893410815822
  0.13628909150332164  0.14704438204936457  0.15763166853002422  0.16802438528989075
  0.17842467102013707  0.18898579728231779  0.19956684936041438  0.21019421152626241
  0.22097613812364966  0.23178421503759422  0.24235139064861144  0.25274645164788184
  0.26316448094098832  0.27366761694713859  0.28421623653896438  0.29472621903782414
  0.30530563790652937  0.31603267649812855  0.32693361203817389  0.33778151148627134
  0.34852107088828910  0.35920078704282754  0.36990956029785399  0.38053399313044567
  0.39114781457645115  0.40182470661300329  0.41260739799976837  0.42342385339606886
  0.43416234195320136  0.44465440749269097  0.45499961199933248  0.46534442920976787
  0.47571921389039978  0.48610857054517498  0.49635882223391431  0.50645156045733819
  0.51652216710599441  0.52682425944408595  0.53727652553676530  0.54758545786767465
  0.55771900962399612  0.56792690415948988  0.57818028694136570  0.58846583413666986
  0.59870612974560322  0.60884250901235415  0.61885542373862767  0.62887189786694264
  0.63903954017435749  0.64936284284399126  0.65974015316787682  0.67020392624365777
  0.68093112105298348  0.69185419868451081  0.70292705950859913  0.71390524366191044
  0.72451107538675719  0.73490238113012396  0.74530483449050455  0.75584834057796524
  0.76643891665960473  0.77714190433984820  0.78788266964713327  0.79865240404455462
  0.80931247621923974  0.81979226813121564  0.83015547664881906  0.84038806489357465
  0.85054120472891903  0.86070053103320010  0.87077484005061123  0.88098184297083770
  0.89112062440135598  0.90127101929351816  0.91116099480255253  0.92114051249502316
  0.93112554313065798  0.94111421840211440  0.95085369798921127  0.96067910238672660
  0.97061361354421860  0.98048104141494663  0.99035165825478000  1.00000000000000000
  0.00500487468378539  0.01473196506936739  0.02653242143859321  0.03816150012499501
  0.04925147422885603  0.06015512845781164  0.07072754964385995  0.08111563810507134
  0.09169189410026234  0.10220390824817385  0.11276251813285923  0.12315793796500946
  0.13364980962482059  0.14430303478117215  0.15511768341166138  0.16608026469923554
  0.17661034954587682  0.18704505346578695  0.19749909654746847  0.20809853775574469
  0.21866122921080317  0.22910472594477457  0.23973744513338616  0.25045499822111150
  0.26159118633571993  0.27281704197355167  0.28411778309575492  0.29509423707855209
  0.30600049016438513  0.31660374384421025  0.32676678110736068  0.33691724762825659
  0.34715896933534435  0.35755720140512859  0.36765367685785894  0.37782496559623768
  0.38825951718431762  0.39882402775150827  0.40939900164974680  0.41986001519795507
  0.43018340195854599  0.44046446393883665  0.45065177113073840  0.46097299824131327
  0.47137822323923989  0.48199197148109296  0.49304129327674323  0.50399707282758499
  0.51476567106381454  0.52535827982013616  0.53603868754039963  0.54677849833821679
  0.55728216566716438  0.56751478882626061  0.57758098364432919  0.58774398028649433
  0.59806392732314573  0.60839972439951806  0.61864559174119504  0.62891977585525483
  0.63926665845589981  0.64965576040435569  0.65997413924835380  0.67029725218530745
  0.68070715196304543  0.69110010564736946  0.70147203565447191  0.71186988548233021
  0.72233242546201915  0.73277511313917654  0.74306947128197187  0.75322492985064993
  0.76336813254327074  0.77360200536762325  0.78397722317537910  0.79447249703195710
  0.80494986078298725  0.81516106019023582  0.82498710360509042  0.83464422336690758
  0.84435339858485448  0.85430823202224215  0.86444911456621165  0.87460807776790472
  0.88478816580574438  0.89514444926289038  0.90574714901315023  0.91644523062620531
  0.92671549903726036  0.93651547593410656  0.94616679040033702  0.95577726072903102
  0.96518413102346845  0.97411202040574441  0.98287024217790442  1.00000000000000000
 -0.00228836627686605  0.00978875680253718  0.02023076006707734  0.03097447669384741
  0.04172485520204610  0.05218040314880562  0.06280099372788782  0.07349085688530523
  0.08422432673652795  0.09464688400087082  0.10500401846941645  0.11547354218513067
  0.12599758953063397  0.13644721443031854  0.14685652182373399  0.15718990197494595
  0.16756768517490567  0.17791929834394823  0.18825635124846513  0.19861621596978732
  0.20902847121418988  0.21953811792880371  0.22989489058062065  0.24054936455513390
  0.25125499615351732  0.26202834647106421  0.27262302891710105  0.28315854899750953
  0.29348272710391438  0.30382218441039521  0.31428097472717764  0.32494714004957326
  0.33524634296160094  0.34562261178860665  0.35606266454131602  0.36665345241490327
  0.37732395531519192  0.38816726977570737  0.39887647400690396  0.40931466345570466
  0.41986769001727764  0.43055945831527576  0.44107108530521033  0.45135490754062807
  0.46171460359898742  0.47253571650771875  0.48323313323769229  0.49423127666839162
  0.50504486125103043  0.51574536728093878  0.52645167378093660  0.53702758704435249
  0.54753020758994275  0.55794996042210276  0.56865273072154721  0.57941852123410020
  0.58995536453386399  0.60025052181463712  0.61079805043977542  0.62153099895801545
  0.63242579378906250  0.64334062257575875  0.65403967884053171  0.66451068616870690
  0.67501440334245966  0.68539608775697469  0.69587767859405825  0.70634134311456809
  0.71679643349877087  0.72705443242664913  0.73688960014861382  0.74710614791538266
  0.75791719187776929  0.76881160469661447  0.77938035137746942  0.78969438881775300
  0.80031478331384320  0.81085026391499648  0.82110710606190096  0.83114181365086004
  0.84161564037394065  0.85200931882481301  0.86233848940848234  0.87240855980279819
  0.88298854862581844  0.89354986079353294  0.90394730623564268  0.91417810697912461
  0.92463866979036446  0.93514287370087734  0.94583842963106912  0.95668018539365285
  0.96726023076935341  0.97813268841185752  0.98893766839416919  1.00000000000000000
 -0.00174680694726448  0.00974881640919181  0.02009561928511713  0.03047130790257913
  0.04083645768641570  0.05093545001016392  0.06143402777087088  0.07161234617407949
  0.08175542375424479  0.09204375975546877  0.10242312290133199  0.11269543530306061
  0.12281151928001519  0.13312922768260474  0.14362163914027007  0.15385584583631107
  0.16390501525689491  0.17388932706021920  0.18401694515804753  0.19451790930586332
  0.20516260202145492  0.21612742512555744  0.22689453728560677  0.23755412672694540
  0.24805597156550976  0.25863125481538002  0.26917367438440654  0.27968485210415739
  0.29018195423630683  0.30090670639681394  0.31158045018228769  0.32209068191416385
  0.33254631750323926  0.34297721898625111  0.35355655826179821  0.36440253342641721
  0.37529247978667096  0.38627092037187249  0.39726646758077233  0.40815369729871287
  0.41899470075896550  0.42923490128109332  0.43971525561264851  0.44978113404339698
  0.45987831131919515  0.47011377815557392  0.48056101315768068  0.49104631996908127
  0.50157122607596427  0.51224363789660521  0.52279356243714314  0.53333851879991889
  0.54391338037549419  0.55470788146668526  0.56544696061452360  0.57608913337007528
  0.58687923784745610  0.59772475013396720  0.60852866021069152  0.61872825182091051
  0.62873145046600509  0.63870610176044784  0.64879263339563142  0.65910859829766588
  0.66943483295931505  0.68011607138201680  0.69082906358619645  0.70145440710711371
  0.71204422285517899  0.72278147252702740  0.73358275898786518  0.74438411120585746
  0.75502465935545671  0.76576766350861991  0.77644074147268305  0.78712597543806284
  0.79754945175653691  0.80808915030531081  0.81850216626943173  0.82869642354257922
  0.83881058549727872  0.84930009421431030  0.86010942623618680  0.87128318665886550
  0.88222172690409439  0.89324661499442304  0.90400095363290112  0.91462254941400667
  0.92528780766944840  0.93570569955083638  0.94634790358302645  0.95674797431763869
  0.96751453704657209  0.97827818381869092  0.98924004125026554  1.00000000000000000
 -0.00232115711388863  0.00926227514554762  0.01915009507903062  0.02950066855812910
  0.04023477461007786  0.05102257680394105  0.06182293286548997  0.07184879223321247
  0.08208260227236203  0.09204123642695225  0.10200392737919053  0.11205551555794677
  0.12244660024941974  0.13305069819232276  0.14355904948750009  0.15389982582967104
  0.16437450565362285  0.17496531804529353  0.18573526859330144  0.19658831875402197
  0.20743655978812686  0.21836382162305584  0.22924515844343549  0.24028158687194723
  0.25132977090829034  0.26239174393729497  0.27339684760028604  0.28439994022413867
  0.29549456382232192  0.30665830397550770  0.31785240223600891  0.32893850431273985
  0.33977493816260695  0.35039637098219156  0.36093618179889214  0.37145529739340621
  0.38188114421443198  0.39222224718638621  0.40251974900953208  0.41274663324788413
  0.42279997703666206  0.43277520175972489  0.44297756251007020  0.45344415457882098
  0.46404270159638406  0.47473025814994751  0.48551711902339861  0.49640861966055105
  0.50708766207968403  0.51753338030098084  0.52775903745283881  0.53803777750477999
  0.54844793927503144  0.55889763569792150  0.56933183540808030  0.57970549905445778
  0.59026268506633894  0.60080423265189986  0.61131261484869404  0.62189621392028749
  0.63258901206785434  0.64328447759952367  0.65376844925722200  0.66419669234395096
  0.67487226090607777  0.68542117800154501  0.69579620411890786  0.70615828556581317
  0.71680301957578474  0.72762544416189701  0.73831117303644667  0.74891271798673298
  0.75948279159604148  0.77016511294835766  0.78095950060282426  0.79188797432365521
  0.80266602317423652  0.81323878841529718  0.82376698902278311  0.83459088997270303
  0.84570599050696005  0.85691230389794348  0.86780360232547726  0.87823278994653431
  0.88842977278537516  0.89858915144788665  0.90882869257647914  0.91898184907872149
  0.92903792195666079  0.93912186884902327  0.94941997165400205  0.95965556378624750
  0.96982715398071417  0.97984022789973302  0.98995345856440564  1.00000000000000000
 -0.00250365390385914  0.00935766258894063  0.01961303827308596  0.03025130414935422
  0.04094467648995935  0.05135242671800295  0.06153074750562178  0.07185372143886287
  0.08229429421195147  0.09331757106946940  0.10391001496564474  0.11463616455023609
  0.12489116175670113  0.13548364624616183  0.14612319720333819  0.15683546082842773
  0.16775089606695243  0.17832122723341637  0.18849863320314061  0.19890794760913202
  0.20928855620595765  0.21994345641762270  0.23043725957699365  0.24113205071810137
  0.25185389623023324  0.26247753120705009  0.27307146315601671  0.28364172111275870
  0.29455408259632293  0.30539163780802930  0.31586268367982112  0.32581512132241053
  0.33582117186619548  0.34574392044981778  0.35573594942034620  0.36576653100196488
  0.37581512272551637  0.38602251722089009  0.39632669129955389  0.40686652766801917
  0.41747698713477299  0.42789628266946966  0.43838004573248907  0.44886077204869718
  0.45942858528483288  0.47010956199022630  0.48081651210405857  0.49162185873030384
  0.50250866165101205  0.51365541430480521  0.52464905825916952  0.53538544487672846
  0.54592581615300240  0.55631644297902150  0.56700672948512798  0.57784642543951492
  0.58861769159404698  0.59904786693328482  0.60962591653740128  0.62004769287693984
  0.63034614972654524  0.64051927557783739  0.65093045382681114  0.66149303454551833
  0.67189904977359716  0.68226263148540234  0.69261819173416428  0.70312283577237233
  0.71346802074794335  0.72413869328449143  0.73478031681047051  0.74572883519955269
  0.75652985229781611  0.76724323252268078  0.77797900437694367  0.78860582198277063
  0.79930478890184753  0.80987584645970401  0.82053045575517869  0.83122671599288911
  0.84192864221215569  0.85248315527267304  0.86313862255652496  0.87374683881327309
  0.88453289373995692  0.89530835734948955  0.90648001821219315  0.91750654214731320
  0.92843096832214256  0.93898116474093118  0.94941402719475099  0.95972931968214070
  0.96974235250806584  0.97972127342927862  0.98979100990131275  1.00000000000000000
 -0.00274841019692863  0.01069468168419424  0.02140168256460300  0.03241257625733685
  0.04318576968824570  0.05449857125681593  0.06556148995643007  0.07661944147588710
  0.08752372984451418  0.09851474827728668  0.10919018561420335  0.11948141186704737
  0.13002409592324182  0.14071158650149126  0.15178212430850008  0.16259328753843816
  0.17319679363148840  0.18328742307386978  0.19344153602761327  0.20352824513750423
  0.21372557965659980  0.22379529668081163  0.23414959563235355  0.24476477547294781
  0.25538512408649539  0.26602706955586097  0.27657636292784110  0.28720912192646070
  0.29747685615965702  0.30777443230518081  0.31814867974797845  0.32849832120091721
  0.33912380561098326  0.34961037115725663  0.36035007466085722  0.37087136354412059
  0.38135720333443246  0.39193246123083381  0.40231094742650891  0.41254898314946314
  0.42285100549041393  0.43330763567318920  0.44384180498519976  0.45447552804604613
  0.46505307965684628  0.47580877628544910  0.48648409116767849  0.49709745537961852
  0.50731968314526432  0.51732100455978758  0.52749448464481530  0.53770730203735195
  0.54790066778938318  0.55809908748247750  0.56830605240666943  0.57877690662975012
  0.58913088661871715  0.59950700555449432  0.60968452262632322  0.61981391996066459
  0.63013379209653331  0.64061139209274354  0.65107417034387305  0.66164086204837624
  0.67231117820956099  0.68308090568733471  0.69363532544638173  0.70413812042452750
  0.71476610135283991  0.72568194051252743  0.73648248875801681  0.74719562749055479
  0.75745741199409977  0.76782461311508177  0.77832987774390949  0.78879935114239208
  0.79934711457979313  0.80987152712831390  0.82084653108325423  0.83173566009908073
  0.84234598064876232  0.85291271792526457  0.86353587976701962  0.87433002217260947
  0.88476022410020760  0.89515315868207668  0.90582937779248718  0.91628741857446871
  0.92690119752488775  0.93705575834489341  0.94743310942940684  0.95786758815912632
  0.96857248122850925  0.97920546539486253  0.98958628928281267  1.00000000000000000
 -0.00227362753963856  0.00958199739762545  0.01964042328816025  0.03039252310035864
  0.04095642298815451  0.05176500222081443  0.06242472118526079  0.07289882986721162
  0.08298854849879432  0.09278158342663559  0.10281775809464225  0.11310012725160329
  0.12358630520458636  0.13431164506729887  0.14493644879502091  0.15572036381029214
  0.16661131581704053  0.17739619656533817  0.18814368210185473  0.19870584977160508
  0.20937665415600626  0.21982335843427978  0.23016928922110669  0.24054076409130637
  0.25098812261475656  0.26147574158073983  0.27199850852090773  0.28262769192029991
  0.29327419056602877  0.30375618977468022  0.31429549884585900  0.32487878669568326
  0.33555072942962094  0.34631632332245010  0.35707289781967472  0.36771233945033310
  0.37814549413354037  0.38851238683870076  0.39882421781258814  0.40935134539262574
  0.41996471678347880  0.43087022519329088  0.44167937523380019  0.45235505671943937
  0.46305537446706979  0.47374072154274655  0.48440296505040881  0.49489114703938852
  0.50537450400855000  0.51580446222405252  0.52617242961479582  0.53653984360123352
  0.54703792661732553  0.55757123271144460  0.56814379598383757  0.57884500997087796
  0.58948130738479965  0.60008491803511710  0.61066845492167365  0.62120405124184319
  0.63156238712947776  0.64191585993932987  0.65240641809796085  0.66275709843444275
  0.67325365426138828  0.68396304060668611  0.69481990102916447  0.70561481541176274
  0.71637058974706969  0.72706649227881459  0.73765912280566293  0.74831568270730009
  0.75898374808427427  0.76963406692889458  0.78022755279959133  0.79079778078289287
  0.80113325618300857  0.81147227138881994  0.82177769437138970  0.83220247421856053
  0.84266548573983335  0.85326714554806471  0.86370641632813594  0.87391224712427573
  0.88415269582285727  0.89457493584871650  0.90500098668010109  0.91535593251148251
  0.92584152027177946  0.93626764573714050  0.94689509340800970  0.95749949360436570
  0.96806256875000474  0.97880567184695522  0.98930648781735886  1.00000000000000000
  0.00953155022774393  0.01575104722575608  0.02501402039527465  0.03617252201848983
  0.04674828799792512  0.05718249780171009  0.06751323586663269  0.07808049213330744
  0.08860682559843011  0.09938212696704853  0.11004009052859558  0.12043660181894111
  0.13104933513417968  0.14173136876564374  0.15216410366714658  0.16251092008615226
  0.17273105336643838  0.18299815375791631  0.19315447808632163  0.20324136071274332
  0.21360265308151985  0.22398015282607886  0.23455036083687086  0.24512730068643168
  0.25585922441604891  0.26670380705853552  0.27716598491239247  0.28758948412447155
  0.29802423249257631  0.30854317201465092  0.31899138752528500  0.32938666172385794
  0.33983488637967374  0.35045901188085599  0.36123457611224408  0.37211775339687819
  0.38278536654315543  0.39323696423396565  0.40367733546768092  0.41428204604096713
  0.42475771216222225  0.43529022221004132  0.44585615699446052  0.45635436735618068
  0.46675487409136862  0.47705076295915205  0.48733017999258221  0.49758249521311737
  0.50773374741608901  0.51785367796061221  0.52788898596272116  0.53779296845152824
  0.54772253027638862  0.55762173660511483  0.56762675807880814  0.57775181040243007
  0.58798410257217670  0.59861457364684234  0.60939644861515430  0.62014041297465916
  0.63069696494147498  0.64112357059348934  0.65156592569346727  0.66194134201307886
  0.67231112556146633  0.68262212500710895  0.69280495178050183  0.70284325206153331
  0.71287648324145969  0.72294580381493712  0.73309637831416874  0.74329907053351407
  0.75345197578545842  0.76363688571347998  0.77387501821887750  0.78411461910712232
  0.79449125637609541  0.80502942519962950  0.81569546450735475  0.82623890939675126
  0.83668826672586094  0.84704768051559665  0.85726134054216774  0.86727404019856391
  0.87742184393497802  0.88761530202775007  0.89778549574438671  0.90789936194895482
  0.91819068490289657  0.92862147530236505  0.93920348971504564  0.94966790520759281
  0.95996953191164602  0.97022416287486291  0.98039740328622471  1.00000000000000000
 -0.01850473082359796  0.12078441915873771  0.15933560150104870  0.18246336734579344
  0.20046181293727425  0.21562331353317965  0.22894742126318884  0.24083423512835975
  0.25172999167012639  0.26162107541743534  0.27110984613118788  0.27991725956874020
  0.28859116539887186  0.29672891469149809  0.30450805099370098  0.31209460966239422
  0.31937452260471944  0.32651748279093745  0.33344235135087441  0.34012335062748339
  0.34665462718349621  0.35307051020490909  0.35936988113002322  0.36556617385114643
  0.37170164724955507  0.37770736116546477  0.38365015114815587  0.38958597162262337
  0.39544212858937372  0.40115290880364801  0.40675485619398866  0.41231814452588578
  0.41784975283902687  0.42327927052846409  0.42869257196633753  0.43409785580814814
  0.43949151045848983  0.44485229413456512  0.45016549626194469  0.45543352968418227
  0.46067421404907349  0.46590546066714250  0.47114977897486493  0.47640468776844080
  0.48165272610927107  0.48688970922743624  0.49209861084355050  0.49728278681396054
  0.50243627403746061  0.50759038830902592  0.51278506474504415  0.51800512158546819
  0.52328253855086837  0.52858695022450997  0.53388416926358828  0.53916108051994527
  0.54442647831269242  0.54969556470591407  0.55496202809014450  0.56021330591626228
  0.56549099306449691  0.57086526070827648  0.57624804823128639  0.58168153766310982
  0.58722153089550344  0.59283312017268597  0.59846991228963919  0.60415931973967074
  0.60995251842996145  0.61582256766973542  0.62175445133135154  0.62779278648785164
  0.63395474073439506  0.64023026467369148  0.64661264690206277  0.65315204665080351
  0.65977201665593421  0.66653251242257361  0.67350222538331195  0.68058762874397671
  0.68776427058078227  0.69524989412640958  0.70293594700833384  0.71095947745828636
  0.71950174362681785  0.72828161929962920  0.73775510541864842  0.74760052370912689
  0.75844652117463240  0.77010965231409756  0.78318878503349254  0.79812552366310663
  0.81600548278240859  0.83912416797661527  0.87683995115092805  1.00000000000000000
   2.3881459854795583E-036  -1.0000000000000000     
 F F F F F F F F F F F F F F F F F F F F F F F F F F F F F F F F F F F F F F F F F F F F F F F F F F F F F F F F F F F F F F F F F F F F F F F F F F F F F F F F F F F F F F F F F F F F F F F F F F F F F F F F F F F F F F F F F F F F F F F F F F F F F F F F
  <DiscreteSampler_grid>
  grouped_processes
  1 # 1 for a reference and 2 for a running grid.
  10 # Attribute 'min_bin_probing_points' of the grid.
  1 # Attribute 'grid_mode' of the grid. 1=='default',2=='initialization'
  0.0000000000000000 # Attribute 'small_contrib_threshold' of the grid.
  0.5000000000000000 # Attribute 'damping_power' of the grid.
 # binID   n_entries weight   weight_sqr   abs_weight
    10   10   2.281839154925807E-023   1.353601351475487E-045   2.281839154925807E-023
  </DiscreteSampler_grid>
