  0.00508414986243122  0.01611343710045376  0.02825027077190934  0.04032187660608929
  0.05176235263312277  0.06294114262473285  0.07405920348678795  0.08502044799702162
  0.09598723772834679  0.10691699309674930  0.11783824578444976  0.12883843554028865
  0.13981537239442968  0.15057244574829209  0.16105047451536147  0.17165942943451803
  0.18235077537686190  0.19281842640372227  0.20315094964375535  0.21367056679794030
  0.22435588466428341  0.23486046084161491  0.24511878944353413  0.25547568684103628
  0.26591501465131567  0.27625222618998674  0.28653371063273453  0.29702704376500710
  0.30771447542521935  0.31843943370387939  0.32908210656982695  0.33959318779509556
  0.34991453585394761  0.36014325446278145  0.37038393049925500  0.38067736632996541
  0.39108877290485294  0.40162948877395460  0.41225321351256444  0.42275108801956596
  0.43308245134939077  0.44337372154760296  0.45373918825693343  0.46433870890183232
  0.47515737765174376  0.48620116732027352  0.49743438081198765  0.50857559054782686
  0.51948584130682429  0.53014657231297002  0.54064396728836883  0.55108906182030026
  0.56157610748319831  0.57231987496883385  0.58319437000185781  0.59406103046286451
  0.60493925738556009  0.61571796855250660  0.62636487662084628  0.63673034023466857
  0.64695614800231238  0.65714351467377086  0.66746912492944621  0.67800375109219191
  0.68851491573681678  0.69888327766448988  0.70922946228626638  0.71972056152381936
  0.73035747783333593  0.74098432141606119  0.75148167279890221  0.76181801666066429
  0.77198211268406480  0.78214881374045575  0.79250972378087381  0.80311449689112357
  0.81385712954232770  0.82451141786394577  0.83496412549085208  0.84515266531782263
  0.85515278382258986  0.86511653115164477  0.87522661280025293  0.88560107760109230
  0.89594071654613683  0.90629149189280067  0.91648609285196980  0.92672608528988565
  0.93686159414773951  0.94676754174368449  0.95662424130618862  0.96606061057385673
  0.97520282546159964  0.98390190006571165  0.99242389107910289  1.00000000000000000
  0.00517906346767878  0.01527378860537042  0.02698929329846981  0.03854512844396559
  0.04940400889845808  0.06018383819504680  0.07109720391262707  0.08208513691141767
  0.09311195139486396  0.10408164098363523  0.11526636264000178  0.12653907228857345
  0.13797104916616765  0.14925341280139420  0.16024307105432326  0.17108743305904817
  0.18174149310076790  0.19264006861182639  0.20355866740061415  0.21446267438311742
  0.22519581287446222  0.23579313137000077  0.24646065801160771  0.25722814584887321
  0.26792846222754502  0.27867788469394722  0.28973938522883619  0.30081008033192413
  0.31188043543317640  0.32239445234282282  0.33321161473891958  0.34369614449945712
  0.35407112368315824  0.36446107715350173  0.37507962513421372  0.38614120315695999
  0.39703299272953763  0.40775419666173790  0.41811904539988665  0.42840570757555346
  0.43890948882857561  0.44951303150043170  0.46046505997443504  0.47137945417367411
  0.48208357995256490  0.49256667478187610  0.50303796131502265  0.51347801051353748
  0.52369138826708139  0.53383507021959031  0.54396977207509134  0.55421581782691953
  0.56447939571875605  0.57488992577378051  0.58541000527311593  0.59577114631316352
  0.60609943698063840  0.61660943977399185  0.62727556397901740  0.63821025554297439
  0.64917886893844001  0.66024351111550161  0.67103586969335527  0.68156928644408832
  0.69212689112970782  0.70266874486349873  0.71308054590797543  0.72353414750823575
  0.73411854221105199  0.74486717158840865  0.75556793841679293  0.76599521689215078
  0.77606027276929568  0.78578121585472516  0.79571330521096695  0.80581281120420267
  0.81608846618457198  0.82644102662810770  0.83691936354757535  0.84755721430495967
  0.85798087908536891  0.86830053210515667  0.87852127977950600  0.88870256183399310
  0.89881964082606092  0.90854968289007521  0.91832351123627620  0.92800446255185920
  0.93768105509551025  0.94713084920864099  0.95650441888654447  0.96579765059076439
  0.97498960650240762  0.98376109303026138  0.99245262270829215  1.00000000000000000
 -0.00207729283232016  0.00983664512628796  0.01999610564240171  0.03043275176671929
  0.04078267570565323  0.05100727619779220  0.06125109523186014  0.07143518172999788
  0.08158049756305991  0.09181331001499740  0.10197118855695861  0.11245681413180797
  0.12315475648529446  0.13381235621223772  0.14438059392916117  0.15487561596113320
  0.16531275708008969  0.17582244578819026  0.18632467801971841  0.19704592291847842
  0.20763579536782903  0.21785908686652827  0.22816195073239531  0.23851389329734785
  0.24910078002738392  0.25943229849622457  0.26976883612621777  0.28015051694107129
  0.29076130897135322  0.30152583615162998  0.31233876742121114  0.32314288880696040
  0.33391728084079381  0.34431289701092294  0.35484524048230365  0.36524332322862629
  0.37565048477341356  0.38597427652427879  0.39637472200013218  0.40674857626657612
  0.41719116652555976  0.42760173576431743  0.43792568274491317  0.44807278706936532
  0.45817833234935534  0.46865328060598233  0.47902439536509472  0.48931281391128828
  0.49979430197375380  0.51068259728941645  0.52168165503058417  0.53234543523086186
  0.54321226404926048  0.55366163369493060  0.56440742835816204  0.57472885063378421
  0.58530738457501819  0.59564022279739004  0.60584413397888681  0.61608802779817451
  0.62627575464285479  0.63662101355434242  0.64707079348570529  0.65798645265536326
  0.66859731879496964  0.67938249042542354  0.68991806513438148  0.70076500235304995
  0.71138312676128834  0.72210238047731601  0.73288924331782190  0.74378073616615170
  0.75458100545631490  0.76548037347486853  0.77644850703032986  0.78739969349567285
  0.79812361636000639  0.80844536466701100  0.81883969275531665  0.82927836894129392
  0.83978824258137608  0.85010248498513419  0.86037447225712071  0.87079861727179309
  0.88141973491020054  0.89229618524580889  0.90273002129632851  0.91343944860240756
  0.92436277654513788  0.93561913457793477  0.94636637256623390  0.95714473494765262
  0.96807574319102840  0.97891412978186165  0.98947573458800209  1.00000000000000000
 -0.00251670223062428  0.00959919310477188  0.02016240371977121  0.03071315228822745
  0.04129200037574619  0.05186300412708517  0.06232222224935086  0.07257526917628060
  0.08279118572433290  0.09321912569080890  0.10380414824145177  0.11434695182256580
  0.12487256941148024  0.13514665678333032  0.14536194311634057  0.15572927151994093
  0.16600491405018158  0.17621806663000952  0.18647599165318068  0.19717261672402817
  0.20786145661606995  0.21816655380874364  0.22839728033884307  0.23883238181270275
  0.24961693157547507  0.26054628950128011  0.27170806829290700  0.28278398274982069
  0.29394136821789080  0.30527047903188237  0.31649420993576183  0.32783256672935196
  0.33918091920647919  0.35042274704114423  0.36115025615595836  0.37189393044988350
  0.38275797916071730  0.39340961240402250  0.40396976325652195  0.41427636640708460
  0.42464855731701712  0.43489840084598891  0.44522830557285792  0.45563384083531788
  0.46604055218094020  0.47641491517508006  0.48672006176326604  0.49703693744824101
  0.50716029876725666  0.51736902839394672  0.52762692269085409  0.53799402137685270
  0.54812869901773698  0.55835458812755345  0.56870200543937199  0.57901550499530441
  0.58900008417215877  0.59886124088229653  0.60909155618490141  0.61949049624498564
  0.62991824968287324  0.64007440502268931  0.65012275514515516  0.66041633485706930
  0.67079734780331679  0.68139644851223535  0.69188208132198470  0.70251053972358013
  0.71328119658933475  0.72425647324095521  0.73524567032158561  0.74640333736515585
  0.75720746895917457  0.76795353059808547  0.77857227440692989  0.78945562686562110
  0.80020051314694618  0.81083105733554961  0.82132241632698910  0.83202683097614383
  0.84246167986238529  0.85293339031322302  0.86331394796093297  0.87349615242971501
  0.88343135944080176  0.89336855835214013  0.90352980134409167  0.91389968523413678
  0.92427152634943266  0.93463443568118687  0.94517432329335593  0.95560887841612152
  0.96641040091348018  0.97731422338009444  0.98865717347293469  1.00000000000000000
 -0.00240473367420094  0.01034885255090226  0.02108462976178208  0.03221550240267654
  0.04323050586434833  0.05398282441001861  0.06444288658413710  0.07490491177190743
  0.08562198249630772  0.09661145864228131  0.10759913449978789  0.11850001908712038
  0.12930900348973706  0.14025306444640206  0.15102994735375980  0.16181484670055518
  0.17262329444900798  0.18339034442355295  0.19395490054734257  0.20443123290869264
  0.21485799171700629  0.22524285205390004  0.23556352322003607  0.24585351026816898
  0.25640144371035034  0.26710575242874063  0.27796439415929236  0.28879143930804702
  0.29965271962097134  0.31059624508990363  0.32156433619044666  0.33250773591728539
  0.34329070135526818  0.35375727855663969  0.36395198066444706  0.37403707320649643
  0.38415974157560362  0.39431242044099002  0.40445228654207016  0.41457285915944925
  0.42485624099068858  0.43526439940054412  0.44571787185502215  0.45617667690586716
  0.46665531031444518  0.47706583430934829  0.48719348904034249  0.49717627319919694
  0.50741792959328957  0.51794898962670521  0.52842918033351782  0.53884447033505301
  0.54929772450322001  0.55982018370944586  0.57030872033912128  0.58074769293777351
  0.59175023847765373  0.60273265282093558  0.61327924502612952  0.62345926991041956
  0.63362767726617697  0.64381534970847054  0.65393731851109582  0.66398473263550473
  0.67430320205245642  0.68481388046765768  0.69539369074580859  0.70613678982550887
  0.71671367057506397  0.72731710980768050  0.73772776045098143  0.74802459956942768
  0.75849147525840543  0.76895523810807431  0.77990139989271445  0.79082416302226077
  0.80164721058197852  0.81244217433218568  0.82324257534496503  0.83382929868654920
  0.84415048663194925  0.85441511031881201  0.86464967410105231  0.87512535855072637
  0.88572726066170837  0.89652799889957435  0.90690499367436173  0.91697012653658361
  0.92711243830558898  0.93736140871358864  0.94783079486307864  0.95821324798728780
  0.96873580405481774  0.97904250717775509  0.98957536475605923  1.00000000000000000
 -0.00221354817953547  0.00859844779592213  0.01778127645834335  0.02759131530853967
  0.03720807300252137  0.04704644267411583  0.05723488922882881  0.06792965934373139
  0.07877337764370584  0.08964551090232709  0.10029889466388947  0.11106430966776927
  0.12187588188734683  0.13282439775933891  0.14375668486680049  0.15456486255471219
  0.16544392627354115  0.17602532998915527  0.18665714887301171  0.19722732915304036
  0.20773564357062724  0.21835488047426860  0.22887708271530821  0.23962540935854676
  0.25033848068927139  0.26114579162719886  0.27176204027582679  0.28223662763464713
  0.29277553818663876  0.30337070669487048  0.31398519616574794  0.32439479824226436
  0.33484141872586543  0.34536921024123129  0.35595913899990600  0.36655397006078699
  0.37717448422330824  0.38801827181284310  0.39879609977640956  0.40939600889921735
  0.41980893980978412  0.43016378293250351  0.44057458361235141  0.45121751793139858
  0.46202792062771458  0.47287394915042047  0.48352928224019470  0.49414410118362689
  0.50458670898799352  0.51504547655569022  0.52547729022419265  0.53618983266237552
  0.54640786423741161  0.55637153210421852  0.56626217522767430  0.57627712310999579
  0.58642012566648027  0.59647473014216379  0.60671120172425874  0.61750914917679245
  0.62817087635561142  0.63872705469872770  0.64920706748566603  0.65972974421395847
  0.67012038129937124  0.68043136140021709  0.69090500954224332  0.70147292626000024
  0.71197393248892915  0.72228039469973204  0.73263400405296852  0.74262556672788260
  0.75270264186045965  0.76303092535335371  0.77365820674129859  0.78444539694183846
  0.79508978317528844  0.80590626968699397  0.81656869109537322  0.82722821224788046
  0.83794179074622566  0.84895849331216477  0.85996778264247542  0.87093361173841455
  0.88174252605332626  0.89253405019428411  0.90323692125227817  0.91394318616124137
  0.92471959707307771  0.93536855855084378  0.94602312353873497  0.95659942913397555
  0.96724192482175031  0.97804298201954676  0.98898283506393325  1.00000000000000000
 -0.00253381409897511  0.01017060961984409  0.02039994511186123  0.03117552023589669
  0.04168516583155538  0.05245910633392425  0.06300036280809763  0.07377780933755405
  0.08467607908568979  0.09553407244252309  0.10617287053847839  0.11640290522945539
  0.12661923187401466  0.13676732232245606  0.14710076425644208  0.15769345122236131
  0.16835445113226644  0.17911400568476465  0.18977426283997539  0.20049969897188868
  0.21116291989787303  0.22188669651052240  0.23257449932867719  0.24313402439081772
  0.25372607467251262  0.26435663272422988  0.27504130648892672  0.28563699669580889
  0.29637641496699568  0.30721719726214941  0.31791320458810995  0.32859432303771002
  0.33927936704981676  0.34978360657129465  0.36022357643143310  0.37069491708271984
  0.38142796109209248  0.39213878587011841  0.40277310268338085  0.41333967924040771
  0.42377759844189389  0.43416619217846042  0.44464453129536419  0.45523931415197239
  0.46581301491806143  0.47645295569761070  0.48691283918560796  0.49720172690992231
  0.50733858250003439  0.51738941413265727  0.52758525173888848  0.53788032957994725
  0.54832992110043099  0.55878194776130619  0.56924200397927871  0.57987483105787729
  0.59048583224591533  0.60098123952561799  0.61130211800059475  0.62160528270911797
  0.63194479115303126  0.64231398755674218  0.65290270195318245  0.66369570147997314
  0.67431075240492033  0.68470583532183804  0.69523008778626272  0.70569723884468605
  0.71628349673438019  0.72656486089684635  0.73723976741949837  0.74770893675103300
  0.75830614788081840  0.76891763514470779  0.77975588726830758  0.79082340531020312
  0.80183846401735215  0.81304636653210782  0.82406463050890855  0.83469231909625063
  0.84499919356490594  0.85535800641962167  0.86585876793079741  0.87616320552185756
  0.88648339454630820  0.89699129276165390  0.90762783172823447  0.91812182988739177
  0.92865119243810923  0.93914876977342754  0.94940616180694815  0.95959155507827998
  0.96979987146284363  0.97995370137029336  0.98998780987454293  1.00000000000000000
 -0.00203527051678010  0.00934118076357933  0.01941570916157858  0.03024564953810772
  0.04139166586656648  0.05201904917927053  0.06269880771701443  0.07316039387060917
  0.08371231781506541  0.09407189503197874  0.10463723997318683  0.11506311438833257
  0.12529556273356948  0.13540455642628707  0.14552185314419977  0.15553235823550476
  0.16561278910306282  0.17601445907702382  0.18660530958068022  0.19727478671784243
  0.20780833642165347  0.21822288762744768  0.22871377618299646  0.23918059397071736
  0.24974996797974858  0.26013060034351015  0.27061285339669167  0.28122887553373133
  0.29164031721049138  0.30187191436501232  0.31209944101707754  0.32253132355358460
  0.33294994199092875  0.34326200831567272  0.35357551970281709  0.36398617140343853
  0.37441865441136007  0.38495037965292550  0.39547252980434688  0.40599357149272330
  0.41638640107010894  0.42660076928862545  0.43689707582215975  0.44731467614250431
  0.45788289469339133  0.46841834222510420  0.47900110122549061  0.48984357751798124
  0.50077359013573719  0.51145490976021035  0.52202909784679541  0.53268936480515194
  0.54346723085261217  0.55452359838538345  0.56562895116274570  0.57662481649010155
  0.58760358653124845  0.59839848047891953  0.60901926460011513  0.61939168959164070
  0.62969630940951826  0.64005350152727170  0.65043449666608477  0.66089322001399553
  0.67119333197888709  0.68153341349740704  0.69191445867752333  0.70289448727950699
  0.71370995772810197  0.72456754674761292  0.73523412559206547  0.74598326262351766
  0.75651845944013918  0.76707795826649827  0.77764785628634536  0.78835467892661426
  0.79888060144851281  0.80948282099774072  0.82028731758670614  0.83119805739564623
  0.84234667873967262  0.85326683922830626  0.86383511722958495  0.87416003551666699
  0.88449465020426055  0.89478801550640308  0.90500561514354139  0.91511816112814948
  0.92543287366393623  0.93597074030578520  0.94656665054130518  0.95698396708628675
  0.96739587551158324  0.97796195669937591  0.98901756552284015  1.00000000000000000
  0.00969209706336197  0.01510335635057802  0.02413030320467922  0.03502167470261124
  0.04567920212039454  0.05615220001907502  0.06654483580548334  0.07684758821576199
  0.08733776364632984  0.09763029660215175  0.10770138312224653  0.11770991632901473
  0.12780279386720589  0.13842836510200091  0.14890850111226450  0.15922903669926250
  0.16961114303404382  0.17996734815765875  0.19035631060840774  0.20048376898950987
  0.21066943321619114  0.22094717943742392  0.23144885934525114  0.24180025991287893
  0.25229349288598574  0.26288612262923405  0.27352130363955013  0.28402687995697867
  0.29446238105729106  0.30498940115771822  0.31550360120726573  0.32604003705232409
  0.33670426976417517  0.34748689185196024  0.35840275623500689  0.36936780235848266
  0.38014027954385149  0.39059696615283063  0.40106236309779880  0.41138799527366693
  0.42175511210414085  0.43202662118189988  0.44228090649481783  0.45243673102782217
  0.46253418275760200  0.47285795192754171  0.48318058587341378  0.49343338717806351
  0.50362772855842841  0.51367616022171481  0.52383102076514010  0.53410210938091573
  0.54442648615315770  0.55482926196417126  0.56519562734732232  0.57571666562629487
  0.58634611260961533  0.59701015131004920  0.60781713958318340  0.61875474729343494
  0.62963823390949758  0.64029882514126624  0.65084048172947495  0.66143535268711040
  0.67197392141214407  0.68251729080893941  0.69308942288837816  0.70380832016188610
  0.71459537927801375  0.72534451364065555  0.73596176741195429  0.74643316254312997
  0.75728661394990071  0.76828059232477330  0.77917087518910211  0.78976195350454603
  0.80048141695108732  0.81109753799002859  0.82151689533864436  0.83172690605623034
  0.84205333183996478  0.85247376349379900  0.86299447642743043  0.87336127118869999
  0.88357373429741115  0.89405697362614323  0.90483616793511690  0.91556814288824917
  0.92608704302899203  0.93645670323541530  0.94696252800407166  0.95736405442024863
  0.96799097203635742  0.97870159026960346  0.98917466288729095  1.00000000000000000
 -0.02069829768337221  0.12185427216190720  0.16012067507516500  0.18298522699661443
  0.20086563712524394  0.21585107511511920  0.22901235341718787  0.24070280038900660
  0.25159503542332623  0.26149580235686581  0.27101658730008160  0.27980328468775273
  0.28833493188514675  0.29651404877342330  0.30436476048540190  0.31200877114478465
  0.31926292192862071  0.32634574731984611  0.33327510584333297  0.33997956756505521
  0.34653491044853763  0.35301993240704699  0.35934531245628087  0.36554084326785985
  0.37162331021190542  0.37757046000202471  0.38346658259358912  0.38933122208031901
  0.39513169126342174  0.40083298373052484  0.40647321534544073  0.41211338254018476
  0.41772228863228444  0.42326343611079270  0.42876652491808270  0.43423074208725992
  0.43964171414912256  0.44500248519467228  0.45036242957049560  0.45565127013935175
  0.46089522397197474  0.46608785921577056  0.47129550806300308  0.47652302665793111
  0.48173046337675784  0.48692316515639678  0.49208990208232073  0.49726807575236354
  0.50245373770595003  0.50765337878732719  0.51288511075217424  0.51811059730137299
  0.52331730173054158  0.52853195452211654  0.53376355399516906  0.53900316023992767
  0.54424836644081731  0.54951646341531335  0.55483000366631707  0.56019357369334932
  0.56560968341573703  0.57108262728252523  0.57654966286934872  0.58201578919523200
  0.58758578554451613  0.59321253837257992  0.59888758905827022  0.60463937263547518
  0.61048472543050070  0.61637753214734448  0.62229814984901766  0.62829951643597237
  0.63441320428221082  0.64061798075348897  0.64694898703526893  0.65348383036179614
  0.66015561689475533  0.66697292033351929  0.67395032517667097  0.68103914120377862
  0.68827559545910433  0.69584445796692118  0.70364174425566417  0.71170282632916682
  0.72018586359657677  0.72889137564305340  0.73836909618011737  0.74831784362763021
  0.75907940145679298  0.77076740446687508  0.78386554800660668  0.79884354471287511
  0.81672171253528159  0.83979655143621368  0.87811142196874892  1.00000000000000000
   1.2212729209282133E-042  -1.0000000000000000     
 F F F F F F F F F F F F F F F F F F F F F F F F F F F F F F F F F F F F F F F F F F F F F F F F F F F F F F F F F F F F F F F F F F F F F F F F F F F F F F F F F F F F F F F F F F F F F F F F F F F F F F F F F F F F F F F F F F F F F F F F F F F F F F F F
  <DiscreteSampler_grid>
  grouped_processes
  1 # 1 for a reference and 2 for a running grid.
  10 # Attribute 'min_bin_probing_points' of the grid.
  1 # Attribute 'grid_mode' of the grid. 1=='default',2=='initialization'
  0.0000000000000000 # Attribute 'small_contrib_threshold' of the grid.
  0.5000000000000000 # Attribute 'damping_power' of the grid.
 # binID   n_entries weight   weight_sqr   abs_weight
    10   10   2.775075014802726E-029   2.927392073511438E-057   2.775075014802726E-029
  </DiscreteSampler_grid>
