  0.00478363189787560  0.01583057167631335  0.02668251785346357  0.03823926957252738
  0.04913804639679076  0.05974884290876769  0.07022418975984186  0.08066325812744328
  0.09106171787988346  0.10137854701491092  0.11172184606534349  0.12210548084929142
  0.13255461158588738  0.14310563933497100  0.15380757735553624  0.16470083426454615
  0.17542802702619423  0.18604802464003964  0.19651846912616069  0.20695457741816375
  0.21732818804365173  0.22759867815362178  0.23792440228581901  0.24844398550697194
  0.25903148168336437  0.26962076529985141  0.28014532912067519  0.29076886077880304
  0.30123439109074351  0.31157456145496182  0.32174643170680589  0.33190864543859827
  0.34200919439014305  0.35209156656060991  0.36228134165656867  0.37265726790369597
  0.38331968607777145  0.39401562752609431  0.40487282694188781  0.41560734573937813
  0.42623076681330052  0.43646398760356947  0.44669018863905346  0.45702597244320314
  0.46771903350962302  0.47821669775771902  0.48840947938337564  0.49833455199109072
  0.50852878759774489  0.51891710473004449  0.52937983167120817  0.53967354697061176
  0.55010257801007334  0.56064932578183557  0.57133605558101708  0.58216349883921659
  0.59302631161682529  0.60367806752097575  0.61415813178158818  0.62464641170884827
  0.63535083401649928  0.64606929336308994  0.65674486315678837  0.66740218252595684
  0.67819870350875100  0.68892671060787303  0.69954714813817509  0.70995802203266012
  0.72020513018907639  0.73040651912413646  0.74059465354374199  0.75086324440443342
  0.76126648861607915  0.77180530738833053  0.78246148965601980  0.79312461123738598
  0.80363023937202649  0.81387537575880664  0.82396852414296740  0.83409521030473577
  0.84431893393839308  0.85448928755652498  0.86442386385973147  0.87423370975822112
  0.88407394962377994  0.89400922531886051  0.90411783497308640  0.91424933225744143
  0.92427933809916341  0.93423099219697692  0.94413589109916352  0.95379048702098856
  0.96341837758314153  0.97272716252895408  0.98193721057046046  1.00000000000000000
  0.00488456626953405  0.01494968508725705  0.02724822013401373  0.03933216459211529
  0.05110690403122923  0.06276825830624180  0.07377763468835441  0.08466103232966993
  0.09538811710311916  0.10615925192123166  0.11705416732758410  0.12791986824820184
  0.13903125745455186  0.15000925345954461  0.16113847661397210  0.17230118076261683
  0.18325835402078683  0.19408235929830239  0.20489222464166232  0.21580120616872370
  0.22660479436203060  0.23712737167132486  0.24763374498281240  0.25799067795272002
  0.26845608095268891  0.27904544894304617  0.28950036104481824  0.29983141190819051
  0.31022870120661494  0.32081001793506753  0.33135663647643987  0.34166461530729503
  0.35204621625551968  0.36249252143500404  0.37303014118054356  0.38351905400992115
  0.39365012753651835  0.40357749003248850  0.41348402840959136  0.42385305788972316
  0.43449597799504791  0.44512130367629033  0.45565350380060665  0.46634217310355158
  0.47734111650199001  0.48832004137121821  0.49905595556343979  0.50956965838041246
  0.52010020813485858  0.53070828750091770  0.54128032037998652  0.55177935917716880
  0.56221288199415520  0.57261749993149902  0.58304245527945664  0.59364443644249043
  0.60440628596664792  0.61516873252467663  0.62589211970899894  0.63646732063022060
  0.64681997855091433  0.65704209928783253  0.66725732995556564  0.67769393542015999
  0.68818131028683538  0.69848076159760852  0.70851104636271955  0.71843409243735312
  0.72837095773993776  0.73837174651144544  0.74846003417310358  0.75874541894355108
  0.76917315968282329  0.77962973453134765  0.79019569307513737  0.80075239391392106
  0.81111893976412586  0.82133460106423528  0.83157066981624805  0.84186916713795323
  0.85206248415664942  0.86208961732462330  0.87208999047209623  0.88211960148177226
  0.89216493296209154  0.90227756491733413  0.91241125684003299  0.92264845743861590
  0.93306250700362303  0.94334229909573086  0.95362419180265146  0.96364937722299526
  0.97345763071564417  0.98278804094174221  0.99226950396360136  1.00000000000000000
 -0.00220088889683478  0.00935969039975804  0.01952703304705805  0.02999303915332106
  0.04052989064696948  0.05110596588411272  0.06183405988475237  0.07225300499284322
  0.08248390731049073  0.09271602233434889  0.10298784556481913  0.11360750721629526
  0.12404427657366007  0.13462241988023621  0.14533589866496666  0.15602803762635195
  0.16676735981436644  0.17735100026699571  0.18811458191186486  0.19903083921604095
  0.20982711364242554  0.22037605485054343  0.23087764901740257  0.24150085417763770
  0.25215633996446257  0.26259031128287974  0.27316146373949363  0.28379157104160563
  0.29447650504201611  0.30504031194876180  0.31588253151001594  0.32661386354171623
  0.33709920506637014  0.34737963602888766  0.35780080306947276  0.36830486591869227
  0.37872217216210180  0.38899035067282095  0.39946581507198792  0.41002286223106793
  0.42060363279080276  0.43080369041123995  0.44088204620422000  0.45113507808677811
  0.46131539752064316  0.47145989670761462  0.48167679625720361  0.49210135742880307
  0.50256735771674810  0.51286207404251916  0.52346827733499346  0.53424388822154756
  0.54514569925783463  0.55613623918449839  0.56696177316095875  0.57765925922874284
  0.58834404646154681  0.59879618238750065  0.60912683919496557  0.61922055560170142
  0.62936496892625904  0.63954917769598452  0.64972084252031714  0.66007272377873516
  0.67039039883283236  0.68067838541068804  0.69111698357569129  0.70178993327612360
  0.71266533111515706  0.72359120190193371  0.73450681960258157  0.74552144800097009
  0.75638337876137973  0.76728801160998616  0.77779987218111968  0.78845089122245005
  0.79891742907552599  0.80937916578043378  0.82004616719036982  0.83098864099183334
  0.84186544554344056  0.85281865076790075  0.86367154956936898  0.87480402360910381
  0.88553556392816346  0.89602309600172581  0.90607543535336132  0.91629990198482636
  0.92675588361633998  0.93719547021588201  0.94764439948886492  0.95802058538096591
  0.96860059963165090  0.97900976089749636  0.98949304235563762  1.00000000000000000
 -0.00230818120906212  0.00952565939237690  0.01978462051135866  0.03046806250913246
  0.04127439889562221  0.05210697727310519  0.06299395294262376  0.07388673365040345
  0.08456124360114656  0.09498062187369374  0.10530545298902558  0.11580050371210426
  0.12639850492589361  0.13692863175375553  0.14761908341978691  0.15862803660357114
  0.16968846277079461  0.18091799905787695  0.19191584094767555  0.20269206441327511
  0.21306418756421924  0.22333959606913251  0.23351484797361674  0.24377349472143364
  0.25424618279448419  0.26487411365008945  0.27546396961446068  0.28603533757539290
  0.29703196501651680  0.30801207368217498  0.31876469339465741  0.32946716531460779
  0.34010920570750036  0.35102134118169243  0.36161537408951194  0.37199180965103745
  0.38252449187669701  0.39329054682871856  0.40422419294947282  0.41530803152573453
  0.42604814564121396  0.43655530683378091  0.44663875879208281  0.45664382523361968
  0.46678894620985656  0.47682275927547629  0.48677140606185737  0.49638962768241396
  0.50619143974622094  0.51624134281550749  0.52642625506842833  0.53673245607813658
  0.54726903789720860  0.55811978729078515  0.56861944757953209  0.57937907684015533
  0.59019290916804223  0.60117444101943696  0.61166093490985718  0.62210498230722511
  0.63246580271115715  0.64288882764701227  0.65330411075330452  0.66378421393232667
  0.67415701857360477  0.68451613600129724  0.69496643015616610  0.70539423343360064
  0.71557619194791977  0.72565372625784164  0.73590362641535312  0.74651740545396250
  0.75728917827894493  0.76815416420390426  0.77887985812580263  0.79005908434943750
  0.80109157095317451  0.81210425780911488  0.82248866394880893  0.83267493336420406
  0.84323909098592043  0.85386529454504256  0.86438974604939511  0.87464731600956369
  0.88471867936192949  0.89469266652709989  0.90524393131840075  0.91579065044435548
  0.92640456789195791  0.93680458053035998  0.94730079330904804  0.95802343820046210
  0.96832974911070802  0.97867582338980819  0.98919241861360463  1.00000000000000000
 -0.00267189857672585  0.00986088582474292  0.02036953761440197  0.03101883529949996
  0.04169146644052887  0.05224454915756412  0.06288274930205962  0.07378753445324987
  0.08419826428434928  0.09441100986774022  0.10467698337839680  0.11524991189932286
  0.12574699748896226  0.13589301726642050  0.14590323294463162  0.15599434100150361
  0.16605719446093251  0.17607877689180831  0.18625631525994807  0.19674286587591691
  0.20739968703734679  0.21823181956683127  0.22896921357213479  0.23964274840445648
  0.25041430025385830  0.26127178589011013  0.27216389695717080  0.28233056156360242
  0.29251945808797414  0.30290684038073334  0.31355385376572498  0.32408546975167252
  0.33460264195337652  0.34532147062231938  0.35615562173471543  0.36688361598814367
  0.37774771354934877  0.38871834864636184  0.39957721355846249  0.41022292872196658
  0.42089389555590084  0.43130498405335899  0.44202347808282516  0.45238534785568096
  0.46308814176768337  0.47351585507613658  0.48433748057311932  0.49514803564947291
  0.50581370639793610  0.51620136227611624  0.52660934588628849  0.53706317136247506
  0.54759160150428488  0.55809407128601773  0.56907633184638806  0.58027127664661615
  0.59144553548497014  0.60227605182689115  0.61262930750850675  0.62282234662841052
  0.63321102162183529  0.64377740731275590  0.65435693129645345  0.66481082869355368
  0.67522257359811566  0.68545801224064629  0.69570123731213629  0.70610998243786072
  0.71674064652151193  0.72726456381499316  0.73773268787313973  0.74807234480972751
  0.75864302461466215  0.76916158174492222  0.77982926465700841  0.79038141666037576
  0.80093242886262994  0.81163683340950088  0.82251498458475303  0.83328036917736714
  0.84409287097441987  0.85478192214217363  0.86533651976504888  0.87579234495963354
  0.88622155722088947  0.89654874721874545  0.90673859175447358  0.91690841979519999
  0.92721610104029273  0.93747000109215128  0.94788474062941008  0.95836823370303070
  0.96885878633164457  0.97920496262391477  0.98958130770806585  1.00000000000000000
 -0.00238588961698550  0.00957022620081523  0.01968186801752742  0.03021757153269923
  0.04054977873360808  0.05128517036201474  0.06187568639752531  0.07243193121863266
  0.08267822922285180  0.09307029841549253  0.10376716087573172  0.11416238617245456
  0.12451629034222478  0.13502628564796904  0.14563074727248898  0.15618841760306965
  0.16668052767914254  0.17720817037228812  0.18764711802770492  0.19809140965563513
  0.20880025292535312  0.21950624953301340  0.23011200467427070  0.24062825060721066
  0.25127997303853894  0.26198220142271428  0.27298910393451337  0.28383633520008666
  0.29465562537362783  0.30467396744853459  0.31472867915748864  0.32456966766362627
  0.33448527798150046  0.34463549512233788  0.35477784355359931  0.36521893375724251
  0.37572062332932327  0.38652793872403257  0.39738169460994005  0.40842838185461300
  0.41934955511031402  0.43039472961537079  0.44138226200402031  0.45229423197383839
  0.46348844733562322  0.47499182319287747  0.48624716788543576  0.49701756266435981
  0.50817216492989425  0.51935583908688698  0.53033701199800420  0.54112719418002508
  0.55157212442922321  0.56199818019282588  0.57213936173249391  0.58250509826675356
  0.59256458823511593  0.60255865583676460  0.61293956969133578  0.62330970849869893
  0.63416684437439352  0.64521112796487812  0.65643441257326440  0.66756361710802670
  0.67820977923124270  0.68881149627752436  0.69903625082172138  0.70907685210193017
  0.71905543189149701  0.72925789988444978  0.73983459204596391  0.75051954375480590
  0.76122560549450802  0.77192198382780397  0.78262022877363968  0.79321260660352322
  0.80390644917887633  0.81447377583334324  0.82516775516124330  0.83575147668323446
  0.84626402179916604  0.85660619176192732  0.86671545492377144  0.87683515763083464
  0.88716552553818184  0.89744167090886839  0.90775806797861935  0.91796238073899039
  0.92817974325602304  0.93823727436201931  0.94819226764480424  0.95822520090258145
  0.96893321222344087  0.97925786994104191  0.98976270020591939  1.00000000000000000
 -0.00231774088787848  0.00965192893087839  0.01966753982410645  0.03025459956155935
  0.04075992559598435  0.05118824061962714  0.06146285797997468  0.07198855921559748
  0.08243669533563884  0.09285435191250532  0.10328717611250525  0.11413306109262492
  0.12513062401931457  0.13597498483105730  0.14663288701760460  0.15735319614981447
  0.16793106520089654  0.17842225694076674  0.18856365282761989  0.19847659970774953
  0.20845718153146059  0.21862891039996596  0.22894932647423821  0.23934548940573963
  0.24988797208308802  0.26045573848552345  0.27088459280493210  0.28126763196358762
  0.29166865406453735  0.30233301946046531  0.31299680059325158  0.32373111354914907
  0.33422399811275549  0.34457103552985541  0.35485336767397746  0.36515702382354581
  0.37552053480794439  0.38616507341866646  0.39693414962776274  0.40769448891951721
  0.41833681544140222  0.42906816758636618  0.43991137924642265  0.45080965077338658
  0.46159789407810486  0.47239247469771728  0.48336553278267547  0.49438974717791073
  0.50521527668119448  0.51570944536289021  0.52618917457032888  0.53653728122039301
  0.54703248885999145  0.55768475155189157  0.56861159725863442  0.57967723707538388
  0.59060166112721646  0.60141948978366810  0.61200286999434217  0.62231237611686818
  0.63261076087044577  0.64289243907167704  0.65324223433495787  0.66360535970948331
  0.67400844840501140  0.68446926125034013  0.69491870394573130  0.70515383683941779
  0.71552519858605956  0.72569282149136083  0.73573280487595449  0.74547708090883402
  0.75545650521876562  0.76588748111106120  0.77614665941323435  0.78633979917809449
  0.79683303469292754  0.80775494815600812  0.81836763267280233  0.82857250710481256
  0.83876468048879416  0.84913909580896951  0.85932677190113083  0.86956379060307731
  0.88005480495816124  0.89083732364181134  0.90154194260837750  0.91234419731370386
  0.92341209150969072  0.93483237072049896  0.94587531840170636  0.95706245196015960
  0.96798210422563491  0.97884937859340182  0.98939828251928719  1.00000000000000000
 -0.00223052254604216  0.00938246972181017  0.01918822801653461  0.02988549778205287
  0.04059653489715657  0.05095906069595259  0.06152182741159370  0.07231866995460952
  0.08320460805735504  0.09382192750715139  0.10421588276497780  0.11501895934403332
  0.12544812326322277  0.13627199535591838  0.14712846344203231  0.15770756350954276
  0.16848931268970804  0.17920851524407913  0.18989140186207407  0.20026194780939252
  0.21067202058422949  0.22143613637135662  0.23210716399937883  0.24266433375084481
  0.25293389714537029  0.26336707067399706  0.27363467528616864  0.28386515778035615
  0.29411734153690772  0.30457374296983092  0.31501552483643053  0.32535362810163382
  0.33562361077009240  0.34589267564831655  0.35629072428903713  0.36670542890583474
  0.37731516887594230  0.38774075081320669  0.39814990000363615  0.40856801363493100
  0.41912161702583206  0.42984892986279216  0.44052832092539418  0.45094286826219876
  0.46134438476799966  0.47163350801264808  0.48188578825377887  0.49191696096235049
  0.50189199516155136  0.51191202573414052  0.52197396864468137  0.53216763871420847
  0.54269236050093950  0.55351874868404360  0.56459272986740650  0.57577158716827992
  0.58681121763521560  0.59773049946470680  0.60856976639102422  0.61934387315645301
  0.62980460941994121  0.63995725011555193  0.65021060516016460  0.66046171396946973
  0.67092644590260531  0.68141552045057663  0.69226864189395765  0.70334092934575687
  0.71438782184421901  0.72534335985901688  0.73587746747918237  0.74629474563225995
  0.75660531497902939  0.76688944106212475  0.77721819174027063  0.78743115750629888
  0.79783945240077514  0.80842944954233997  0.81936781780162571  0.83060197398960112
  0.84180674058679350  0.85291261634568427  0.86366490461931311  0.87431869596836509
  0.88475594972301252  0.89508416799143242  0.90543945658108016  0.91584346352591772
  0.92651139847382780  0.93734811186779277  0.94816623321073557  0.95870863754911506
  0.96896464257388804  0.97924003494604595  0.98957843817462787  1.00000000000000000
  0.00960824642784927  0.01601401923141312  0.02482769517797870  0.03593487905311426
  0.04651810498260128  0.05700464504134993  0.06749155299733692  0.07810705410117492
  0.08850635872471990  0.09869963085895660  0.10873610776508788  0.11881772222467184
  0.12890433430967835  0.13916896207670279  0.14941320369495839  0.15965318095130948
  0.16984882670258869  0.18019823128124934  0.19070017755676522  0.20129407313072584
  0.21181825100955767  0.22229395853353931  0.23280400454056799  0.24355011920573502
  0.25453588480434242  0.26541603307409312  0.27603852073278989  0.28641011888258433
  0.29683227075172641  0.30710508077158016  0.31701249057820691  0.32671926017904723
  0.33666282545844750  0.34723654054598280  0.35779447221050681  0.36808328906134058
  0.37829876432946086  0.38895666441937793  0.39976020061793294  0.41053272289027370
  0.42119071918034506  0.43191940168608711  0.44258507183645640  0.45332337133131151
  0.46371649392824310  0.47397666226034146  0.48430567474496766  0.49480533567976087
  0.50497322780895559  0.51485849439945586  0.52471165618327997  0.53462649244777849
  0.54464709874871575  0.55466499755663534  0.56477990655769628  0.57500370003373302
  0.58540404489329834  0.59570732066907361  0.60585673522699957  0.61584824538254912
  0.62583737994901956  0.63583851666223612  0.64589351587314980  0.65621985481885958
  0.66646909342694061  0.67661600952293710  0.68678804509797653  0.69730613493896787
  0.70794508970974168  0.71852417136204516  0.72897171284295803  0.73934364837033750
  0.74971274758840023  0.76029271491236150  0.77094206306439850  0.78155321850110260
  0.79215061909290474  0.80291195776681357  0.81373294419333964  0.82447258630699971
  0.83496302238825926  0.84519123397100271  0.85529665347197403  0.86551064365883368
  0.87595737321549771  0.88653849582147337  0.89726814086975670  0.90791858905925549
  0.91835229927612094  0.92866463100705954  0.93902143998481780  0.94947466178483164
  0.95994942207443779  0.97019150335730353  0.98120475030260723  1.00000000000000000
 -0.01975689046580736  0.12051797354937380  0.15896647777269979  0.18223574734206452
  0.20039615121037430  0.21556107028927446  0.22884794056343385  0.24058954601168489
  0.25140304015437104  0.26118644942261776  0.27075030762056018  0.27950639097040664
  0.28806247396351614  0.29617046774343858  0.30399759342913968  0.31170333260260247
  0.31893268754686910  0.32603527816348654  0.33300270081636019  0.33976810801067986
  0.34639210608469029  0.35285762903995682  0.35920156388364527  0.36542935322418668
  0.37161271066575724  0.37765720631958349  0.38358536740399141  0.38944344715066387
  0.39522240591386454  0.40091171730319702  0.40654131471661009  0.41215421653321632
  0.41772115769447382  0.42326142766564712  0.42878333018261261  0.43431038711929260
  0.43977819147830438  0.44522170117537735  0.45066142628012723  0.45606611796554197
  0.46140083666148607  0.46666008105783968  0.47187411384956618  0.47708012619197288
  0.48229646670621956  0.48751960632240871  0.49273433608424194  0.49796609239582018
  0.50316493832569120  0.50836680321630023  0.51353446255157897  0.51871987947686227
  0.52395093891134847  0.52919667027551509  0.53445466073215520  0.53973723206393576
  0.54505295321608827  0.55045708752144329  0.55588132899034681  0.56132488726159491
  0.56676629617166419  0.57224870218422130  0.57773762322374000  0.58320181699823870
  0.58868535461654803  0.59418127166973489  0.59972835041744821  0.60539713894007974
  0.61118335951820213  0.61702855077371899  0.62292921511454646  0.62891981189736701
  0.63503517297013545  0.64121818903915972  0.64749803595403344  0.65394712371720087
  0.66047106835545966  0.66715745578704855  0.67406680048410150  0.68111429651097777
  0.68835144674778270  0.69585104737589509  0.70359203055543917  0.71164949838247360
  0.72017103839004259  0.72893810488002242  0.73830857112621173  0.74808106538124286
  0.75883885565040576  0.77058117505432289  0.78371502109173874  0.79870986919367071
  0.81674893402464022  0.84016445858445465  0.87858722933085032  1.00000000000000000
   1.3050182252097707E-029  -1.0000000000000000     
 F F F F F F F F F F F F F F F F F F F F F F F F F F F F F F F F F F F F F F F F F F F F F F F F F F F F F F F F F F F F F F F F F F F F F F F F F F F F F F F F F F F F F F F F F F F F F F F F F F F F F F F F F F F F F F F F F F F F F F F F F F F F F F F F
  <DiscreteSampler_grid>
  grouped_processes
  1 # 1 for a reference and 2 for a running grid.
  10 # Attribute 'min_bin_probing_points' of the grid.
  1 # Attribute 'grid_mode' of the grid. 1=='default',2=='initialization'
  0.0000000000000000 # Attribute 'small_contrib_threshold' of the grid.
  0.5000000000000000 # Attribute 'damping_power' of the grid.
 # binID   n_entries weight   weight_sqr   abs_weight
    10   10   9.669174050341623E-017   2.361468493821406E-032   9.669174050341623E-017
  </DiscreteSampler_grid>
