  0.00484550786585129  0.01623208359472835  0.02699158445015876  0.03879121159267970
  0.04982977626916506  0.06056208601921219  0.07125847773045797  0.08205227564894155
  0.09290751754149765  0.10381049621941915  0.11471158313538439  0.12552905817363572
  0.13620393252610791  0.14684121272805395  0.15731878720249845  0.16769112954481863
  0.17817357363872002  0.18878399002506435  0.19943089773445460  0.20991916756825224
  0.22031416582632610  0.23072602041616116  0.24130066264618003  0.25196239304416473
  0.26261280468934622  0.27322410891544024  0.28378384869212459  0.29435634996284166
  0.30484551040894903  0.31534193572390462  0.32572354791894775  0.33618401490396338
  0.34685044991086683  0.35753799107291334  0.36808891453736031  0.37881078562586601
  0.38989985826385398  0.40094171098050480  0.41178704340898653  0.42259918718425049
  0.43328206575958089  0.44363105794832342  0.45370226763209104  0.46372448734992577
  0.47372253594334462  0.48396553743225612  0.49437808541521672  0.50493690569005389
  0.51544401906505721  0.52588951243233939  0.53624752632456318  0.54647828516432506
  0.55655742769763727  0.56678681470036363  0.57730883594472127  0.58797777695097453
  0.59858701035257722  0.60915025259220523  0.61973973224903378  0.63017853160724735
  0.64044955684224425  0.65079390657122771  0.66123597879116947  0.67175853033910993
  0.68211098537101189  0.69255601300464720  0.70305662515288447  0.71354803590905569
  0.72398565259132697  0.73424121631101258  0.74436887345058400  0.75445643308998744
  0.76456773463999272  0.77471752588292031  0.78477251004440085  0.79478695092403140
  0.80485474009161317  0.81502151021773361  0.82540274489515031  0.83586018736492318
  0.84616295727904667  0.85648619288076488  0.86698248084145324  0.87747780642296680
  0.88768292072655464  0.89746553993914391  0.90704233235740361  0.91662553231739219
  0.92631725077184701  0.93616366159861708  0.94576120409287967  0.95513299786749839
  0.96447295865735472  0.97382057588641180  0.98295790050056597  1.00000000000000000
  0.00502732298939259  0.01457762184360673  0.02623772216884893  0.03802690908776630
  0.04918927449345482  0.06000331274365724  0.07089581077503795  0.08175533981006505
  0.09262044120376474  0.10347298740361446  0.11454338655952534  0.12565990711244898
  0.13653326841082691  0.14726603715239325  0.15784112898732622  0.16838466142282266
  0.17876991969795342  0.18922713664589855  0.19978107639996998  0.21034362123696396
  0.22097788152905032  0.23165411068508587  0.24238111355225142  0.25309145838704961
  0.26381875090166129  0.27448840664737639  0.28508707830322416  0.29575370776464260
  0.30652198675157299  0.31733792081098022  0.32819661941796024  0.33901332975045356
  0.34981090678169041  0.36049232491746525  0.37111678924872821  0.38155418450026962
  0.39194783597158589  0.40261258654696980  0.41339122041219678  0.42405022344622328
  0.43437838916585064  0.44446958834221933  0.45435060791942244  0.46430415597706792
  0.47430062790111804  0.48447691950198685  0.49481568031251555  0.50529595247623682
  0.51582514700962212  0.52642635292918272  0.53716234348952574  0.54807473414460239
  0.55908784434160086  0.57014948757962136  0.58132092481597819  0.59230300152861093
  0.60316165305601466  0.61389294024699614  0.62440216076603650  0.63484179583047728
  0.64522194443319203  0.65572617285857504  0.66610455463009244  0.67621391540231057
  0.68657330016181406  0.69727389227666514  0.70792336993550842  0.71794159399674906
  0.72794253511145146  0.73802422778289567  0.74825506028660815  0.75837481118266881
  0.76866773698884150  0.77905559664550239  0.78963206775494044  0.80010349756718091
  0.81056349647185444  0.82070520551672488  0.83081202332192117  0.84097721242900358
  0.85106975949101527  0.86101984806955523  0.87083234504766038  0.88064317342697918
  0.89058066992098495  0.90062919199219549  0.91096985600803715  0.92120943902097741
  0.93144517805393157  0.94164633660150610  0.95199123867628077  0.96224064574816992
  0.97194375032498503  0.98146564339604425  0.99072467220150617  1.00000000000000000
 -0.00232677025227894  0.00875521262497644  0.01847185986566281  0.02860818915408996
  0.03912831986299879  0.04966054972275254  0.06065908160708790  0.07124341894290094
  0.08175512481971178  0.09235966842486103  0.10293637078049626  0.11351903178968681
  0.12410092610336532  0.13499310686571636  0.14577600155580830  0.15639590740620435
  0.16663077283203484  0.17746493967569552  0.18821172596057056  0.19909499733646496
  0.20989133499079091  0.22102524144420344  0.23208316225204179  0.24292957154558303
  0.25359978146337614  0.26425894772427566  0.27490049550091655  0.28526264299339810
  0.29566099393762219  0.30614993197994755  0.31700341523200393  0.32813489713151550
  0.33920015479277171  0.35044564894503138  0.36161741105090794  0.37278929791023641
  0.38352568755957922  0.39436522748190511  0.40500268173776799  0.41582491432695984
  0.42655055446254009  0.43732109448411982  0.44783659237251111  0.45826705664962608
  0.46872767699943702  0.47911685803503579  0.48938400810136612  0.49948148640400558
  0.50948652078065770  0.51959750252877113  0.52977960624539788  0.54001669020814436
  0.55019296163145659  0.56042118945421793  0.57064253177553736  0.58115046302505069
  0.59192750861099763  0.60288020365415596  0.61375772864057343  0.62456416683849303
  0.63529709459236494  0.64567003542791546  0.65569968863650729  0.66557317069430655
  0.67558626290643953  0.68593330273248154  0.69667200101820703  0.70762417716764570
  0.71844469911893938  0.72919334287520809  0.74012194232404671  0.75102362419449731
  0.76147819063098576  0.77193991264192741  0.78242929525060589  0.79315767602813669
  0.80342805962242492  0.81375914294673624  0.82388149413092204  0.83419141077947456
  0.84452600104896047  0.85482684064282921  0.86531193047308619  0.87598788905912328
  0.88657600787535029  0.89691993621418520  0.90695764477221130  0.91678294639417890
  0.92678446361993050  0.93705733891199194  0.94797917677136312  0.95871555968832212
  0.96904279731203713  0.97929640252770345  0.98970626294640440  1.00000000000000000
 -0.00212017453573985  0.00949276172553381  0.01925692469000201  0.02963983518397670
  0.04017790684167314  0.05051715483627669  0.06067836568873856  0.07100538493715761
  0.08148691512310700  0.09196418260002792  0.10258261949163835  0.11297464723471867
  0.12333664211017316  0.13353542932425197  0.14382171907227251  0.15399325218285756
  0.16450310023822520  0.17487488066445350  0.18533840136216859  0.19567179222223680
  0.20585615624737191  0.21615838733737427  0.22655853216104951  0.23704170718263881
  0.24755210153002635  0.25818056771886189  0.26880881365069065  0.27945449066430794
  0.28984144305714349  0.30043085422618643  0.31123025969184420  0.32214827617438302
  0.33327836211136019  0.34393958087019882  0.35471509489901693  0.36487901455389427
  0.37534984446492492  0.38561551430027929  0.39594157012719133  0.40647585945101583
  0.41708728927322530  0.42773839491373122  0.43816752960635147  0.44874828617763751
  0.45954027387636598  0.47052732958127202  0.48124543469987441  0.49162589030072612
  0.50201504003495367  0.51267550820876051  0.52341226145586983  0.53387029856159296
  0.54420309871459904  0.55449509499836191  0.56467905616142733  0.57480821541593852
  0.58510548388620875  0.59586809912717975  0.60688484602726012  0.61785828529513653
  0.62856395895229078  0.63920587930818362  0.64988185335331761  0.66072616456391009
  0.67153950986907185  0.68220047782800430  0.69291853918767832  0.70356286258170120
  0.71411575833308882  0.72464109281778033  0.73527580822053451  0.74585144008366877
  0.75635771771541815  0.76663470658482635  0.77695381523322848  0.78723578888004242
  0.79778220439146008  0.80835736964448479  0.81883830311173156  0.82936323353167096
  0.84007789695160295  0.85108766045177842  0.86190562272431992  0.87260369516403324
  0.88334113662483749  0.89416623651147076  0.90495713093181984  0.91578695376901176
  0.92681825027707010  0.93764169698183475  0.94841426578293253  0.95912460407738431
  0.96959491036089385  0.97987768702856959  0.98990033109145836  1.00000000000000000
 -0.00234087398155351  0.00935493100558809  0.01962683572586896  0.03029298828560492
  0.04092420986408261  0.05152567310512553  0.06222060024903379  0.07296212389689652
  0.08365358730644397  0.09429442655649578  0.10504519967260514  0.11599248461988497
  0.12687069269629314  0.13772684745495334  0.14872251328124769  0.15969382790615855
  0.17048256422322897  0.18117540200974422  0.19196412173865263  0.20284463532513008
  0.21363359019291547  0.22440302460852074  0.23482704364522569  0.24530451128571473
  0.25566858631381745  0.26600905971038713  0.27627193952005524  0.28651007894405955
  0.29683088908818117  0.30712787551115595  0.31764451361308454  0.32820054845308111
  0.33856742783580357  0.34891725735160051  0.35971067886029812  0.37085250904272299
  0.38188346874553869  0.39274696753118321  0.40340828100080739  0.41395543276504265
  0.42454456895526421  0.43522472833656461  0.44595662922220081  0.45662192443992344
  0.46717843975016216  0.47763860230833483  0.48788588310362707  0.49799767956335506
  0.50814081565023406  0.51828249871362420  0.52860992767158754  0.53896450107411753
  0.54949160731846902  0.56000803117924369  0.57027471074973513  0.58048371174208391
  0.59064903438765937  0.60103096154203406  0.61146742383950381  0.62221207718402816
  0.63292553818764730  0.64338233207625717  0.65374980208306888  0.66427919998068286
  0.67493131621746694  0.68561214555862060  0.69607462366521322  0.70648248390099022
  0.71698150076273026  0.72752992827938789  0.73815990340079340  0.74890102195254016
  0.75967558902986299  0.77047124646515697  0.78096975502514654  0.79154721822517748
  0.80199648028121151  0.81236368207077336  0.82278845331207984  0.83326883657370165
  0.84395031096756790  0.85467087250485685  0.86525379163419935  0.87581134304416741
  0.88610368552199670  0.89653216377991962  0.90683896653809293  0.91701594317442847
  0.92733539404189336  0.93766119662623082  0.94795639492046524  0.95820560324805437
  0.96851247388367423  0.97910416671232992  0.98958453909009325  1.00000000000000000
 -0.00255285122900114  0.01031391951569394  0.02109000520408702  0.03157078513865184
  0.04206121310325739  0.05223922552886835  0.06249132649435303  0.07281300111813127
  0.08329041116835348  0.09357672462862306  0.10374343770241531  0.11396531714639171
  0.12436132093683200  0.13472420991137257  0.14513206379186980  0.15554416461030238
  0.16605987158781510  0.17637840634708610  0.18657883731081595  0.19669149245313380
  0.20704972059191501  0.21760818744177490  0.22818890549677065  0.23862516327007746
  0.24905375816515277  0.25961595692393258  0.27031415671981307  0.28098568062817003
  0.29157341152187782  0.30213757143742254  0.31267097731820087  0.32367806560717005
  0.33455422504298743  0.34549241881179660  0.35619464532901812  0.36682063241558271
  0.37746659587673198  0.38830284296530221  0.39927308397256045  0.41030951194445869
  0.42093941770705628  0.43139388987487076  0.44177958709756204  0.45253695262601557
  0.46351251151772116  0.47440494169545983  0.48522015618513742  0.49602198752631671
  0.50665483665266531  0.51732090795266106  0.52755287355829095  0.53763954792262791
  0.54773448431560667  0.55797455498110338  0.56841586892587126  0.57886814319650703
  0.58950686053381018  0.60032414982675009  0.61084416878884640  0.62104086633277278
  0.63132642730884769  0.64165939065540412  0.65218876635788547  0.66271979714577589
  0.67346387546262843  0.68417706917933430  0.69447801852805524  0.70478869144023437
  0.71538456704210196  0.72617417530012740  0.73692807895513235  0.74763072270693376
  0.75819241302718887  0.76880844143420579  0.77935169942492488  0.79002042147995344
  0.80055507184192265  0.81111183301577328  0.82136769146716737  0.83171716047321398
  0.84211637928811622  0.85276718192785972  0.86327474524703274  0.87374965113296432
  0.88431948518342007  0.89457286692359039  0.90494802992784007  0.91537870994388582
  0.92599943048043565  0.93691013487684716  0.94767142838325380  0.95862214686409442
  0.96896435448050111  0.97928079545581193  0.98956710649646007  1.00000000000000000
 -0.00246336232671083  0.00974868443584248  0.02007256410124522  0.03055301118885460
  0.04100047551493887  0.05154029407670520  0.06224511660105850  0.07295733172940172
  0.08368332821688799  0.09435429014002872  0.10491430748368219  0.11555765681360089
  0.12643652226322516  0.13746589651740665  0.14837001277805764  0.15909974626324616
  0.16983839425160396  0.18041187332172071  0.19091304163046655  0.20137012628901649
  0.21186748997440327  0.22231700232777776  0.23260403406460220  0.24282302138552567
  0.25332427425222653  0.26423239880778759  0.27518416668483708  0.28581283462652657
  0.29623997453393863  0.30669493458747887  0.31704989297548719  0.32750836269113476
  0.33797493833979958  0.34844386171691655  0.35849965516064924  0.36849409801111072
  0.37850624351997980  0.38868633972281902  0.39888615145062339  0.40919131715752871
  0.41952605009186261  0.43006919463434062  0.44078256765407503  0.45173360648320199
  0.46238082349125353  0.47286852127237866  0.48338400692908096  0.49389305345792794
  0.50431998568165171  0.51474888983608236  0.52536665513918457  0.53621371405735374
  0.54712820730898748  0.55804907773280987  0.56886540225132598  0.57967286142008023
  0.59065890901966867  0.60186668247619735  0.61313024611025069  0.62426145998869786
  0.63462681548607658  0.64510162034484020  0.65573616233332288  0.66657732007023462
  0.67676803434515054  0.68679794730414245  0.69732281779140892  0.70788950285148444
  0.71851986569000947  0.72913718836555197  0.73973409722416184  0.75049437749927195
  0.76115957102391218  0.77151925270413790  0.78155296972561505  0.79156632557876350
  0.80193970594143416  0.81239331277675064  0.82270192836481049  0.83317147849379336
  0.84335512802187274  0.85349593330687601  0.86356915367938547  0.87377478977060441
  0.88396755661288262  0.89408473936478050  0.90434875771836098  0.91480693270686797
  0.92528315342126299  0.93554043306563628  0.94604250639984755  0.95662374203022771
  0.96726326968692300  0.97793659757796048  0.98883487842329487  1.00000000000000000
 -0.00231580744593573  0.00973479219550310  0.01991047381886632  0.03053497460280846
  0.04115298686973232  0.05159290322493066  0.06220643072223598  0.07298837187091681
  0.08399304777717082  0.09470247281487414  0.10520066282842590  0.11529044857697972
  0.12534899383203565  0.13547066008954334  0.14572604437467149  0.15616750027910314
  0.16666542300271461  0.17762973961238684  0.18843741893526697  0.19948764562894333
  0.21041725890875976  0.22161139363576113  0.23270504408980169  0.24354310867587203
  0.25415008807599032  0.26465780302708486  0.27516660597687570  0.28557969599463295
  0.29573184167181410  0.30625107561373055  0.31677253055537946  0.32755754149205407
  0.33823161729756868  0.34909935749453752  0.35998827134652733  0.37086599016124072
  0.38209930608801135  0.39319154245683524  0.40401818753795804  0.41465421342195946
  0.42509102577344776  0.43542135743542332  0.44555319607243327  0.45573869461185257
  0.46614795919436991  0.47631633907825816  0.48657555523549145  0.49691309054549165
  0.50730198839503216  0.51760175201423220  0.52809703294748600  0.53876207937447040
  0.54931109519733778  0.55986205383423182  0.57025467272455543  0.58059440389271844
  0.59039442327469671  0.60017580518897162  0.61030714467671532  0.62080220671099118
  0.63149822406773659  0.64205292832357230  0.65234717364571826  0.66297676738340339
  0.67339724917185284  0.68421237978407778  0.69498436488664161  0.70601253831810218
  0.71670473767611720  0.72722037586432475  0.73747685055574019  0.74767349216473378
  0.75811991615932106  0.76838942492767570  0.77875085288823265  0.78889293410636219
  0.79935260854408285  0.81027957316164778  0.82119579029801704  0.83215951677829281
  0.84303259605036074  0.85365298757803876  0.86402686082087399  0.87406050476960340
  0.88437970152485912  0.89479045023170956  0.90521791060678336  0.91565002953202890
  0.92592041224994759  0.93619692625810191  0.94651716156462962  0.95711195672434279
  0.96770034533508065  0.97837518845756799  0.98908622333164686  1.00000000000000000
  0.00965651873679858  0.01559077029321390  0.02462177689271227  0.03538588710635373
  0.04583944372959027  0.05654693523998430  0.06734836764610190  0.07808444947506479
  0.08869155814573866  0.09921608833084430  0.10949793863229866  0.11980241552871888
  0.13013541741775661  0.14049770570279393  0.15067537041941265  0.16086844825868132
  0.17099836857545711  0.18100142458988810  0.19114457668822940  0.20158671068303102
  0.21229415842371568  0.22312131999829476  0.23382044522334491  0.24453014668372161
  0.25516677841283647  0.26553717201688598  0.27618628934424794  0.28647860996149221
  0.29683123335935485  0.30689763235630052  0.31745555106189699  0.32828214276908996
  0.33909550189391674  0.34965664592787532  0.36014445492518116  0.37060747362957180
  0.38069926796086900  0.39074474638057033  0.40103408339628327  0.41152132285639276
  0.42187377738078397  0.43208061479035142  0.44229883197886544  0.45252602576039735
  0.46300701583330234  0.47373414357371213  0.48475117686772845  0.49568088185466214
  0.50636612568776018  0.51701676409909747  0.52756437476388851  0.53807216124852031
  0.54842751520532440  0.55857216584617253  0.56884834381934035  0.57912927408468662
  0.58936180614505695  0.59944984972187143  0.60963779981857624  0.61990110041459823
  0.63010367991558291  0.64033302499676392  0.65055555386123465  0.66086500741732379
  0.67098552448520188  0.68108477479688945  0.69128025945723381  0.70158613006303416
  0.71192520490435707  0.72207697311583130  0.73213114410479452  0.74202799010916931
  0.75211295740469086  0.76228324191137886  0.77241073342883593  0.78256827910103588
  0.79277796839848125  0.80324841007566672  0.81364507163001032  0.82393114300292125
  0.83436690346851305  0.84490456498217004  0.85547141116042735  0.86587414006543773
  0.87618706105100319  0.88641149185163470  0.89671073578872218  0.90738515257638253
  0.91823167922631121  0.92879112968247246  0.93935345715320107  0.94980059618761203
  0.96037417628968191  0.97039141508566185  0.98059398876566917  1.00000000000000000
 -0.02074079169438454  0.12098360884459948  0.15965593665884351  0.18272356720956134
  0.20079541532569570  0.21586862332063828  0.22901861202906684  0.24074684690411252
  0.25153657291924320  0.26144855307356551  0.27096373787047096  0.27970873248975803
  0.28824496198238964  0.29633399997545878  0.30414076888771779  0.31178755082074694
  0.31907574271702882  0.32614015431445009  0.33300284996609048  0.33966733175989933
  0.34626369546499303  0.35279410262406735  0.35917010105198266  0.36540388507719052
  0.37155234748891403  0.37756467439541025  0.38348771002813270  0.38937266047007851
  0.39519611823040512  0.40094020824242432  0.40661616071477474  0.41224458213024273
  0.41783594033034149  0.42335361110095365  0.42883461973567333  0.43425590530886199
  0.43959103888181672  0.44487045516282420  0.45016811945349949  0.45550623717491096
  0.46083726597874386  0.46613756127027317  0.47140287135944342  0.47664477579327991
  0.48188182464047075  0.48710479442849175  0.49233174941757885  0.49756722247090829
  0.50283149142331984  0.50807877254699518  0.51330765475500140  0.51852410134142601
  0.52373690124444161  0.52896810999667621  0.53422144855527542  0.53949274707342210
  0.54478087265707864  0.55007054242022357  0.55534366965646664  0.56064090619581808
  0.56600846890436907  0.57145185721372571  0.57693322723885543  0.58243181767910679
  0.58798465959965240  0.59358372802523474  0.59922971546393056  0.60493768226622646
  0.61072751507142331  0.61659547536151049  0.62254724358128866  0.62861421899629222
  0.63478009519624834  0.64102194506955956  0.64735092208609013  0.65386777431795251
  0.66044849119390059  0.66715420273233184  0.67405338919927893  0.68111081551139241
  0.68836384488175228  0.69601487825282382  0.70385700392453066  0.71196037397941825
  0.72049646368631703  0.72921234423729253  0.73875757360670014  0.74865399152250212
  0.75951465743087299  0.77126965423235549  0.78450438061616834  0.79955503841882236
  0.81743601594564763  0.84042370665476829  0.87857585011843631  1.00000000000000000
   2.1257873967350901E-034  -1.0000000000000000     
 F F F F F F F F F F F F F F F F F F F F F F F F F F F F F F F F F F F F F F F F F F F F F F F F F F F F F F F F F F F F F F F F F F F F F F F F F F F F F F F F F F F F F F F F F F F F F F F F F F F F F F F F F F F F F F F F F F F F F F F F F F F F F F F F
  <DiscreteSampler_grid>
  grouped_processes
  1 # 1 for a reference and 2 for a running grid.
  10 # Attribute 'min_bin_probing_points' of the grid.
  1 # Attribute 'grid_mode' of the grid. 1=='default',2=='initialization'
  0.0000000000000000 # Attribute 'small_contrib_threshold' of the grid.
  0.5000000000000000 # Attribute 'damping_power' of the grid.
 # binID   n_entries weight   weight_sqr   abs_weight
    10   10   2.736411522508891E-021   1.850739097315662E-041   2.736411522508891E-021
  </DiscreteSampler_grid>
