  0.00501479821682818  0.01512846824837668  0.02628613264234234  0.03749304708778853
  0.04820746306427629  0.05874304871304149  0.06932005638764642  0.07985425192846766
  0.09059928177776136  0.10144369620506773  0.11216243988927319  0.12267163228837114
  0.13301285665455709  0.14329461258951570  0.15376444940525338  0.16446321715785331
  0.17543646099869459  0.18640066152824555  0.19719552589826733  0.20776686303049607
  0.21821447229018318  0.22847276468439082  0.23873802326849952  0.24904211685703248
  0.25956757755309084  0.27015900928745162  0.28064452388810274  0.29092003670383543
  0.30121592430835026  0.31142078926300742  0.32171675409042022  0.33218916206631532
  0.34291399532535383  0.35369036153572797  0.36433130641713574  0.37461962878612437
  0.38492982409570625  0.39518536216997890  0.40586828841292399  0.41660029561915907
  0.42712736609485452  0.43765606076032720  0.44811783111108500  0.45850309704236092
  0.46869130304365786  0.47900777508600195  0.48961771070667104  0.50017646998040888
  0.51062429108783125  0.52112535279957029  0.53164112512218653  0.54202449488271465
  0.55187455456527834  0.56183568189165833  0.57219204313736471  0.58266198101217315
  0.59319040947636203  0.60355956924432919  0.61428905161082803  0.62479634846007825
  0.63515990979792902  0.64545564596928895  0.65589807647111764  0.66621945480104972
  0.67657209913674832  0.68678083224938780  0.69693016597833291  0.70735835632617494
  0.71793578060948493  0.72876518338225171  0.73953688358098257  0.75022637082337218
  0.76069857394439655  0.77093648191205499  0.78108918031022745  0.79132158359844795
  0.80157927200149282  0.81190044130726069  0.82237030713853543  0.83298082384434069
  0.84366416400189237  0.85438300376050347  0.86506545605690477  0.87545904334898772
  0.88552202962149396  0.89552166327614713  0.90558646698046930  0.91572933263339429
  0.92576710167975251  0.93576571964717026  0.94560027058963236  0.95531339472361476
  0.96486593338229854  0.97409728128428286  0.98309899505354936  1.00000000000000000
  0.00484907381240315  0.01570499641788044  0.02795718393174591  0.03982425351989057
  0.05096908287062690  0.06187844976666933  0.07280750131722805  0.08367548442721108
  0.09442794167760575  0.10512061226437351  0.11585115586935230  0.12655919647189123
  0.13733060446233109  0.14823757180670896  0.15913202687469499  0.16996421954939775
  0.18072628347062250  0.19164916938737053  0.20271164915644338  0.21370124718681308
  0.22470571249268315  0.23563661568902383  0.24660358494596205  0.25749884787358351
  0.26836168144914191  0.27900821793618319  0.28952775198613262  0.29996780257505373
  0.31033315264129763  0.32074089962743751  0.33135850276693102  0.34206956210918787
  0.35294622816673860  0.36387287528081108  0.37498097074498993  0.38597748136959376
  0.39685585750439084  0.40753258100632711  0.41801184121797735  0.42855982227137129
  0.43919864599967329  0.44966378179034588  0.46001853914254942  0.47036192894047274
  0.48079084484908852  0.49110795391823114  0.50130971292532844  0.51141957724020592
  0.52162556654095082  0.53195139595344632  0.54227808776010467  0.55245784576037238
  0.56249569058323912  0.57261027309033075  0.58285678340769287  0.59312105494847767
  0.60337870404327765  0.61366868306013456  0.62417755812786713  0.63484489168418434
  0.64536884982890397  0.65566948297615568  0.66588791120388080  0.67618357925915629
  0.68661682824790715  0.69703890187002426  0.70746607979596943  0.71780633645366387
  0.72818201441828845  0.73870777299900503  0.74941434485667846  0.76021775048866480
  0.77103803845048136  0.78198414164537344  0.79292999447411294  0.80343089505429577
  0.81380558940849546  0.82411861457167002  0.83456436470811046  0.84492654615571494
  0.85531393519406129  0.86586675573809246  0.87646824046307803  0.88710051756350361
  0.89742652382002608  0.90769301063501118  0.91803643037742788  0.92846500288095513
  0.93901853043157413  0.94886100141034280  0.95875310010711778  0.96780615148989613
  0.97651223611198235  0.98467833908675928  0.99207848377518237  1.00000000000000000
 -0.00240181046787536  0.00946196470067670  0.01952165832352396  0.03029919280146181
  0.04095276803747316  0.05147997171200073  0.06199696988455888  0.07260932846476173
  0.08320702908222673  0.09345004412317787  0.10374335334443509  0.11424737556199145
  0.12485594738095412  0.13558578825723788  0.14633430868245223  0.15736297079525333
  0.16823232567972107  0.17861294325440646  0.18918416171652874  0.19992344880061719
  0.21077853095353669  0.22117440214084305  0.23142824532608255  0.24183575089949563
  0.25224352535416633  0.26251933329672938  0.27279326760280137  0.28312756070209133
  0.29351356964567205  0.30391949678826141  0.31446933238503133  0.32506350376834087
  0.33567353433979280  0.34604866559343561  0.35620508337570245  0.36630766063407860
  0.37665050222042729  0.38741677083317166  0.39827537618368664  0.40889573726692896
  0.41932277930275502  0.42970637825047830  0.44032831781080278  0.45087787092906689
  0.46143827303319235  0.47159924997708297  0.48202375549956505  0.49230875578645400
  0.50267427463167869  0.51295145515333485  0.52314492708691018  0.53349360511104293
  0.54380516154792435  0.55404893342074590  0.56430637807917927  0.57426549605029120
  0.58436005393178980  0.59452193386623287  0.60460140956684616  0.61476427680420020
  0.62491785884029827  0.63530008480230915  0.64581740090023854  0.65646591317787129
  0.66724315921262822  0.67787061114796709  0.68860932175447487  0.69908963231361843
  0.70970407635840960  0.71977838933565741  0.73022408464180300  0.74051304292702291
  0.75074314370079365  0.76097338050048202  0.77134638307707426  0.78225426620793814
  0.79333195466505368  0.80456199720407173  0.81589676081844009  0.82699879740709048
  0.83786376714238164  0.84844866308600708  0.85900744706442556  0.87000587596831147
  0.88099234632991352  0.89219443883498928  0.90307699448172629  0.91399383224125852
  0.92455036033749383  0.93533791920210252  0.94593775270420388  0.95680528259530062
  0.96775481615009606  0.97856148770920814  0.98922528254977715  1.00000000000000000
 -0.00252618357756283  0.01012547038132887  0.02073848889221158  0.03120750283171414
  0.04173529955279399  0.05206557138936649  0.06255957298113614  0.07333505457603247
  0.08412801155622163  0.09465885075962875  0.10518439553496270  0.11621020864412031
  0.12701284968316154  0.13763889262121701  0.14806663349091298  0.15871044408890850
  0.16944320491033052  0.18026529185163723  0.19094851665432666  0.20135332635687941
  0.21152353658072620  0.22148720372099551  0.23130192101915872  0.24115623920860640
  0.25114106823610344  0.26143934585833778  0.27170366482558278  0.28211269648273002
  0.29250909009148895  0.30317325706294135  0.31350315469330042  0.32351409124985814
  0.33352707197986786  0.34386652585833460  0.35424850810487207  0.36442805310907272
  0.37450575592887891  0.38504011586247427  0.39555429157729971  0.40594674992097557
  0.41630532696554817  0.42666664922148123  0.43710608091371039  0.44741957957783057
  0.45773130748879470  0.46787218202714120  0.47801336045096288  0.48811713736134765
  0.49835148052264849  0.50865986974837107  0.51896736011891087  0.52949957021034932
  0.53992951755306695  0.55047624708822696  0.56088914238613696  0.57174719742550772
  0.58276827406408405  0.59380455048747849  0.60453126308530158  0.61524833134195855
  0.62591012054480866  0.63669960515549096  0.64760504347537073  0.65859360666515598
  0.66960751594980905  0.68045890327586744  0.69122484430886000  0.70173848989199883
  0.71219740890162586  0.72267453027698814  0.73341191450204823  0.74418510396766091
  0.75507799936367892  0.76580868050511808  0.77641386052523242  0.78689216189575695
  0.79729741125345688  0.80801584094334256  0.81860764595648550  0.82919542824850578
  0.83964267959449601  0.85043884162989425  0.86137075071049252  0.87228015442259144
  0.88323643658542106  0.89405301798961478  0.90479616110524852  0.91515286282029173
  0.92562126115691001  0.93652196022555256  0.94765467005121362  0.95855502555924399
  0.96887459816252797  0.97922678971009647  0.98953958656859209  1.00000000000000000
 -0.00213819286422039  0.01035582597798964  0.02081962151550778  0.03126731023155916
  0.04156671514708600  0.05204101026689911  0.06281424242437927  0.07310196446018909
  0.08312942599274069  0.09317186772795401  0.10333690794883328  0.11364229052588701
  0.12394907142601436  0.13437873868465700  0.14485811593077483  0.15542909863844051
  0.16612638298677992  0.17677130395444918  0.18732945803632634  0.19801353785264997
  0.20858107869422737  0.21902984446488480  0.22978323322448269  0.24109965356964327
  0.25243080260468670  0.26284484240975275  0.27344172406279876  0.28412074480832361
  0.29471458210744395  0.30487942425173836  0.31518112234057261  0.32551181590686018
  0.33606182678350988  0.34666224508223753  0.35723775154968201  0.36775666059766116
  0.37831117302577327  0.38903485269466814  0.39963422799240450  0.40998135670351138
  0.42043619754965306  0.43070898841427968  0.44101433189053607  0.45150245977435671
  0.46215798301162131  0.47285697061347182  0.48354368725201702  0.49441303433617695
  0.50532380858286019  0.51602673399309618  0.52651670286021413  0.53694851872400295
  0.54753419938140291  0.55824045711379355  0.56884264529580830  0.57937170859684795
  0.58970183407940513  0.60004518322729017  0.61031474676120667  0.62044181047491920
  0.63076103328087463  0.64126300281652693  0.65173097670987068  0.66211906556684386
  0.67264290484843192  0.68321877149831922  0.69359411998064258  0.70398187764579911
  0.71492171781542524  0.72598842783730488  0.73719222268630946  0.74838810542735423
  0.75901702284079842  0.76969804150272148  0.78020488137092991  0.79102884356935677
  0.80178358430384533  0.81238143416194253  0.82301866484066855  0.83366786456197550
  0.84428444540335190  0.85479354555879283  0.86486412126449341  0.87487704347077488
  0.88515149188513764  0.89559520555208649  0.90617862521726489  0.91656478672540176
  0.92704875169684198  0.93736888425942555  0.94767197130165259  0.95798416013735910
  0.96831696349539387  0.97873759293942519  0.98917519685436817  1.00000000000000000
 -0.00227612780161935  0.00928826773083797  0.01890395960434912  0.02918433911545470
  0.03948588281328465  0.04973050283499923  0.06000545189395879  0.07041235013433199
  0.08101934212556451  0.09187988718239734  0.10269546775737526  0.11359869029047910
  0.12420572959305345  0.13518757116313215  0.14599322371823722  0.15667163575551740
  0.16713784270912579  0.17774046350188399  0.18834135300320137  0.19900050974094341
  0.20948610246605956  0.21996682101674325  0.23032954613885409  0.24091351981591883
  0.25151209233794447  0.26184956583711994  0.27211247352034473  0.28208192929910331
  0.29215956075347954  0.30269580406094487  0.31332386397072925  0.32398570229657753
  0.33442128301919938  0.34495071301743230  0.35558823275370455  0.36602026181896652
  0.37646581698538284  0.38670209031698038  0.39708536286130913  0.40745759318072799
  0.41781284724805146  0.42831095510764272  0.43882932075360109  0.44938703759733772
  0.45979952214195413  0.47041247211484727  0.48117257596114149  0.49195710660309294
  0.50278734991038643  0.51387414130621234  0.52489867068415763  0.53567622801581638
  0.54645792059820808  0.55710364065530216  0.56767104685577863  0.57818558236162565
  0.58874547681510170  0.59927213492131048  0.60991277614711659  0.62058991483246551
  0.63114492254707921  0.64163253396109676  0.65235204116990031  0.66341091649201089
  0.67432262745648885  0.68493497550769344  0.69555905382264827  0.70627164600667292
  0.71687393212918704  0.72749476060615015  0.73824288087441392  0.74896007034768397
  0.75945601675833552  0.76995648265451699  0.78046170943893578  0.79095279765096105
  0.80110258878257801  0.81129051543759323  0.82140415807764366  0.83151709985755784
  0.84213498392529185  0.85277287177267325  0.86324979181004202  0.87358031127040925
  0.88398247715058265  0.89462680518197468  0.90527547528579366  0.91586362732910709
  0.92640940713291342  0.93669100257127025  0.94695880618747841  0.95729246092877485
  0.96773323159821845  0.97834551260521285  0.98908664355010822  1.00000000000000000
 -0.00218495791407839  0.00971513156384930  0.01995135233213430  0.03026679480611488
  0.04071196558580454  0.05114433939233199  0.06166591567997535  0.07204204789078962
  0.08234519588373479  0.09286868498023579  0.10338868579070207  0.11408656402129826
  0.12450315049630188  0.13502824337920991  0.14542480159628141  0.15594562832031894
  0.16637090415629385  0.17716766734122943  0.18769623548011138  0.19773612843837268
  0.20787750906851907  0.21834056608509472  0.22884219235051595  0.23938900687940728
  0.24971063713344213  0.26028666414741680  0.27068179146791344  0.28131051716549627
  0.29210635913624877  0.30239027256113893  0.31285062414833892  0.32281813334759024
  0.33275182416735505  0.34295501487590191  0.35341681689132565  0.36422936239534981
  0.37507594568915670  0.38618517624175269  0.39702943517503869  0.40743755451772051
  0.41787113586061819  0.42868593580914460  0.43953510803363366  0.45022831238193978
  0.46089607447212222  0.47149250394933223  0.48203690224071005  0.49260927140260802
  0.50350503831869464  0.51420965517604622  0.52479780898868600  0.53522650734294186
  0.54546450480808994  0.55572477602330850  0.56584117190012928  0.57649556790175271
  0.58706421406855647  0.59774210697436370  0.60837788177016439  0.61880648215401690
  0.62947659289241398  0.64025070308985776  0.65098008436550292  0.66129828893103504
  0.67154306116555118  0.68167284571781028  0.69188274753866585  0.70200779731995044
  0.71247848148789794  0.72335097496627709  0.73409953983257625  0.74466631366253966
  0.75499248146066500  0.76547180522777591  0.77628534106945379  0.78725320892325645
  0.79816688091567323  0.80930518982161603  0.82034499523620863  0.83144957118896579
  0.84195090697757469  0.85248487424969566  0.86274057662447778  0.87331278786459754
  0.88368274025263382  0.89424952834815175  0.90460178747695452  0.91483076682276743
  0.92494950687411004  0.93501771982381043  0.94549133545494413  0.95609505672617312
  0.96695425838882731  0.97786970722936117  0.98889026760643139  1.00000000000000000
 -0.00213369993979594  0.01015184092440630  0.02051264211715798  0.03137468194604819
  0.04216256483010723  0.05261730367263153  0.06317407664977819  0.07397472948809321
  0.08462729439383444  0.09488269287186590  0.10518853825322878  0.11587638809682596
  0.12652187103780829  0.13690259757674220  0.14745235397932946  0.15800990510559337
  0.16854649220039425  0.17877055228254007  0.18882761200222170  0.19880298404806634
  0.20900174974929056  0.21916365140782687  0.22914128682532464  0.23920024394222913
  0.24925075401885316  0.25963874759909283  0.27011540771700066  0.28074713906456150
  0.29145354790303318  0.30195541412866278  0.31248454749671112  0.32315187151167218
  0.33357184177569127  0.34398535931313112  0.35413217914914796  0.36459061139796528
  0.37520754994596811  0.38597354436267900  0.39674140823423104  0.40757969364888946
  0.41856792239769097  0.42977749983448477  0.44130867742953550  0.45262079416220991
  0.46388702149270383  0.47512874773181807  0.48607721169639440  0.49658616279718520
  0.50706757430034344  0.51736624335152726  0.52791705558124713  0.53844337732437431
  0.54925426228130425  0.55996994051386006  0.57053436826961268  0.58105183073443034
  0.59157682940299217  0.60212305363445140  0.61259545729763476  0.62295742414361122
  0.63360272695424036  0.64418686087035848  0.65479666249005097  0.66537518486651004
  0.67626283931914810  0.68696698442354120  0.69741278888853730  0.70795438576403946
  0.71866402956973618  0.72943647599818484  0.74022686602274390  0.75084906355921033
  0.76123257831363822  0.77133055322185051  0.78129620972774072  0.79131569130768520
  0.80147868888065632  0.81163163782453907  0.82187431172043424  0.83246045405781399
  0.84331495017899560  0.85411800973522412  0.86439942794812519  0.87492534800448862
  0.88589466937335015  0.89689996993472143  0.90778193217559655  0.91838996252840255
  0.92904810890304956  0.93963139803288231  0.94998083315412774  0.96015718277266360
  0.97006640665299970  0.97997436821406603  0.98993443172244400  1.00000000000000000
  0.00959450088960530  0.01599304729419897  0.02541489091419295  0.03603469448673588
  0.04624509699578559  0.05657436871923621  0.06695338546965862  0.07744378499457272
  0.08795581631305011  0.09833314995033596  0.10870469653856982  0.11898972843299628
  0.12911858137043969  0.13938208815836253  0.14986575988527837  0.16077349310584910
  0.17144314786268269  0.18179694670431604  0.19224388877286447  0.20294353780100188
  0.21338353000254762  0.22387245580193937  0.23443767040090308  0.24509432194608341
  0.25538441132384859  0.26551357032479972  0.27581235799325143  0.28596197050509986
  0.29613326539846824  0.30610007210430329  0.31623237062701598  0.32637070266853069
  0.33680355056337274  0.34737001406191581  0.35800322157610137  0.36855399954993129
  0.37901279821071948  0.38945185062874693  0.39983709624467884  0.41036426615454236
  0.42059234665649170  0.43093977641082476  0.44115854518636111  0.45165733710954420
  0.46202867828047228  0.47216662903172890  0.48210929405181080  0.49203577206012222
  0.50224616868254235  0.51242340736732028  0.52261525221332872  0.53285826722073149
  0.54318869522278379  0.55344113129252259  0.56352688833158715  0.57358692553324486
  0.58380739506602852  0.59435346343051387  0.60513727673310536  0.61594587975455151
  0.62684132355927680  0.63786005315072480  0.64874042270545718  0.65930966217699061
  0.66972515850527581  0.68012745917999351  0.69065268905591104  0.70121982057973353
  0.71159623821705575  0.72178233246563128  0.73190182561146888  0.74198898644566358
  0.75220514353180568  0.76267568339797231  0.77327271275745757  0.78391436240711043
  0.79448327798017304  0.80505758617608447  0.81552598643495544  0.82573697949625224
  0.83599250445838202  0.84638402280698521  0.85689394591452273  0.86734263449659199
  0.87778943955712152  0.88800904986500262  0.89840661133106625  0.90854746893615401
  0.91887861310818253  0.92917433549550799  0.93940182209802603  0.94950855628252873
  0.95970588198336937  0.97021177700369288  0.98067538158789169  1.00000000000000000
 -0.02078060950692674  0.12194348697721019  0.15991458783570567  0.18304032481641758
  0.20086477947595108  0.21575947419707811  0.22891140344432798  0.24077464466036086
  0.25175776239205439  0.26169992296854633  0.27116627664987691  0.27990038437777531
  0.28839539585045360  0.29648610335580861  0.30430429000817727  0.31197261242939039
  0.31928508861476479  0.32644342545013644  0.33341774784399697  0.34020067628736794
  0.34682125280171383  0.35332148340786684  0.35965978728215375  0.36588657587704060
  0.37208727294166105  0.37812676538658746  0.38405475433919134  0.38991540936507663
  0.39566739676838908  0.40132172731781707  0.40692133753222615  0.41251321082412051
  0.41809626600738525  0.42356360246722985  0.42904959900250450  0.43447225681337059
  0.43983078019874805  0.44514190412061788  0.45044582836647429  0.45571994734881038
  0.46093707210490997  0.46611904302383783  0.47130135899045755  0.47649326742788817
  0.48168693448876215  0.48687584138805490  0.49204899159383220  0.49723865492235286
  0.50242384929465311  0.50761679132709481  0.51281075542138077  0.51803694698681491
  0.52328500528069355  0.52854195555360028  0.53378183958780734  0.53902281610089930
  0.54430152137864207  0.54961521824025983  0.55497305804602837  0.56038056675821213
  0.56583791603017797  0.57132739142127642  0.57679902876293343  0.58227308559142388
  0.58785560857699071  0.59349156849877871  0.59915159138541185  0.60488195739258266
  0.61071039095869240  0.61661998598149925  0.62258695609407455  0.62863488627940589
  0.63477986215527638  0.64095170426192649  0.64725356250161847  0.65370757688021086
  0.66029752827677557  0.66700267505628097  0.67390149753601114  0.68095194035358686
  0.68817739696183156  0.69577088229036421  0.70355386590572744  0.71162233858464874
  0.72011143878870543  0.72885372070715604  0.73846245886855510  0.74848035264349089
  0.75933358862699496  0.77100649480470373  0.78405979908220802  0.79900618976260984
  0.81692403351121179  0.84007132801649631  0.87861889037704388  1.00000000000000000
   2.0055310890149334E-036  -1.0000000000000000     
 F F F F F F F F F F F F F F F F F F F F F F F F F F F F F F F F F F F F F F F F F F F F F F F F F F F F F F F F F F F F F F F F F F F F F F F F F F F F F F F F F F F F F F F F F F F F F F F F F F F F F F F F F F F F F F F F F F F F F F F F F F F F F F F F
  <DiscreteSampler_grid>
  grouped_processes
  1 # 1 for a reference and 2 for a running grid.
  10 # Attribute 'min_bin_probing_points' of the grid.
  1 # Attribute 'grid_mode' of the grid. 1=='default',2=='initialization'
  0.0000000000000000 # Attribute 'small_contrib_threshold' of the grid.
  0.5000000000000000 # Attribute 'damping_power' of the grid.
 # binID   n_entries weight   weight_sqr   abs_weight
    10   10   1.924409000164792E-023   1.136610579414318E-045   1.924409000164792E-023
  </DiscreteSampler_grid>
