  0.98402872640590744  0.98442030945258896  0.98475484387583168  0.98499495856725272
  0.98520976775511171  0.98539018943874457  0.98555798008929762  0.98570886806463465
  0.98584913710638822  0.98598680112934978  0.98611324648174281  0.98623337198992345
  0.98635039381917300  0.98646074336937795  0.98656218061170098  0.98666138881651733
  0.98675887164488885  0.98685518830417263  0.98694276486887111  0.98702893351306298
  0.98711379041805036  0.98719660290641353  0.98727807241335386  0.98735411737941958
  0.98742765234212582  0.98750050855165139  0.98757275864431870  0.98764436341102224
  0.98771625937606189  0.98778307699394197  0.98784883624194453  0.98791358844222088
  0.98797833036380511  0.98804258635899589  0.98810654599550019  0.98816788042107762
  0.98822661663774525  0.98828494741698036  0.98834265620163952  0.98840010346448381
  0.98845729428643681  0.98851403096381152  0.98856986906067479  0.98862275037889302
  0.98867442694095120  0.98872611061662807  0.98877748596081039  0.98882820985095388
  0.98887861620598128  0.98892785892105251  0.98897711974781422  0.98902347093906873
  0.98906904329731238  0.98911423910670726  0.98915921009292462  0.98920424463559287
  0.98924875124560152  0.98929353480090121  0.98933777679403534  0.98938206082735103
  0.98942516597597263  0.98946639727535735  0.98950704371033582  0.98954764039674303
  0.98958708404171158  0.98962660606453456  0.98966591317557251  0.98970495980935502
  0.98974401961990699  0.98978275899804602  0.98982203866175311  0.98985939452648419
  0.98989540809210785  0.98993110615438851  0.98996655825934221  0.99000196036523058
  0.99003751498709414  0.99007297068960975  0.99010824437245037  0.99014329692637271
  0.99017783973055240  0.99021205181724603  0.99024616285419365  0.99027897230921569
  0.99030968053812551  0.99034078635326483  0.99037169862472352  0.99040233815270473
  0.99043275850450441  0.99046308805956096  0.99049350136675951  0.99052377660880098
  0.99055434246440388  0.99056937248743626  0.99057138485201202  1.00000000000000000
  0.00509725399188711  0.01467125231102917  0.02556274689723023  0.03671043790485634
  0.04755691396565567  0.05831428771623538  0.06908713740997137  0.08003496747141280
  0.09113599470503586  0.10224869627581502  0.11330178344866271  0.12478274255464121
  0.13641269866084255  0.14758006325258116  0.15800872952667205  0.16790140783736918
  0.17790522198384956  0.18810995032926658  0.19818342909546408  0.20798645269352753
  0.21783429239476448  0.22791233162216529  0.23806588027121203  0.24809029882123129
  0.25834050559942090  0.26876833287012808  0.27866572786375499  0.28824222076909350
  0.29762448194814800  0.30717806785011115  0.31726282926041754  0.32767911029669394
  0.33850113133004961  0.34865626324298443  0.35879513186716977  0.36859399862049641
  0.37902991790667079  0.38949794527331699  0.40044726027702765  0.41124576233299476
  0.42205574839113491  0.43291048896835405  0.44361410815189817  0.45419056767489230
  0.46480203579405299  0.47572003441533040  0.48665588980002705  0.49773051081486586
  0.50901687008895369  0.52022315292000054  0.53152414788541569  0.54299696788862206
  0.55477544683869495  0.56632121410608538  0.57733890977444102  0.58792336540273160
  0.59813455867490473  0.60851260424343379  0.61940394442888946  0.63069626418130087
  0.64200620810807851  0.65301786294723907  0.66378523624226693  0.67440083710143250
  0.68498940509232054  0.69570220207095157  0.70631577226533582  0.71679048755255015
  0.72755644405668130  0.73843968405947602  0.74936614820916991  0.75996877062617607
  0.77040592936316410  0.78051743698206455  0.79038234010038977  0.80046436012028122
  0.81079650507694900  0.82106167279379150  0.83114933501502508  0.84129153410714308
  0.85158496668873362  0.86197335801976793  0.87222447122421709  0.88215453225238061
  0.89190982080842562  0.90201404743889901  0.91260144447594171  0.92302973890326478
  0.93292285223033933  0.94261677193129390  0.95244795123038006  0.96231042760190721
  0.97213665335205146  0.98175487515676452  0.99098132148861051  1.00000000000000000
 -0.00206825845707668  0.00848393142065128  0.01787105469077814  0.02750516742715932
  0.03734498647545040  0.04747323172859971  0.05777166153896064  0.06834288117338209
  0.07926991716742617  0.09019321888317108  0.10100221098260434  0.11132206242837993
  0.12163072800417207  0.13213213857634229  0.14292902376455921  0.15368770396511616
  0.16440749235530894  0.17508466754686791  0.18583666066499854  0.19660652313521793
  0.20705923197667989  0.21819272708193727  0.22899481937755803  0.23970767227456255
  0.25023661485457233  0.26097371298200034  0.27168662592507070  0.28220418717537588
  0.29307650664322304  0.30413960924414185  0.31491737185697338  0.32528795832962809
  0.33591618506791149  0.34684768177853348  0.35743427536243055  0.36695170617521483
  0.37641849254233378  0.38648146960294993  0.39722589446546325  0.40797741498183399
  0.41815301394156634  0.42783178741837297  0.43738543409489933  0.44672020694386627
  0.45637725876416174  0.46606530334054391  0.47582509443824761  0.48580426876563343
  0.49636116982374501  0.50752582070057373  0.51950681156492651  0.53120378885587749
  0.54218096068269506  0.55251683985136302  0.56289963484904837  0.57342689046810780
  0.58425147366160446  0.59560230953271898  0.60648813469532181  0.61708128223134329
  0.62744356194060902  0.63804006946528669  0.64898401859466648  0.65995486666014069
  0.67081632409981129  0.68170736010103838  0.69285869060983019  0.70363782176234113
  0.71423630831874951  0.72476853973988886  0.73559838372909536  0.74644199695210656
  0.75690525069442693  0.76724138630088390  0.77739385998084354  0.78746483422416158
  0.79779915624017073  0.80799283215905127  0.81798526336498989  0.82794252690966430
  0.83820656319074272  0.84896677369106788  0.86010277230669718  0.87188749739615246
  0.88395609848045986  0.89556172263307965  0.90655029167751644  0.91734153345067082
  0.92842719358134729  0.93910829294040232  0.94928598220411342  0.95935656669710734
  0.96987278110632025  0.98002916272549634  0.99013967592140995  1.00000000000000000
 -0.00300227773340626  0.01053332532602846  0.02144962903126196  0.03204607612724460
  0.04286537313347174  0.05364383721507177  0.06428548361501106  0.07466428997248642
  0.08518078513716312  0.09589719068761281  0.10672191589156906  0.11742102293926183
  0.12821077872262776  0.13912713291076959  0.14983925192343775  0.15975426777436613
  0.16933486162917474  0.17868093520280443  0.18836701799243460  0.19846461267584387
  0.20911474629500371  0.22024432294732929  0.23108517101349701  0.24214397002382027
  0.25241209474873366  0.26263924992942767  0.27293457378909719  0.28372500348369756
  0.29445947074129869  0.30494208681483270  0.31545580283689512  0.32600310862477982
  0.33710081130068836  0.34771754339133715  0.35852409080376102  0.36939155504989357
  0.38017322373269641  0.39073985816784174  0.40063670087466152  0.41060587717202185
  0.42064975558708545  0.43058560290163517  0.44075317976473444  0.45127735195527297
  0.46255650080159555  0.47353384714713298  0.48416254488695237  0.49447316364690258
  0.50526997491268555  0.51605870767074313  0.52715673119235118  0.53810829188090048
  0.54881896450059264  0.55966481024189141  0.57051885682445724  0.58125796673375407
  0.59137342207955312  0.60134087252465862  0.61216320621867804  0.62287634858511431
  0.63297546708684993  0.64306529160433001  0.65342144502468291  0.66405039384576359
  0.67420034618505076  0.68509510315237909  0.69582240077110247  0.70673301915518549
  0.71718808258769562  0.72746301940466918  0.73761902399942536  0.74762105213249097
  0.75782409800465955  0.76803085849457053  0.77850730562472281  0.78927045703722354
  0.80010741531995722  0.81060634507863560  0.82131358999800441  0.83236677765759215
  0.84409993320572119  0.85550448475172103  0.86599136850011527  0.87662112725298003
  0.88664589100138180  0.89664136922303084  0.90639556112237540  0.91640250962318226
  0.92708608534887149  0.93781523962826829  0.94835045783158856  0.95842270055392031
  0.96860792424170172  0.97906786669889578  0.98964574777846503  1.00000000000000000
 -0.00254922729435501  0.00964706877983199  0.02028039293810941  0.03064797828194561
  0.04074693357261341  0.05087120662258320  0.06123892696722827  0.07144673827328672
  0.08109771231819003  0.09096785505973061  0.10129748041755916  0.11164658967278412
  0.12210146847655208  0.13260756026885639  0.14303056030535932  0.15313810767697700
  0.16305184427578140  0.17295379875295472  0.18290067798528570  0.19291898914573044
  0.20290237174169110  0.21296675260684875  0.22319905162435061  0.23394874808986199
  0.24502880056398202  0.25566142639694939  0.26640960099734290  0.27773737390504988
  0.28986487121081900  0.30124793457239268  0.31143343366127207  0.32182957562594811
  0.33221470103731926  0.34307267437343930  0.35363145431401788  0.36457376948057790
  0.37534097613329076  0.38623101484968758  0.39697187735472400  0.40764190410730489
  0.41823693955818558  0.42891762922975496  0.43923727542844865  0.44946605903223513
  0.45971736429074717  0.47088950418662895  0.48160142622671953  0.49207511852893049
  0.50229230400217439  0.51304920262921971  0.52400772399068840  0.53458156386528766
  0.54541930749152390  0.55604594778300487  0.56683156416695035  0.57767759871422997
  0.58835073240882285  0.59867489047408007  0.60889398142483364  0.61966160572138462
  0.63087074273755095  0.64172705664664142  0.65268896265984111  0.66418242352353396
  0.67572024795361174  0.68693827721188028  0.69765151613085574  0.70796802365604261
  0.71796887183356806  0.72781873049900037  0.73760341304236821  0.74766570216941053
  0.75804273390814469  0.76844501816858835  0.77873238495914043  0.78875714304112943
  0.79927378964129403  0.81036083281147564  0.82195313840974593  0.83326142983012674
  0.84433937443349782  0.85519337303575349  0.86593299048722705  0.87636474775374884
  0.88685493438594254  0.89712765737394340  0.90722168264804515  0.91736790114554800
  0.92792977739893867  0.93888778570895304  0.94958687528378116  0.96019000713006031
  0.97063336589547211  0.98062880011054587  0.99044626346901010  1.00000000000000000
 -0.00231493265575826  0.01092826112078245  0.02132778252571448  0.03151592740372412
  0.04150808731085497  0.05244062934899420  0.06310922892794579  0.07321353296081057
  0.08304840081761626  0.09343854957657330  0.10413223521637323  0.11466104060207721
  0.12562256161650023  0.13652049874069683  0.14752267028534544  0.15821245199168471
  0.16866321205769849  0.17893208185679443  0.18876007676747197  0.19861521370742952
  0.20836291677187421  0.21828194554815938  0.22806693020924154  0.23819255361430353
  0.24848914751387083  0.25981738242116570  0.27106233263093404  0.28202922445145284
  0.29259089674909206  0.30336589384727425  0.31463988343326710  0.32587579072643974
  0.33710168969446375  0.34770336695724391  0.35819232943175938  0.36830083643331918
  0.37843344066268819  0.38873024061734895  0.39896079405183937  0.40912451698928082
  0.41935929741149430  0.42987545079102585  0.44051457324045007  0.45148028273098756
  0.46256282425241591  0.47384112567561715  0.48493432832524108  0.49597732406914502
  0.50670627750366348  0.51728360850907973  0.52768712168696097  0.53778963102080501
  0.54810691554146596  0.55846287819265228  0.56854813922635405  0.57826722216271753
  0.58849645353691959  0.59978663179380598  0.61120335058905462  0.62213771442822841
  0.63257371928160078  0.64291752848326489  0.65322848707816750  0.66340181846548274
  0.67353075961208575  0.68363615066327277  0.69391366130470844  0.70471909793705956
  0.71541932749110004  0.72621939807874869  0.73692642995010915  0.74771013799056718
  0.75818980197136998  0.76828141297575636  0.77843266028832436  0.78856904506043324
  0.79875371914199089  0.80900552178861662  0.81929643102125205  0.82945969720611168
  0.83967746106013474  0.85023479961848858  0.86032580339340137  0.87048791278419879
  0.88067428117252722  0.89147687119196084  0.90230555436798277  0.91292323928763686
  0.92361713306031124  0.93422252568705622  0.94480765386896215  0.95579676107552081
  0.96681739044884296  0.97803523852607666  0.98918244214584605  1.00000000000000000
 -0.00237141487873616  0.00952677129574413  0.01909875843872294  0.02984302989878902
  0.04040003063025713  0.05056929663755196  0.06048895815238005  0.07058351930316126
  0.08144346100226578  0.09201215131448692  0.10262325097946243  0.11290698202222478
  0.12343943280101478  0.13365241410109485  0.14429866866909108  0.15481280581951318
  0.16565906396129937  0.17655523618319985  0.18762825682204548  0.19815561369526424
  0.20812465191630719  0.21827363894758647  0.22874619898204818  0.23990287115613768
  0.25136131916516596  0.26318080278053801  0.27533859364208102  0.28762892393807055
  0.29982125554425548  0.31191331056905602  0.32372923125883624  0.33591492098862519
  0.34810153988946074  0.35952580669785267  0.37017889241560153  0.38048198264367050
  0.39060531042279412  0.40068682143322887  0.41080499335411758  0.42073834459248616
  0.43084449129736113  0.44098025333270841  0.45151862546110955  0.46185255467662456
  0.47198762156968410  0.48254287024362835  0.49338099718482287  0.50408302076868983
  0.51377983864706256  0.52343453770989590  0.53352787217721476  0.54361777472579487
  0.55366225768007005  0.56402428153495965  0.57535290150042351  0.58676302030083494
  0.59783920833790749  0.60850587195408634  0.61886116156882454  0.62923585359435508
  0.63961198354433724  0.65027487128328021  0.66061400890652278  0.67127965975134563
  0.68146877988796195  0.69165438723676809  0.70173764165418528  0.71239487741061747
  0.72301000332708143  0.73362762686408101  0.74406036420606581  0.75455459877546305
  0.76506900188671578  0.77542274389417598  0.78579179236810126  0.79578260319543215
  0.80573704778286115  0.81559026663700962  0.82549444618155343  0.83575552573767808
  0.84576124651950757  0.85574758215376956  0.86545078526367825  0.87526713646899257
  0.88577716057778988  0.89671457940931776  0.90751651069791073  0.91742579796563251
  0.92766507623826444  0.93809471094127661  0.94840777547560373  0.95882257547743333
  0.96940431034982355  0.97991160111157150  0.98998789037292989  1.00000000000000000
 -0.00242891413669146  0.00964887763605266  0.01979072859828775  0.02989183430235793
  0.04066492647310284  0.05144232742556932  0.06193161985950645  0.07245856202742530
  0.08296687381583863  0.09340739248576119  0.10378038065533358  0.11371165765315350
  0.12399999432805078  0.13381082734228231  0.14383673840561745  0.15389693146759514
  0.16389747652107989  0.17389314798189870  0.18381615293130979  0.19421304390507216
  0.20498151298684977  0.21558089390665586  0.22629753726341081  0.23714415880089326
  0.24823317635111722  0.25913036378673443  0.26984343905086927  0.28084110705053961
  0.29219595203322707  0.30346840294449356  0.31421639265157209  0.32438754608430909
  0.33437785469123160  0.34441195826024973  0.35449165134017074  0.36452054880071982
  0.37454963305519495  0.38472401652086963  0.39522557620363702  0.40578308631086624
  0.41621161813665747  0.42671355843879827  0.43716708190682974  0.44730201441622558
  0.45717086400149581  0.46722346462757525  0.47768367549602436  0.48863095713254029
  0.49987248704767934  0.51114078400031382  0.52244970292437865  0.53370002958785145
  0.54469276698536206  0.55535924487921728  0.56590597457024938  0.57661464780848593
  0.58725556820835789  0.59768993993239472  0.60824504647104138  0.61889836870463799
  0.62950096863916238  0.63992822732479659  0.65034519629091814  0.66098883355340221
  0.67171047308334664  0.68234158748343532  0.69289354516928436  0.70343299206417809
  0.71407631545189532  0.72463794381689595  0.73544738004186727  0.74628040490163561
  0.75701040673014519  0.76762579419664623  0.77802718374932589  0.78863499475418830
  0.79922805530221475  0.81003824407261549  0.82102201784672024  0.83179060317668396
  0.84276801388383560  0.85403877069499801  0.86522595428530535  0.87601147696942006
  0.88649758414259416  0.89690229471144578  0.90688516533882768  0.91689685832084789
  0.92689553953703618  0.93755713593769996  0.94806600138830077  0.95870783364606005
  0.96887731757445572  0.97920870566939566  0.98971745068922523  1.00000000000000000
  0.00959410989306428  0.01624762406366585  0.02491017419984735  0.03556915251290895
  0.04540217237971771  0.05529591796356946  0.06523927688461834  0.07529690195496683
  0.08531917944799439  0.09561830987598371  0.10600057030974069  0.11641226302223932
  0.12667018979982186  0.13671513846131494  0.14664133195927367  0.15674183007517475
  0.16725295273551230  0.17811987583834457  0.18872085622945731  0.19888189017084701
  0.20922864385301895  0.21986361300532223  0.23056362816050796  0.24088193120631832
  0.25112126212061558  0.26097541045227679  0.27076208131471519  0.28054389572892457
  0.29051757742283479  0.30084304273272633  0.31118302326613112  0.32179650183006098
  0.33213962008638503  0.34252136789741927  0.35263016620032844  0.36247828698027457
  0.37241496913774952  0.38260584777872425  0.39298578900285208  0.40335401331050796
  0.41345358354476014  0.42399383691907111  0.43449412553188216  0.44557347128879549
  0.45652594638627120  0.46730165889452041  0.47796153282683340  0.48879095323313965
  0.49931384181341226  0.50935873481102656  0.51928823659789747  0.52928830851413755
  0.53972602938750913  0.55021844716446999  0.56107390661025136  0.57245233561979680
  0.58362130976424742  0.59401091246884064  0.60387292100278667  0.61344384188584777
  0.62312818351192212  0.63311609278384096  0.64299276027080055  0.65342098713471863
  0.66406190361248185  0.67574630251410106  0.68706988268651170  0.69884162461162336
  0.71003788622320596  0.72161786996649857  0.73274491669798103  0.74310027845860183
  0.75341621701266681  0.76348348440340774  0.77358070799492606  0.78399516644885603
  0.79490611590908455  0.80684562896221035  0.81801163956237211  0.82912676167775068
  0.84003284618699059  0.85098769069109537  0.86154273390513425  0.87215914190643851
  0.88298642882637435  0.89331970716348730  0.90338038186645853  0.91346942709121826
  0.92412730171065638  0.93486014687704355  0.94479377218584137  0.95447140844655998
  0.96393319255566534  0.97443054358626546  0.98627073565278223  1.00000000000000000
 -0.02121232380360718  0.12292391087067750  0.16265683728214356  0.18598566752589535
  0.20373129140491797  0.21872142275183376  0.23195275512661551  0.24363636394795091
  0.25440727832438526  0.26440369595850377  0.27364499416849325  0.28217475203698883
  0.29034649384961347  0.29826106140800990  0.30611778427662462  0.31375091577739894
  0.32096293111337115  0.32795167476093640  0.33482775843552620  0.34146990288374074
  0.34796306545990630  0.35430403730996451  0.36054218458412179  0.36666119011003268
  0.37266820512569027  0.37850432655125787  0.38422596369980538  0.39002215870091794
  0.39599514106300110  0.40205258235661750  0.40803027466838887  0.41379750703390056
  0.41940034832571343  0.42489475589885312  0.43009692395201626  0.43547779638663203
  0.44066348379051001  0.44584612304423077  0.45113820913109909  0.45646469732428396
  0.46168441575554797  0.46679419585358289  0.47189204044466548  0.47698474921559991
  0.48204247579406578  0.48699215927895689  0.49193458192559114  0.49681516568529077
  0.50181820392435006  0.50691055765169402  0.51203526659192622  0.51719568609144206
  0.52232859787924002  0.52752760976758273  0.53282886969918641  0.53821963005217044
  0.54377457098364779  0.54930943505785013  0.55493716148495953  0.56048590088400763
  0.56600951811895883  0.57144379184100258  0.57667560295313247  0.58188052382915412
  0.58736174060253799  0.59314566551921510  0.59911702194465344  0.60504357991677393
  0.61075218942786413  0.61631486714820460  0.62190021568658604  0.62756284470978574
  0.63344463646650151  0.63955755695402483  0.64572655957975333  0.65215796441172624
  0.65837258573055646  0.66454609012593402  0.67095813290020989  0.67803016969958663
  0.68556475841516629  0.69340115992384244  0.70135868984436112  0.70921741165500363
  0.71806167603755366  0.72711288171604849  0.73699887830327615  0.74728283380077820
  0.75830632273853971  0.77044386408937415  0.78372799783614355  0.79842024553563440
  0.81583409733447676  0.83848903230260252  0.87731232792711178  1.00000000000000000
   2.0862679500972255E-036  -1.0000000000000000     
 F F F F F F F F F F F F F F F F F F F F F F F F F F F F F F F F F F F F F F F F F F F F F F F F F F F F F F F F F F F F F F F F F F F F F F F F F F F F F F F F F F F F F F F F F F F F F F F F F F F F F F F F F F F F F F F F F F F F F F F F F F F F F F F F
  <DiscreteSampler_grid>
  grouped_processes
  1 # 1 for a reference and 2 for a running grid.
  10 # Attribute 'min_bin_probing_points' of the grid.
  1 # Attribute 'grid_mode' of the grid. 1=='default',2=='initialization'
  0.0000000000000000 # Attribute 'small_contrib_threshold' of the grid.
  0.5000000000000000 # Attribute 'damping_power' of the grid.
 # binID   n_entries weight   weight_sqr   abs_weight
    10   10   4.378876776184453E-023   5.065854352514707E-045   4.378876776184453E-023
  </DiscreteSampler_grid>
