  0.00493267407113481  0.01488688890288258  0.02643495748782997  0.03747629442295717
  0.04804097417317685  0.05844120188111095  0.06875585897023395  0.07881253360016778
  0.08881250641703463  0.09882570983386650  0.10905180332336896  0.11921522806578248
  0.12947316458975630  0.13980846703670494  0.15075681113849401  0.16165306000956794
  0.17234029097343645  0.18278895716150770  0.19339663105656804  0.20433498176217427
  0.21535306761781534  0.22599632312886542  0.23637824242472893  0.24688266786148125
  0.25762919903632731  0.26839136770499999  0.27859742752510230  0.28871862469316889
  0.29877014611178909  0.30912438195958275  0.31988454252043763  0.33031110129168229
  0.34013108592418190  0.35018754565121535  0.36022752274207182  0.37060416235396609
  0.38063529072444957  0.39079833143948722  0.40076559514599680  0.41077275405253844
  0.42102287803042354  0.43172594175836565  0.44221230368209680  0.45228726956393128
  0.46264434222197792  0.47303946600875074  0.48322867426368193  0.49365270650359261
  0.50422962267622495  0.51628580502371035  0.52765324071338182  0.53895384384055112
  0.54983175554766350  0.56081807225334424  0.57182648773344524  0.58289547222760296
  0.59372321237394077  0.60433443496000849  0.61460124608510891  0.62506272060764156
  0.63534496790310557  0.64549640366276861  0.65548744261971725  0.66562954710517697
  0.67583998233118459  0.68607394287498480  0.69626150979761869  0.70663895292131562
  0.71686919398383597  0.72677549311676670  0.73654832435803430  0.74661623762712948
  0.75718100745159234  0.76798099873675008  0.77827378393390167  0.78814647491094281
  0.79839166360995373  0.80864053436345051  0.81892097287402987  0.82907524350906403
  0.83943503146632936  0.85003487451219628  0.86069740741625411  0.87143936454253734
  0.88221819623833586  0.89287358671306627  0.90318470526952144  0.91325993396894856
  0.92330774247785974  0.93332493945588402  0.94331296133535059  0.95318419870269022
  0.96319332234451760  0.97287259821895322  0.98333950468760079  1.00000000000000000
  0.98403814308141491  0.98441898176866027  0.98474785562286460  0.98498716925822249
  0.98520188759404648  0.98538212277067783  0.98555224253748985  0.98570708548039410
  0.98585110067771697  0.98598954031617847  0.98611507301393542  0.98623111261361407
  0.98634537514015685  0.98645691215782716  0.98656030609148004  0.98665988527446158
  0.98675675836224774  0.98685275093743752  0.98694196519163924  0.98702804608147932
  0.98711309200444219  0.98719673682546660  0.98727878140536851  0.98735613429570790
  0.98742958337125231  0.98750244438069013  0.98757529418028089  0.98764748781506817
  0.98771910851289813  0.98778508758205397  0.98784916093278041  0.98791219592917090
  0.98797558613945391  0.98803820876305448  0.98810087414726622  0.98816111528247852
  0.98821916322977910  0.98827570445608692  0.98833170638138002  0.98838769731032461
  0.98844364819591635  0.98849978785205483  0.98855573384111828  0.98860816922318995
  0.98865885381252083  0.98870904892392952  0.98875875514185219  0.98880828459901138
  0.98885766659424634  0.98890670117752399  0.98895553886969567  0.98900403934549141
  0.98905003978078965  0.98909628279863182  0.98914246013379503  0.98918855077973644
  0.98923443639194442  0.98927960028150019  0.98932388631883394  0.98936755674853294
  0.98941091999901565  0.98945253386380938  0.98949310523781520  0.98953395436511027
  0.98957448424943695  0.98961467973921868  0.98965409583407971  0.98969335785940493
  0.98973247508462847  0.98977143187235639  0.98981044928131567  0.98984875161102193
  0.98988555993148353  0.98992187487999639  0.98995816135612458  0.98999440668814909
  0.99003046645913606  0.99006673934806433  0.99010286701132910  0.99013876091130248
  0.99017434297732720  0.99020925170175822  0.99024441977550981  0.99027761358243249
  0.99030932299546848  0.99034059474683100  0.99037154485411394  0.99040209450938632
  0.99043229873909633  0.99046247104922247  0.99049293612412315  0.99052385349296301
  0.99055463461604421  0.99056869947235648  0.99057089472855064  1.00000000000000000
 -0.00234120757000368  0.00946379309424864  0.01924572794047573  0.02961727229729751
  0.04021324440513251  0.05105730323931769  0.06175250754843690  0.07239815420888299
  0.08326847218031483  0.09356978253829094  0.10382046213566591  0.11420917409720614
  0.12449928417957616  0.13422542635147947  0.14353212635374760  0.15322716629179764
  0.16340817944519748  0.17361665824073391  0.18366453616973205  0.19405447167699674
  0.20484835720134856  0.21562992346666712  0.22628365029010505  0.23699394307736363
  0.24808635491508854  0.25907212096058452  0.27043169871383693  0.28147155727099793
  0.29203298163158442  0.30222110556296861  0.31274048364726420  0.32369832620959282
  0.33452865655383029  0.34456195010382135  0.35469146709507610  0.36540735168873872
  0.37633617273266323  0.38705944631329758  0.39770034990387881  0.40865488815561446
  0.41981135195023839  0.43086739032267257  0.44173648765903178  0.45235009380640828
  0.46296066895015336  0.47332241985614959  0.48362602334543109  0.49406639342464709
  0.50453348881111526  0.51514595626065607  0.52552239392911160  0.53595767153911578
  0.54621502532166555  0.55597416914041309  0.56545408293871680  0.57495761094436604
  0.58478078614694595  0.59488957018133104  0.60489575659586770  0.61503881577811037
  0.62531879256079403  0.63572061551609971  0.64610050522215623  0.65646164434886500
  0.66673508636682133  0.67668451589478329  0.68688384954223414  0.69740679627567581
  0.70816754850500285  0.71844282362584622  0.72861358986255376  0.73911098178503820
  0.75000723619869336  0.76074605915745175  0.77157532948790764  0.78274798439527071
  0.79432097376057997  0.80610849065422074  0.81772415789698516  0.82920312679746022
  0.84054869148901434  0.85230712035654632  0.86345092503514687  0.87463692982233010
  0.88508496920980961  0.89531105082075568  0.90516113209176885  0.91518612342557937
  0.92561772372731810  0.93660275857808661  0.94744881719072294  0.95862835326451556
  0.96952500391041097  0.98008742310142283  0.99024442562818271  1.00000000000000000
 -0.00235113428249592  0.00885590470074433  0.01815668807589400  0.02771117604519639
  0.03721117381804949  0.04774752106618761  0.05870422646947353  0.07035599012042019
  0.08216518530455144  0.09369470277482989  0.10493106682601618  0.11546541957781349
  0.12621281852898220  0.13667107727797309  0.14716790565480409  0.15758994301880461
  0.16796001421925047  0.17834458315510657  0.18925985810404661  0.20051308264900147
  0.21169186157869035  0.22269723997459934  0.23463010892207958  0.24697078977679646
  0.25859118384118307  0.26916313953301851  0.27947973202614318  0.29015202896570852
  0.30114615137775114  0.31237634837388067  0.32358417601252598  0.33436279059786078
  0.34454742983832271  0.35436663763002085  0.36426015118825611  0.37429638917012348
  0.38439881621113492  0.39438310716905411  0.40459860502930733  0.41507568087586733
  0.42563995021343382  0.43624585756687473  0.44678707943500501  0.45745226385705656
  0.46815126984546512  0.47890636418010935  0.48936721429612645  0.49949056273689046
  0.50953625514469947  0.51981389073610285  0.53060385115554975  0.54179410192987587
  0.55301341466700082  0.56363220847616480  0.57362948497330635  0.58353991265636351
  0.59354500362611506  0.60349272370716378  0.61321955438609554  0.62303310481420049
  0.63316039494188303  0.64382094895566122  0.65478630777045244  0.66582410022675753
  0.67708805619227097  0.68841996844891373  0.69985443367137579  0.71125443294421953
  0.72258521220816707  0.73348584350507584  0.74357805957366652  0.75346447453113075
  0.76326664166801184  0.77307484578682295  0.78292967658667023  0.79287177164712774
  0.80302971025531811  0.81317959343919655  0.82306718527517975  0.83259009162395869
  0.84244626327052097  0.85250100138794238  0.86354498840420912  0.87381068598695200
  0.88471015408620357  0.89567391400560781  0.90719332759450477  0.91841342191510744
  0.92864019977940548  0.93882079779370320  0.94894738249583066  0.95916565278410515
  0.96908231732467809  0.97890156008190399  0.98941264164641107  1.00000000000000000
 -0.00204530570831887  0.00818961688455659  0.01695323394643642  0.02649475264344504
  0.03608427525935401  0.04620740343057282  0.05627351283952417  0.06637370368593143
  0.07673808155119563  0.08722341891867841  0.09799921941574072  0.10874097821408338
  0.11908020408054153  0.12924394630101466  0.13926541982749960  0.14959007866996352
  0.16016752448502217  0.17059240971136272  0.18090203354742626  0.19152684260000824
  0.20281258854679451  0.21405558406535213  0.22482892553673264  0.23537248456650642
  0.24615301991903574  0.25694065192186782  0.26778104736528568  0.27842131385861268
  0.28887202551093827  0.29894440912733544  0.30924766446918223  0.31928893355805782
  0.32941596056888600  0.33962240919440684  0.35017288196608570  0.36065495124651908
  0.37085976585182590  0.38099325373368070  0.39072499947281625  0.40080490437963706
  0.41097588500051718  0.42144825302140448  0.43163975465788007  0.44179114649359030
  0.45266158402238227  0.46391802925773296  0.47528230098680818  0.48595596069486469
  0.49621806216857700  0.50620068186040790  0.51635740064211233  0.52666194532437893
  0.53711252669213716  0.54842249276658062  0.55976769718295705  0.57045615157394081
  0.58048066001193710  0.59064698352071376  0.60105556865848297  0.61109634334332663
  0.62108277890434271  0.63167229307038997  0.64262988948396460  0.65397021841032399
  0.66480393783114344  0.67673712305501699  0.68877483738510581  0.70076420518910698
  0.71195317263410840  0.72262442746943145  0.73332393331787937  0.74416897911905955
  0.75457463768486455  0.76444142000400184  0.77441273406203992  0.78470944662306141
  0.79530288256689385  0.80552039738087589  0.81600249603431174  0.82677799922898410
  0.83806591096790928  0.84941193884917976  0.86085479433194356  0.87223220205632701
  0.88295731675839739  0.89366566405276804  0.90440152550057218  0.91517301537347773
  0.92559238683187461  0.93606524844985373  0.94688481481168973  0.95769003454332313
  0.96845974896918441  0.97891404343567767  0.98958571606941015  1.00000000000000000
 -0.00251602707243262  0.01048391014886674  0.02105328528365436  0.03206289785360643
  0.04348056726637983  0.05458815422692262  0.06572752596453352  0.07642339162379271
  0.08684542251192022  0.09707936815548038  0.10748361320690394  0.11795051450865462
  0.12849327795350426  0.13923031621631804  0.15010290112532224  0.16063769877078593
  0.17125774743763361  0.18194352589946372  0.19245812015928720  0.20262586920400874
  0.21324183767839647  0.22447400264665082  0.23571592067472313  0.24652455696251269
  0.25752892034866615  0.26865368391789046  0.27984566649717102  0.29126806622459528
  0.30298103595706266  0.31430680225466434  0.32505556399182089  0.33545868850234373
  0.34540225129203256  0.35502366190843715  0.36444911198334662  0.37393052917925562
  0.38361368524378270  0.39319219244061576  0.40285297774579815  0.41291465648357534
  0.42388152643239979  0.43542332254664851  0.44673428569078882  0.45756285707060473
  0.46782152474635441  0.47804395337645766  0.48819990302658267  0.49866189074811124
  0.50878409774887834  0.51856197662965298  0.52856649751584328  0.53888548449395857
  0.54978125441711734  0.56054807650854011  0.57128127855662547  0.58199532092218720
  0.59256456361446974  0.60278628799075795  0.61280872288352606  0.62292306914888074
  0.63341109226270764  0.64425310899573862  0.65502620126286026  0.66594157122693831
  0.67701465464145827  0.68807480054186587  0.69876057806807679  0.70908248134542684
  0.71914097161344470  0.72920668502510844  0.73947706487746712  0.74975582964076237
  0.75987069111830652  0.76991648345518615  0.77999097891114189  0.78997958791476530
  0.79989460619257924  0.81037394130400009  0.82091018441920927  0.83114757086774971
  0.84175164347712761  0.85258829420322901  0.86379758230989090  0.87503052433786810
  0.88615354201986929  0.89748468650856883  0.90880358241705017  0.91967953038345551
  0.93038338223719652  0.94106243595078631  0.95175110471534596  0.96189672775678858
  0.97158109348642152  0.98099892835199343  0.99051835803432187  1.00000000000000000
 -0.00258563102537545  0.00995907172062408  0.02116555522379580  0.03258424426563539
  0.04392238045622893  0.05452069514612540  0.06530326863339250  0.07601436385206814
  0.08617043959539890  0.09605969558804832  0.10578926194367047  0.11606733003197216
  0.12621899569621431  0.13654632594398999  0.14719051974562647  0.15846363656758589
  0.16954175000145488  0.18025194842773726  0.19072660756312809  0.20105423820278698
  0.21133087998180700  0.22123401408180726  0.23141338525529442  0.24171887718996263
  0.25232294534856592  0.26292429303512183  0.27357704343925732  0.28396415007306447
  0.29431794137389816  0.30481028038860397  0.31574249777140129  0.32682751199410215
  0.33816138119436229  0.35006811245574093  0.36247941086169577  0.37418422362637072
  0.38540971755021425  0.39613077934749702  0.40643246737698063  0.41646045143499333
  0.42704035200277674  0.43774886594605361  0.44860142579857770  0.45911949910828331
  0.46988053126936719  0.48057807829073068  0.49129213004309813  0.50219383984915922
  0.51256538382798789  0.52292648035927558  0.53263567997465444  0.54258164626615690
  0.55255562751699205  0.56276678755227638  0.57252173927891847  0.58229584905720988
  0.59214675016304164  0.60260371484601249  0.61307892546775200  0.62364835509677252
  0.63447939279500565  0.64472014055582105  0.65471240488767679  0.66530520593206555
  0.67603038918306102  0.68691022782055400  0.69702293471370180  0.70695613045928574
  0.71683300425712493  0.72687506240399080  0.73697767865721275  0.74725727557689248
  0.75757707029778076  0.76813460551327273  0.77861734473318289  0.78921217074848315
  0.79971527926079233  0.80987352815138203  0.81993338402589777  0.82995529480237185
  0.84090540635645861  0.85190562988151819  0.86289876459615078  0.87390552752231077
  0.88551051677566539  0.89702512365149478  0.90845532519674987  0.91914458282257760
  0.92938893690336211  0.93951724114018331  0.94970066046932078  0.95973604010569769
  0.96993681488709727  0.97962210636674663  0.99004755820138224  1.00000000000000000
 -0.00248474511565887  0.00947964466434082  0.01971014255234008  0.03003314365458809
  0.04039150657137842  0.05091677581558535  0.06160995708604219  0.07198170521829571
  0.08257789987258084  0.09370772354335678  0.10432609991764075  0.11488764098766592
  0.12554737406315988  0.13685631239737150  0.14796386381267182  0.15876615830687218
  0.16993617681537934  0.18128874926138261  0.19201758700256097  0.20206077848404944
  0.21211627655927523  0.22278517281921628  0.23366515654343417  0.24442765953725043
  0.25506078518407416  0.26596709274409108  0.27717045355641495  0.28857765354362247
  0.29972945792355432  0.31036840604667609  0.32108674317543451  0.33173335102040324
  0.34252874215171536  0.35320445658251926  0.36415968193281073  0.37562224965983632
  0.38677127892499047  0.39771428856051372  0.40816845185319695  0.41861634741224019
  0.42972645567116702  0.43987894474517758  0.44989032177005489  0.45966327449196426
  0.46992543564041872  0.48013032767601138  0.49012366078578407  0.49976860308725995
  0.50940750391262124  0.52007605498688203  0.53087337525964307  0.54194769171848156
  0.55286331755780449  0.56394223875342575  0.57490534896261014  0.58536664880249611
  0.59551799013160311  0.60554170851517486  0.61533584928999452  0.62539764069664483
  0.63550412122185929  0.64573576004450750  0.65603335576669708  0.66618996780678896
  0.67634445243388641  0.68665137944361854  0.69749076957192091  0.70871541992699305
  0.71990302003724482  0.73084934047342975  0.74139337502174307  0.75163114745390180
  0.76153081117073851  0.77188057321793113  0.78226663372739047  0.79223768361169122
  0.80203103080887372  0.81198183122449330  0.82245262314980194  0.83299792065908662
  0.84329380781151053  0.85308429062474045  0.86286542544981726  0.87283644742892186
  0.88320282881722201  0.89369185154562869  0.90407347407895211  0.91460004144618978
  0.92531637051008564  0.93577924968248682  0.94561999527443852  0.95523708359585668
  0.96547917780012305  0.97631145994933621  0.98791890570470919  1.00000000000000000
  0.00960568165202144  0.01686393388394753  0.02747346542680171  0.03854027847571088
  0.04903057918443343  0.05948686677090700  0.07014490817658428  0.08102879682599404
  0.09187772177885416  0.10230562760268327  0.11253892388752718  0.12264968903282916
  0.13256934255057740  0.14216021645774327  0.15175763669867157  0.16153112685879908
  0.17161165826739880  0.18202387949064971  0.19264378831246948  0.20346897373682585
  0.21380632069541700  0.22439727249140753  0.23511727053924014  0.24600543130021099
  0.25661346600364382  0.26727518128879074  0.27839185556313217  0.28988843942278308
  0.30122703859112054  0.31239598135567670  0.32321309824470357  0.33342654861101129
  0.34322461238257290  0.35301373061529251  0.36321970738291126  0.37374015476996442
  0.38405101436506628  0.39407516019279437  0.40433676422633680  0.41492856015915786
  0.42542760638914295  0.43559017347565943  0.44555334590536144  0.45541749788163471
  0.46530860036752919  0.47526052101407507  0.48523972960104350  0.49499335013565410
  0.50465306416229438  0.51454579368053310  0.52496039088490287  0.53569748999959099
  0.54664578141936959  0.55719256742203260  0.56755127566688557  0.57786019493346219
  0.58823732276103757  0.59859007965154842  0.60900860060179507  0.61968414155341600
  0.63044691301712585  0.64112385318785392  0.65157224723942353  0.66201933038720251
  0.67242039395089293  0.68387272661875187  0.69562222457166367  0.70721594191140791
  0.71806649313793047  0.72839560226029010  0.73963455197204664  0.75125174598719435
  0.76290834189296874  0.77414011516252490  0.78473622407829013  0.79487808085538925
  0.80491625650645016  0.81540809044448215  0.82595074739382801  0.83637433296358177
  0.84656740123567509  0.85699455629845100  0.86809187125122966  0.87929557132665970
  0.88979796674011968  0.90001289325299372  0.90987837039093178  0.91982585692373287
  0.92969051066677100  0.94009973037501693  0.95077889535427662  0.96100441176408080
  0.97086517926647009  0.98026923959981838  0.99140177559758791  1.00000000000000000
 -0.01993987216552881  0.12368704781808976  0.16101821865286103  0.18412276081106288
  0.20172416918024788  0.21631072631804885  0.22950759220644737  0.24136926626304439
  0.25229838274528277  0.26203743261740131  0.27142950756379414  0.28047500689424032
  0.28926180322019512  0.29748195197655880  0.30541121141566702  0.31313138694422493
  0.32056405371611946  0.32782702405175013  0.33504772607452737  0.34195976651496968
  0.34874094744907785  0.35542252504293104  0.36210319496227672  0.36867158456153065
  0.37498491830573732  0.38102879149407215  0.38700363658628090  0.39300166281913279
  0.39877836167947911  0.40427560485557051  0.40965436704642672  0.41503924939655901
  0.42041345537604591  0.42580250320983687  0.43140935940941910  0.43669883663558734
  0.44189581349357165  0.44687955286718811  0.45172721342565725  0.45667692473921262
  0.46189356336413184  0.46724009333928918  0.47255580871635122  0.47786352265945614
  0.48316058543683765  0.48854678926319767  0.49402226648519920  0.49951260208697484
  0.50498519866991654  0.51036568464834009  0.51569213335984565  0.52089036051678372
  0.52594248243528374  0.53089902354896157  0.53576680151285938  0.54057957066864437
  0.54542810345108073  0.55035295996197187  0.55542984100103432  0.56054353194544593
  0.56556738730030653  0.57065008809309015  0.57576069879724356  0.58096105980807478
  0.58616577204678066  0.59146139051541691  0.59672954260946209  0.60205116559030536
  0.60756074327283249  0.61321299243392424  0.61896054842562476  0.62485542154748819
  0.63099582082991379  0.63735903878220590  0.64375370496859519  0.65038779631230981
  0.65717267821505176  0.66406821470130384  0.67096307111250775  0.67784260755330905
  0.68499538178321817  0.69245732697091467  0.70029954920113702  0.70827574027825069
  0.71686901540288550  0.72588115974525957  0.73552132691338867  0.74581137105491802
  0.75699507669004451  0.76945283730694514  0.78318332430517201  0.79825039059441871
  0.81598959329615539  0.83910770882952934  0.87772222538490563  1.00000000000000000
   3.2547020131580262E-031  -1.0000000000000000     
 F F F F F F F F F F F F F F F F F F F F F F F F F F F F F F F F F F F F F F F F F F F F F F F F F F F F F F F F F F F F F F F F F F F F F F F F F F F F F F F F F F F F F F F F F F F F F F F F F F F F F F F F F F F F F F F F F F F F F F F F F F F F F F F F
  <DiscreteSampler_grid>
  grouped_processes
  1 # 1 for a reference and 2 for a running grid.
  10 # Attribute 'min_bin_probing_points' of the grid.
  1 # Attribute 'grid_mode' of the grid. 1=='default',2=='initialization'
  0.0000000000000000 # Attribute 'small_contrib_threshold' of the grid.
  0.5000000000000000 # Attribute 'damping_power' of the grid.
 # binID   n_entries weight   weight_sqr   abs_weight
    10   10   6.402599890790267E-018   7.849909582479723E-035   6.402599890790267E-018
  </DiscreteSampler_grid>
