  0.00492217150924766  0.01512865233545782  0.02650521759097451  0.03800903906699805
  0.04900492448636472  0.05976843132612999  0.07073385922079095  0.08196309169721719
  0.09308431226734304  0.10405852011945843  0.11476793750424338  0.12536023973949612
  0.13589505552900966  0.14653229765682568  0.15730681741586611  0.16826408085361108
  0.17938702339625617  0.19053854240678955  0.20156362825507401  0.21239774370037931
  0.22310373008138348  0.23365333488699319  0.24401245803734520  0.25446610773505740
  0.26489758016375198  0.27520064495750673  0.28534934768463099  0.29544663657470832
  0.30574666289540264  0.31620039707469377  0.32680400433710016  0.33751782790645757
  0.34827834814227199  0.35893874086878991  0.36940684019141634  0.37971363215908965
  0.38993234155766432  0.40013672400578443  0.41034715972121349  0.42059883088606914
  0.43099505362604129  0.44159810942254535  0.45230794146600861  0.46300297570075211
  0.47355685338577136  0.48393143422224721  0.49425181963532727  0.50466774376055790
  0.51521464613097634  0.52576501385003271  0.53619400746203105  0.54663117037956399
  0.55730188908903200  0.56827002587653885  0.57927726693349713  0.58994003701881892
  0.60018107004479249  0.61044809919788212  0.62082960193799008  0.63120017660040262
  0.64156490179744541  0.65212918049562385  0.66280622446390802  0.67334320386255087
  0.68378134257438306  0.69431469821864411  0.70494766510418672  0.71541304919498960
  0.72563489063001096  0.73586107894913444  0.74611056221280114  0.75635282413595262
  0.76668683164279450  0.77724304253521648  0.78795697893785199  0.79850409837595260
  0.80885363064267657  0.81910327763882951  0.82938572461533977  0.83976185517237179
  0.85030544546298881  0.86104214529841305  0.87180106173911143  0.88237738106812602
  0.89282225616455280  0.90323010598466202  0.91362858898652322  0.92385833067971046
  0.93381320292217374  0.94389800542572944  0.95393381728867988  0.96396653368395602
  0.97368741538473136  0.98291669230033241  0.99163294089667442  1.00000000000000000
  0.00497009311248881  0.01492025935193338  0.02693500218173665  0.03875288337638435
  0.05026442257285695  0.06176326211262122  0.07315220246477266  0.08436389000205580
  0.09533759838338320  0.10625352344796801  0.11725849812952061  0.12815136686846823
  0.13876895609036946  0.14941697323937286  0.16011856936420965  0.17072064707456802
  0.18111429654409789  0.19156132399847439  0.20205607698287692  0.21258432475286565
  0.22310353120598708  0.23362955994683801  0.24415573153336301  0.25484096639417242
  0.26572931384965809  0.27659459271438153  0.28732555425064649  0.29798600446985685
  0.30860401279773442  0.31914921203897412  0.32968451037280927  0.34016100642336977
  0.35046673029096725  0.36075446365782188  0.37114242740120823  0.38157764671526800
  0.39205970917053728  0.40263129291678784  0.41329578383560700  0.42390608095291160
  0.43465929005826559  0.44582188883805213  0.45702358371680318  0.46792515596719136
  0.47861293210548927  0.48926079322738186  0.49981536946967092  0.51051585152045342
  0.52136519855978314  0.53197607936557878  0.54258897733148048  0.55284709988775849
  0.56312952267444738  0.57340516129849584  0.58373883024347284  0.59417886777421858
  0.60469946434930055  0.61535271047573925  0.62594949598227834  0.63638685058077193
  0.64677861482669696  0.65724936761924124  0.66772576141921158  0.67815095135559478
  0.68858052417638971  0.69909607165638121  0.70957062103175783  0.71998173738398719
  0.73053916076656433  0.74136903354756145  0.75217072549583786  0.76255840492347293
  0.77273253909227890  0.78296509905623879  0.79325368548333075  0.80353625483153324
  0.81365683496791996  0.82376448553432313  0.83368198715504171  0.84372955083786461
  0.85378027082746233  0.86398645962307397  0.87430247849758258  0.88466317234965475
  0.89497017608892415  0.90513857421428145  0.91533725698438384  0.92571053640390821
  0.93614896996142671  0.94620913201999546  0.95595839114058767  0.96541169113380354
  0.97460382526039113  0.98358067223456203  0.99233134516749477  1.00000000000000000
 -0.00184249241746330  0.00968815468830942  0.01977635001924796  0.03016245337554442
  0.04063147711936520  0.05096345081751748  0.06122629394938720  0.07147725145520191
  0.08182389166899610  0.09210368239757011  0.10239949295246498  0.11308861373571610
  0.12391478993580461  0.13457661222986575  0.14528936520260408  0.15649427081428910
  0.16762848875336800  0.17825564956063653  0.18875746254150003  0.19933400624544229
  0.20969051653655660  0.22009225101186206  0.23050694018200121  0.24141417396168688
  0.25232761651900298  0.26330617163473541  0.27400280272049593  0.28460870583766640
  0.29521825122808948  0.30577839413404817  0.31629654257421591  0.32660083730358752
  0.33685655275520959  0.34717646889382198  0.35766602329304814  0.36848989763220924
  0.37911294719298794  0.38968725258631232  0.40018551438111749  0.41073227822034269
  0.42095316550616324  0.43110615710414218  0.44133724942871932  0.45178106558162101
  0.46230281860734401  0.47298321830946571  0.48353643398061169  0.49399695739216515
  0.50461796478819443  0.51563740984794904  0.52636239455734068  0.53667814964648353
  0.54687091540228683  0.55711186105057164  0.56726979964293789  0.57732037729368613
  0.58762748833395440  0.59811789201431187  0.60874005486927552  0.61935502431394329
  0.63001770315977146  0.64060841620455966  0.65122995049631061  0.66213826184282720
  0.67296479755356697  0.68368048571668727  0.69441902917441745  0.70516251275823549
  0.71590683729443905  0.72642894547374193  0.73697412782026683  0.74754436615624553
  0.75822218751326953  0.76908396362599429  0.77968867938941788  0.79015841231895112
  0.80103245511656851  0.81195312549771070  0.82237019074181239  0.83296844268196357
  0.84357225491285592  0.85437342510008607  0.86466180470488918  0.87482470053775918
  0.88479720302047105  0.89468745175023856  0.90483839787370657  0.91527457867436168
  0.92598016807970152  0.93663963247545345  0.94712250511889140  0.95731520684479454
  0.96770109985827890  0.97829513395626522  0.98913492052475627  1.00000000000000000
 -0.00245785284895372  0.01018518755208967  0.02057139323315639  0.03103266089829211
  0.04152213282077402  0.05220624949511876  0.06289505399796749  0.07361462740490696
  0.08417892180004334  0.09447771011368340  0.10466312775180159  0.11475164177397991
  0.12515858714753228  0.13567055707922709  0.14624074594763370  0.15679600668711341
  0.16731457118935270  0.17792997923528117  0.18854282072618225  0.19929220738919673
  0.20989947107996051  0.22026814441445411  0.23061475873086185  0.24111412170348245
  0.25171635662162861  0.26222398478653397  0.27272401808814312  0.28311821609890558
  0.29342519250644356  0.30366934415129598  0.31404635900003636  0.32462738173658640
  0.33508751584716762  0.34519850166782035  0.35548284367855065  0.36597814705533566
  0.37658290827543556  0.38674815229170190  0.39695363496751801  0.40776339197252148
  0.41853469927468356  0.42940909673101352  0.44016158990395060  0.45081143232861343
  0.46118344065538780  0.47136147075477941  0.48156991009439898  0.49215197784874448
  0.50268141493015039  0.51373006455185433  0.52476695940083939  0.53628190185458480
  0.54714661151786215  0.55764704319673997  0.56816137892110341  0.57886865319340652
  0.58938299708364894  0.59947634722325116  0.60975613738072232  0.62009613561199628
  0.63050031503284454  0.64063969843397406  0.65088081347760074  0.66120188292380677
  0.67159657338877332  0.68200062717207766  0.69253738936152276  0.70318283441163854
  0.71361211726670459  0.72418094582627313  0.73460370554916932  0.74499003734084024
  0.75546601378817368  0.76607974308602589  0.77702797965867743  0.78790103660129163
  0.79896725821099701  0.80986556231318507  0.82056925927565139  0.83114761700153272
  0.84173374738558748  0.85235552597515996  0.86296410774351773  0.87342068035440157
  0.88384209562266436  0.89420071030109505  0.90459314232435140  0.91498806369227792
  0.92552748153186204  0.93631888822919207  0.94688876879199757  0.95739955445168057
  0.96807926219291318  0.97871226001019962  0.98929314325395634  1.00000000000000000
 -0.00227099642996706  0.00995893978305125  0.02012685608946115  0.03077756237411850
  0.04129362710574210  0.05181153278157441  0.06239104737687644  0.07273253473695812
  0.08320272225480509  0.09351454412870476  0.10376731955026218  0.11434734437136677
  0.12486641096724117  0.13535848514561183  0.14589617488794379  0.15649548202255162
  0.16704921509695175  0.17727922632980694  0.18752170541565266  0.19825465024859740
  0.20904527650960411  0.22012355184465973  0.23107510188152294  0.24175202377540611
  0.25237424859662499  0.26298067048180240  0.27398430028649834  0.28498614897177077
  0.29586220669887980  0.30650770775617103  0.31725672696851909  0.32822695380355893
  0.33903231147825474  0.34969924112967127  0.36052406284927135  0.37139996372025363
  0.38200421645760529  0.39238254172672354  0.40287889823807888  0.41347522906937612
  0.42394410306223484  0.43421753402522412  0.44458565918023829  0.45495161161947589
  0.46540403899481769  0.47579364221200099  0.48621433106570056  0.49651952973402746
  0.50672425169089508  0.51688268474853039  0.52721372822501777  0.53763739709255209
  0.54832810297797685  0.55920184974248566  0.57008798211927003  0.58096687345219244
  0.59144062827404709  0.60196428451400685  0.61252377235789246  0.62308096078692521
  0.63382270892539427  0.64448466424041873  0.65476266805226224  0.66493405933852079
  0.67518536714065303  0.68557621059936957  0.69599555527561940  0.70640839148205681
  0.71699540131126926  0.72778729965475564  0.73849087443222294  0.74920947549654970
  0.75937965417895714  0.76957484390691422  0.77970175992871360  0.79009241505694872
  0.80026035610795954  0.81046032823126113  0.82071718033610308  0.83103596763582288
  0.84171335775680756  0.85235117151264572  0.86291180057517214  0.87335523418473104
  0.88418094337509978  0.89506382195636902  0.90578591467408776  0.91631116174088989
  0.92722053764861989  0.93819851047866643  0.94858365431543790  0.95901032605364223
  0.96933589296586131  0.97988859935946671  0.98995199343368723  1.00000000000000000
 -0.00260848370681243  0.01043851342608715  0.02108228999890265  0.03206578717461867
  0.04298718553163752  0.05390280122393162  0.06456557560191102  0.07518000378683284
  0.08569830467815481  0.09617437253425759  0.10649702461940802  0.11683113391131653
  0.12716630310923699  0.13764240919884868  0.14813498854089518  0.15855713296131502
  0.16888001943550041  0.17910413290972238  0.18933962971904744  0.19964969302474356
  0.20988320433991925  0.22026500146616779  0.23071670517607398  0.24127303336722442
  0.25173804089065449  0.26217060135937509  0.27263921748920011  0.28321903783983515
  0.29386277937131405  0.30502879876481531  0.31619181447053907  0.32715855313731657
  0.33801333476856515  0.34888750789449324  0.35958209474927327  0.36992791389547652
  0.38043139489652844  0.39116750718040916  0.40182928146050889  0.41245432016517458
  0.42327309330995982  0.43400107974191426  0.44449516398792449  0.45466070426417027
  0.46488230341728026  0.47507278409286380  0.48540413446101571  0.49579263697907122
  0.50598209961743790  0.51596837106032856  0.52595637213835733  0.53603002688151336
  0.54632902454380128  0.55659483779499608  0.56685904432761824  0.57700934091630030
  0.58742229311565841  0.59816118325897893  0.60876925207428834  0.61935165467034781
  0.62996373829004060  0.64086366147427010  0.65158663870656197  0.66223189640774094
  0.67289099711369682  0.68355727746773509  0.69425814309052092  0.70481558555856472
  0.71518944779604587  0.72540535350424817  0.73559152620182056  0.74615708979853212
  0.75677500962216304  0.76742292718046023  0.77784149296196237  0.78827660771999808
  0.79887266701697535  0.80963539745828872  0.82040704247388585  0.83113774170141319
  0.84181604924784070  0.85249374572198122  0.86290415419104649  0.87319283635752354
  0.88368986151091444  0.89431280998747265  0.90514060710940780  0.91603630440127681
  0.92713826153950507  0.93823468358876139  0.94882424581854097  0.95941279379118538
  0.96957323620295355  0.97974874931813494  0.98982647319362282  1.00000000000000000
 -0.00247908261019004  0.00951883096946807  0.02022696524924992  0.03120346019041190
  0.04241010758619550  0.05341388965279642  0.06431010100979255  0.07496442095785627
  0.08542729923833997  0.09565364930891099  0.10588300194890618  0.11580314305497606
  0.12574941724784677  0.13589872180690693  0.14632040404821450  0.15692027683199752
  0.16740789692189467  0.17832603958406201  0.18954040309968007  0.20093232088794266
  0.21230174218622147  0.22346564410738390  0.23440556572191637  0.24510546081916007
  0.25588551713535967  0.26666672854285212  0.27739182712403532  0.28793707890078085
  0.29824270930400471  0.30853339739570984  0.31902553670639666  0.32966476487276164
  0.34033582407456658  0.35090339595590553  0.36132833910154744  0.37162571086114327
  0.38189186505158390  0.39221369908670567  0.40271521602425264  0.41331052094330606
  0.42386916685915482  0.43432577988889626  0.44480004258197636  0.45537293297883252
  0.46591996644695693  0.47645322798750223  0.48701456528531623  0.49756842187703360
  0.50784503757316812  0.51804195810041964  0.52814974188222885  0.53824999487484615
  0.54844017493028330  0.55870981360893612  0.56916617700120409  0.57966861015374638
  0.59030273050957338  0.60081870681388394  0.61115583640815152  0.62150596652038892
  0.63214827033026211  0.64298507801038129  0.65353854164589442  0.66385067425532018
  0.67414272980592227  0.68449655336830206  0.69506288843564790  0.70576196071918473
  0.71640611481198602  0.72680250734312679  0.73715585434731734  0.74744483714490739
  0.75774006841941477  0.76807347833998141  0.77871227690570177  0.78934062970708641
  0.79969478032297281  0.81020461176009184  0.82084671990214941  0.83179972229763399
  0.84243379008935859  0.85313733252362833  0.86363341106895863  0.87408211095176658
  0.88455225876716581  0.89472461725019414  0.90501241521927100  0.91519811354087999
  0.92570432609301923  0.93617519559562001  0.94663590240828765  0.95725084249959935
  0.96775900448986618  0.97850260518033794  0.98919938765605431  1.00000000000000000
 -0.00251039926248470  0.00951339838101403  0.01955215408414790  0.03017583058443641
  0.04079942697753783  0.05120485181060223  0.06139654085341570  0.07186894222289243
  0.08245110459699581  0.09294088425207081  0.10340691119975502  0.11431090088033066
  0.12523710017250117  0.13603886646471847  0.14639043419862788  0.15665703084138277
  0.16698442447045853  0.17767967301287729  0.18833597159109933  0.19887587403711293
  0.20942561926042086  0.21994970563843505  0.23048087715302862  0.24066809990582694
  0.25096846021638736  0.26146340032751669  0.27201160528705598  0.28273499480437103
  0.29323258358968113  0.30366045356006183  0.31417144701636956  0.32468888851039612
  0.33516750786481714  0.34522410245689039  0.35548931712165821  0.36560797142363843
  0.37576948315521130  0.38570080636786153  0.39567848406529227  0.40587698818327583
  0.41606830686783874  0.42694978902911401  0.43764535742690736  0.44875442568593643
  0.45972435747214940  0.47126547722170165  0.48264652265045954  0.49370330927534922
  0.50450564064957193  0.51506735745863441  0.52567896924084279  0.53608762959381306
  0.54649385320510757  0.55685969276168246  0.56731815692023857  0.57772106421071645
  0.58798013588215226  0.59814484791906997  0.60821912700753289  0.61829506465510620
  0.62871220572413633  0.63945262996172014  0.65037633363408898  0.66139809367859337
  0.67240547031951114  0.68339207679923308  0.69430587695878876  0.70516490145157606
  0.71597412335586907  0.72692199675237990  0.73777819508839160  0.74859960169089390
  0.75940264245707934  0.77029853271095605  0.78060605237107050  0.79069761451818799
  0.80086074571979615  0.81121613322402830  0.82157651667206777  0.83213756969601638
  0.84303552819616578  0.85397330280324935  0.86437689300941978  0.87458669321618243
  0.88492182576332834  0.89535040124787380  0.90593625775266173  0.91641938064558570
  0.92690705378823002  0.93736092648332747  0.94787213144406268  0.95846016198222128
  0.96883553813149936  0.97921116016414733  0.98958007913339552  1.00000000000000000
  0.00953667705935383  0.01592593328037422  0.02510261036598974  0.03562862797303801
  0.04593729556873584  0.05646303229247229  0.06695832672042819  0.07745913470404395
  0.08793125169490416  0.09836471917915390  0.10848583502777157  0.11820025557555258
  0.12801196516731395  0.13790772607171600  0.14782170148398527  0.15777874742975379
  0.16783627563470802  0.17822658465529531  0.18847637894663871  0.19833970933620032
  0.20830470290873995  0.21848705321706882  0.22854211848659955  0.23866592003460080
  0.24865130058289606  0.25893156638168285  0.26922973028729391  0.27979437441353228
  0.29039970762249256  0.30073309381793240  0.31101772279047096  0.32090734032658480
  0.33070523257767975  0.34058131785141232  0.35047740667710198  0.36046338323785948
  0.37043425617884790  0.38069454260109548  0.39120713375011845  0.40196198617119322
  0.41303075032246245  0.42406086857659370  0.43490847283062695  0.44568423150182501
  0.45649345458713186  0.46717009775493262  0.47765513285012584  0.48814042512317141
  0.49869142759116081  0.50934816240034742  0.51995215636614511  0.53055297702575543
  0.54121689651263627  0.55200704979086879  0.56279133400086467  0.57343140311423757
  0.58411319092409297  0.59491096154639078  0.60572883814318723  0.61658132250772457
  0.62739422116146837  0.63816198474208841  0.64884496454289520  0.65921581512183780
  0.66967904354636143  0.68037748166512180  0.69122399436476878  0.70232950633357683
  0.71312541588795997  0.72372663410749571  0.73422145314515830  0.74460804886299403
  0.75497706445426171  0.76519759021178468  0.77549173697463092  0.78575061763561682
  0.79596762517937081  0.80584192209448680  0.81582801940905292  0.82596073557453364
  0.83609125678384910  0.84626592098907427  0.85631349631857223  0.86658366722053215
  0.87683372591621378  0.88699289836737993  0.89720273059632050  0.90747189263834283
  0.91765088259570915  0.92785410581626793  0.93814785396371791  0.94860115358921482
  0.95908703013685248  0.96946213814353199  0.97999342054530447  1.00000000000000000
 -0.01980580399235569  0.12080742182025045  0.15920117484065671  0.18239485552713713
  0.20039097071588460  0.21552769237444785  0.22882217316468442  0.24066003067407027
  0.25156218144992815  0.26147704708285291  0.27098954476136722  0.27969255370270651
  0.28812508887548594  0.29615670749009793  0.30389921069215020  0.31147165154140199
  0.31871453115831677  0.32579620780519170  0.33272958839819711  0.33945809789683651
  0.34603994692597101  0.35252510495897327  0.35882552321789041  0.36495022519399911
  0.37100095391710719  0.37693993047872182  0.38281998867656347  0.38867179694541548
  0.39448633185768822  0.40024040538622074  0.40592533541488224  0.41155890999284878
  0.41710331677366330  0.42253031226679261  0.42795728674705374  0.43339650155843085
  0.43881448123495970  0.44416716416323793  0.44948049466210416  0.45475501576342769
  0.46000318375765092  0.46523402872325120  0.47046892722847272  0.47570835344773771
  0.48093335803797560  0.48613732411269911  0.49130638070447502  0.49648631916692298
  0.50167740655356474  0.50692161005672864  0.51213439798544202  0.51732779860411737
  0.52255821254135959  0.52779311948128715  0.53305275871660696  0.53831496161790504
  0.54360934323725640  0.54895873097159609  0.55429309276296779  0.55964496379047224
  0.56503315540519483  0.57047619386659520  0.57598978900799092  0.58150424272853685
  0.58716648619823453  0.59286119124915870  0.59855858396455097  0.60429454944153971
  0.61010207012553186  0.61597736802505065  0.62188839905846627  0.62787697709486434
  0.63398110557849285  0.64012793116000966  0.64640739353392074  0.65289052938607506
  0.65953952799807813  0.66632806663193311  0.67325748735110158  0.68033588176379001
  0.68761237488172811  0.69531795618755565  0.70320404953308968  0.71133177239864886
  0.71991685962152863  0.72868707252987608  0.73824347674583390  0.74820557753492500
  0.75909522240474681  0.77087069550361842  0.78407454352438444  0.79915422101397426
  0.81717482751602588  0.84046709844093337  0.87919329891345632  1.00000000000000000
   9.4747291679694243E-039  -1.0000000000000000     
 F F F F F F F F F F F F F F F F F F F F F F F F F F F F F F F F F F F F F F F F F F F F F F F F F F F F F F F F F F F F F F F F F F F F F F F F F F F F F F F F F F F F F F F F F F F F F F F F F F F F F F F F F F F F F F F F F F F F F F F F F F F F F F F F
  <DiscreteSampler_grid>
  grouped_processes
  1 # 1 for a reference and 2 for a running grid.
  10 # Attribute 'min_bin_probing_points' of the grid.
  1 # Attribute 'grid_mode' of the grid. 1=='default',2=='initialization'
  0.0000000000000000 # Attribute 'small_contrib_threshold' of the grid.
  0.5000000000000000 # Attribute 'damping_power' of the grid.
 # binID   n_entries weight   weight_sqr   abs_weight
    10   10   9.564760106849458E-026   3.955220190207510E-050   9.564760106849458E-026
  </DiscreteSampler_grid>
