  0.00491596977282802  0.01561713507470401  0.02716642071843282  0.03872766289322103
  0.04950149516295852  0.06043594368734982  0.07151095326647328  0.08287325762222018
  0.09398757112412592  0.10490216042465195  0.11566059006941587  0.12642320615677857
  0.13726323055558295  0.14808287377913126  0.15877585800108138  0.16949311851189441
  0.18039525237176582  0.19148549506390281  0.20241812175730678  0.21339517042124503
  0.22481432917910185  0.23620959144791462  0.24701916223387699  0.25726081150741009
  0.26765628072527997  0.27848387401796393  0.28937626065257860  0.29977699254475948
  0.30983051359029662  0.32006173433340596  0.33073849703268920  0.34162600535182042
  0.35281420911525507  0.36450670966695869  0.37601036124662840  0.38674896368221190
  0.39693960113329291  0.40694391693988341  0.41707297709973828  0.42758652855928958
  0.43849618693083359  0.44951499630782404  0.46034422124776403  0.47105108231771081
  0.48174008409632474  0.49235612834704062  0.50310514532023609  0.51394913793667163
  0.52499504774070649  0.53628820065690352  0.54744240479619988  0.55861774077527282
  0.56943554534214902  0.58024143492545688  0.59022075218079917  0.59997480781045132
  0.60975721101457758  0.61955589703909908  0.62982025245182793  0.64064290579470007
  0.65240370722222729  0.66418537016664492  0.67518846257032161  0.68603585215217444
  0.69689895784571387  0.70763523498993197  0.71771405833914170  0.72754569332031160
  0.73775858816382589  0.74867407943117492  0.75976376300110504  0.77064852761581060
  0.78151988362929115  0.79214150873003120  0.80224733377874669  0.81236177641968188
  0.82284645482515695  0.83317734553308642  0.84309640349857862  0.85285782995171588
  0.86283684708383146  0.87253957005320593  0.88184458112325015  0.89119133391783578
  0.90084932614424662  0.91125433305458348  0.92177897502462824  0.93252017044818103
  0.94308143213666573  0.95373430567887807  0.96347488484603372  0.97265488825163193
  0.98154934455079323  0.98934042669978273  0.99174242209116270  1.00000000000000000
  0.98402852936842156  0.98443230358913258  0.98475957722133711  0.98499893555165030
  0.98521416950674701  0.98539296807674981  0.98556149896308620  0.98571387295744983
  0.98585591824467544  0.98599478900852333  0.98612223499465113  0.98623955985889633
  0.98635349478940892  0.98646303262699131  0.98656364256506601  0.98666073343242455
  0.98675575599925580  0.98684920708788038  0.98693682391613691  0.98702064577836857
  0.98710498336071251  0.98718804459265674  0.98726912486951235  0.98734687182887193
  0.98741974408504152  0.98749200190745412  0.98756446953353882  0.98763682731393498
  0.98770896276167197  0.98777600232027885  0.98784005620225446  0.98790356859379014
  0.98796654076070223  0.98802924159200045  0.98809182644685056  0.98815346866119980
  0.98821248712251930  0.98826945771059638  0.98832611331053710  0.98838219876109790
  0.98843779364846851  0.98849248210303586  0.98854704272826033  0.98860016973783071
  0.98865140351671410  0.98870200225816707  0.98875206822187778  0.98880167643975225
  0.98885094206131341  0.98889968399092887  0.98894841907576070  0.98899742454376083
  0.98904354530471961  0.98908869382854325  0.98913351858850473  0.98917835748981187
  0.98922350269105519  0.98926863350723182  0.98931319368267379  0.98935746604136643
  0.98940154992071905  0.98944443398311255  0.98948590476720899  0.98952711230973156
  0.98956829128781076  0.98960887008960441  0.98964889552249258  0.98968859725961500
  0.98972812416606004  0.98976755852063247  0.98980739143027496  0.98984715184431871
  0.98988532429529730  0.98992251226951489  0.98995955073524133  0.98999629794319299
  0.99003260874177257  0.99006843142943557  0.99010384299711862  0.99013892739822329
  0.99017377901170966  0.99020882746466610  0.99024407645697266  0.99027806122611484
  0.99031021380794948  0.99034128102081476  0.99037266321318018  0.99040392159274238
  0.99043489799254569  0.99046557397633350  0.99049598968566743  0.99052611662362033
  0.99055646793583640  0.99056999847924498  0.99057139965702112  1.00000000000000000
 -0.00274984998630943  0.01074536684708573  0.02115297691950165  0.03162286604301719
  0.04206907049346232  0.05251882572702628  0.06296442141068957  0.07345105792561983
  0.08436911344432461  0.09481045633335916  0.10485281467557810  0.11448946904016283
  0.12450806007625141  0.13492196843232743  0.14531882434168863  0.15553503843316055
  0.16549919084856851  0.17556207384372774  0.18579683113520548  0.19593467947258164
  0.20602746976115424  0.21610914968297432  0.22666080575472730  0.23735810906311192
  0.24857056172276989  0.26018011228538795  0.27194518330606887  0.28315144012737065
  0.29379387776773547  0.30406924746395381  0.31420730265605690  0.32441527696172306
  0.33523589655689545  0.34643595656525322  0.35740499919157759  0.36777891102527022
  0.37819116073275666  0.38892195617996073  0.39971161669131400  0.41064141000756005
  0.42160743765707376  0.43250703389965700  0.44330038277061967  0.45437266120907172
  0.46529556750435658  0.47608610418710523  0.48625963057128657  0.49603458779601595
  0.50569996456326061  0.51551237624435553  0.52591165885081959  0.53676552659983301
  0.54722398092382174  0.55775287414444275  0.56838580776926895  0.57909477672013832
  0.58941770085338041  0.59936219949765368  0.60936665185634675  0.61940168934897499
  0.62948380771095092  0.63965693509905475  0.65063666670835263  0.66125085875599854
  0.67185771561044416  0.68200341871364045  0.69254745253338101  0.70291262097509899
  0.71318503510406472  0.72377787455524123  0.73411409075424516  0.74443834016174382
  0.75463253978243006  0.76547958717500386  0.77640681849215087  0.78757223524483777
  0.79901827933437086  0.81097060469365523  0.82217524626959004  0.83330342919266032
  0.84406167399635856  0.85520143304659224  0.86609621029187533  0.87606182047656556
  0.88599005371752870  0.89571201193943961  0.90659952651286024  0.91676313216024907
  0.92702096804430845  0.93738060530429412  0.94798417537307056  0.95857630463628574
  0.96930472826692049  0.97972467401627716  0.99011250492319691  1.00000000000000000
 -0.00211436654517014  0.00930316222462119  0.01911248352515246  0.02952733417415341
  0.04021282317869947  0.05057062754722388  0.06106454594948538  0.07181160413743873
  0.08202153162057588  0.09170120410941458  0.10126202656608495  0.11130380754318366
  0.12169791688733525  0.13218839520439649  0.14232010549676602  0.15233574034592326
  0.16231412405746773  0.17270375492457440  0.18313606725745396  0.19340230855860785
  0.20369086114151466  0.21417631310215790  0.22474432447351431  0.23541513473089198
  0.24630991528483559  0.25771765833008803  0.26935702815050483  0.28054410957825071
  0.29168119780923546  0.30255459849149369  0.31344584380690105  0.32421730139286115
  0.33497148363401436  0.34547470941681813  0.35603986247710129  0.36667703148246666
  0.37742211638452527  0.38824859862344324  0.39951688919510336  0.41119643452085586
  0.42257136968510944  0.43420942321360073  0.44591200231738692  0.45763041790548270
  0.46909286390245841  0.48044098700472099  0.49125085711964495  0.50207935599329834
  0.51244203475838157  0.52288222894646241  0.53286759301015696  0.54301812195056298
  0.55311451964104785  0.56339023252262721  0.57357322488798446  0.58393405660609665
  0.59415300115330705  0.60468345810196045  0.61497528733684959  0.62511343152349041
  0.63525199237310248  0.64576798359494814  0.65653443085997365  0.66665509837354708
  0.67640404310790847  0.68629983407714201  0.69647942498759752  0.70697936063759081
  0.71762186630895908  0.72845363038956779  0.73901534619757769  0.74993875308257774
  0.76122868938470967  0.77280405444619560  0.78380164822819487  0.79430616960229372
  0.80453149201261054  0.81488587959512904  0.82495690415454248  0.83556309895843606
  0.84662234103696909  0.85866456032009919  0.87017825023838813  0.88041004099682607
  0.88962848691392171  0.89908418404601353  0.90914610596882950  0.91930607148494015
  0.92907466200903144  0.93835987329711668  0.94810793493588552  0.95797050334819378
  0.96813686377946129  0.97844585058082723  0.98925883035899687  1.00000000000000000
 -0.00240569655728589  0.00948423112951331  0.01938378575282837  0.02990202962260504
  0.04067388642643968  0.05188886156374535  0.06310453661151162  0.07423834744496267
  0.08530875084144809  0.09588087207734682  0.10615485626115492  0.11650675642548321
  0.12669597009740613  0.13706312712165089  0.14734527181774140  0.15813797642878460
  0.16875722559376038  0.17878274690723797  0.18891792808040672  0.19923330373574444
  0.20921676442167289  0.21952384395121144  0.22971256120275260  0.24045973969647130
  0.25112589380818340  0.26225623112187224  0.27331107108987518  0.28421452389563068
  0.29515785509634052  0.30627779961805385  0.31748352566023408  0.32851005853671483
  0.33932014487887707  0.35001322485814135  0.36090696174466730  0.37171930404926645
  0.38199758556017177  0.39201054294399623  0.40211778905888806  0.41235609250000826
  0.42304705536864634  0.43373439827109200  0.44460054098053581  0.45503173935970170
  0.46544588556204219  0.47569828790834889  0.48563859480951405  0.49565451755693973
  0.50608857037796118  0.51661694888783394  0.52708131481330434  0.53744430058798232
  0.54782947882046240  0.55815494632557416  0.56855345405026980  0.57890085423306537
  0.58905384257080440  0.59881792832520131  0.60870848970313152  0.61872011129129734
  0.62887782666161873  0.63931248295681342  0.64986821986947363  0.66049592994030515
  0.67101927956352247  0.68138281691719915  0.69184675789721539  0.70219190279155297
  0.71281540313337122  0.72363746394127848  0.73467078543779762  0.74562277519366005
  0.75609518560894418  0.76685272076030309  0.77788413863695649  0.78912625725488228
  0.80018384766654460  0.81065680987332245  0.82090236205505718  0.83082765822659033
  0.84102313903591108  0.85163041572131837  0.86216155652836879  0.87281733282142937
  0.88316497385638815  0.89367293048546659  0.90369330008893545  0.91393145893397487
  0.92424375255996860  0.93514432193592467  0.94609563533076901  0.95676069725632784
  0.96748615587320863  0.97761857164831556  0.98882188999737020  1.00000000000000000
 -0.00249719451112598  0.00956779849782898  0.01972226009370254  0.02992129562922191
  0.04040093829174308  0.05160336449341909  0.06316552761112598  0.07508150265661817
  0.08685936517096331  0.09817861156733319  0.10905533448567223  0.11995029137541829
  0.13114629953552392  0.14171097032134616  0.15184736945365179  0.16187711534751542
  0.17178358860497520  0.18167417255297572  0.19170760408973719  0.20207748907939466
  0.21259629720595663  0.22304319367783526  0.23386367392593307  0.24502684456243548
  0.25584733763857026  0.26612878786227584  0.27611589667453840  0.28625391022108920
  0.29617222610897859  0.30582341960595860  0.31524769466561797  0.32476030210651385
  0.33471869173695584  0.34486327310592207  0.35532050971730467  0.36565761870766372
  0.37622168786219090  0.38693122545845227  0.39746365486197532  0.40795191680207676
  0.41823240795183364  0.42861872361274533  0.43919080690010126  0.44993116869521299
  0.46037370524968346  0.47045861816773366  0.48049374827374736  0.49071157497413814
  0.50146406139978217  0.51245656848393351  0.52380817658441792  0.53478996783664767
  0.54585179077582913  0.55682451126868249  0.56751951008319224  0.57793651790990797
  0.58828923180402803  0.59877882644148384  0.60950460573422971  0.62004933555104669
  0.63018320324979349  0.64008608910133780  0.64982864673452079  0.65976052907987048
  0.66991818559138305  0.68033174286036968  0.69110258773935018  0.70184933526873250
  0.71282203345948747  0.72367531727883472  0.73417571251163272  0.74416470570907667
  0.75449253119286896  0.76498868195894498  0.77520608015346726  0.78532802093547549
  0.79557556099293514  0.80641824769236536  0.81708223362486188  0.82755263669189283
  0.83799879617271811  0.84874436615778581  0.85982703839314167  0.87152263994850943
  0.88253348353884431  0.89345355449086372  0.90413140274176840  0.91490128137181947
  0.92504458357056152  0.93515450586139626  0.94609634910590967  0.95726282558385178
  0.96841784665713648  0.97871736586861890  0.98942285646701933  1.00000000000000000
 -0.00231703008806270  0.00885187569519990  0.01823629806294158  0.02839163135986715
  0.03906602937215230  0.04915606225859181  0.05943257637231605  0.06920509406584419
  0.07908456953655582  0.08892419737416847  0.09902729500290555  0.10991161032563215
  0.12111975158406579  0.13217646486967435  0.14286193638572070  0.15324445799409500
  0.16391599858202388  0.17408588257635499  0.18442767982081401  0.19462574448224920
  0.20509717744413969  0.21537716872034476  0.22567106893266259  0.23637712554934179
  0.24678110920773549  0.25695121783886837  0.26699239067847830  0.27734462207339861
  0.28803720405970368  0.29891988735881392  0.30985323053283931  0.32068581127331375
  0.33148563012723237  0.34235610179362702  0.35316109093028702  0.36386411925672696
  0.37452154965461487  0.38499582318246001  0.39539500386596216  0.40609167152332015
  0.41690396806500740  0.42767655563319418  0.43831884634203278  0.44889869468109184
  0.45937331670233422  0.46978954375011395  0.48049502385975523  0.49153735220466394
  0.50271507230303802  0.51387562568785539  0.52479660670992467  0.53532278144092948
  0.54556510173395156  0.55573567061758888  0.56609667166087607  0.57674152031624060
  0.58752840603545908  0.59824180649092962  0.60888811382758001  0.61949146599391613
  0.63003616437868748  0.64069726510424274  0.65146124799277927  0.66215605832300772
  0.67274826260636844  0.68333380684780565  0.69390789969818445  0.70429739631432564
  0.71455719682362240  0.72478684902118196  0.73493744506215619  0.74515473820842060
  0.75552156602195630  0.76607177288133776  0.77682519240105052  0.78768731805823977
  0.79880622345392094  0.80974990560374427  0.82064468454691486  0.83118196359494712
  0.84156017803921346  0.85193793489757974  0.86252649536098425  0.87304584205541169
  0.88314217053348754  0.89319102268634165  0.90331603208458422  0.91350782725814872
  0.92371994715329986  0.93375233407556479  0.94406761775925863  0.95501522463674149
  0.96667127848294343  0.97817720611308101  0.98923741284701416  1.00000000000000000
 -0.00234575724110463  0.00957462716728285  0.01988225016029972  0.02992637070180532
  0.04034694031962035  0.05061913199218324  0.06086080577803858  0.07088402963552849
  0.08132253069735049  0.09187036213366488  0.10289529864401130  0.11420431819550129
  0.12568822561118825  0.13661057162074655  0.14718616338188018  0.15760495848417566
  0.16788574719203672  0.17773675951780138  0.18757824694059583  0.19749861348575801
  0.20732978054088214  0.21712003796941512  0.22701017345244853  0.23748323952299252
  0.24839771677032838  0.25950715123631390  0.27025113883311541  0.28071461155237487
  0.29099401354059051  0.30112929260491156  0.31137899272680475  0.32149985837296957
  0.33206582211963437  0.34300451554923495  0.35408251539857727  0.36491242497996712
  0.37521095683973216  0.38525130447686279  0.39537920465538307  0.40617310223828418
  0.41753347993544004  0.42845704443100452  0.43907962867634215  0.44968320488594188
  0.46043769115517608  0.47094456259368100  0.48122158980222890  0.49146790714838101
  0.50187593715884682  0.51242276329514758  0.52256159429447924  0.53195625212205022
  0.54127758750925103  0.55124814726672922  0.56202779715046325  0.57271268823123433
  0.58306167952940946  0.59342080236868855  0.60404964635100955  0.61469106504114368
  0.62526497290224514  0.63585623688945347  0.64653654713071074  0.65742443591901978
  0.66815102940761051  0.67866085704347889  0.68915654705345575  0.69980699929535051
  0.71062885856470337  0.72158568200617879  0.73277319435372834  0.74375296022993942
  0.75440694245896012  0.76466289220111316  0.77494547147849113  0.78503297581452047
  0.79559159354115350  0.80642238768331331  0.81702500329051386  0.82723913050529430
  0.83768234921116103  0.84860459558074675  0.85953664600788227  0.87040379819943303
  0.88143815077699061  0.89327541623288387  0.90478457037467264  0.91599891813668344
  0.92708418634507583  0.93813768796954011  0.94901125440871803  0.95957809767938695
  0.96996619140142826  0.98018865321793702  0.99016849806166085  1.00000000000000000
  0.00991287185466063  0.01434314724378153  0.02247606617231208  0.03175472894367835
  0.04164273115320710  0.05193573981079101  0.06248104236846165  0.07306640689859716
  0.08372709964920988  0.09434819604886648  0.10494069812777210  0.11541869701916346
  0.12588586095855309  0.13608619030367408  0.14598850422694723  0.15579896009321584
  0.16576919058665085  0.17609943572813108  0.18642539751105455  0.19660362523289679
  0.20682303920500214  0.21733577884738989  0.22795617666010964  0.23840669533138537
  0.24889898003546596  0.25941011942211162  0.26977294726980378  0.27983488574378951
  0.28983833321944913  0.29998769615116028  0.31034792790328608  0.32087023501923329
  0.33144961749310442  0.34229850477963641  0.35344837367507098  0.36485739021981040
  0.37607547479349129  0.38682133807256636  0.39704096826182073  0.40677703956858868
  0.41659473263254454  0.42678265748540956  0.43746900052231402  0.44820460565830011
  0.45911636219175461  0.47023522081009561  0.48171844453437079  0.49333969420997703
  0.50476622179696373  0.51589619382159102  0.52657607666623707  0.53696835085654182
  0.54737049768290114  0.55806815574775137  0.56901579737424279  0.57983502749853855
  0.59053410598172118  0.60163992026724378  0.61332016912947118  0.62513181894768322
  0.63654598389569050  0.64767286271234292  0.65907933102679062  0.67065604392820921
  0.68250920666769455  0.69386822748508614  0.70482508178246794  0.71602051754084095
  0.72670456764496583  0.73648002486091912  0.74569403273278323  0.75509912926683564
  0.76466737525893769  0.77438307686267516  0.78445643341159488  0.79512651699736669
  0.80592404668499618  0.81624882588805725  0.82639013715879173  0.83649407471485515
  0.84669463824894287  0.85673526281198242  0.86654580236227741  0.87638323264778950
  0.88656701534556526  0.89692097641395019  0.90719396585965761  0.91752047133205983
  0.92795268208887438  0.93853868564490828  0.94913191331732749  0.95969367094667690
  0.97009502874207687  0.98007563447132895  0.99119331513511044  1.00000000000000000
 -0.01787817228834235  0.12051775236520916  0.15968561750423454  0.18158997047249145
  0.19876339622192191  0.21368819477457870  0.22709323300547696  0.23932467544735009
  0.25077001849873198  0.26074764613577694  0.27014718010182714  0.27883489115346444
  0.28724256974582829  0.29551319787472985  0.30338750546900700  0.31113647784444648
  0.31865077200081404  0.32606202139653229  0.33349244619865481  0.34079754198319095
  0.34813798700183535  0.35523680686645620  0.36193162998220085  0.36830300415008083
  0.37436457560156911  0.38022695686664681  0.38600089534493809  0.39167501582525166
  0.39730376313281329  0.40284662010262662  0.40843737332736768  0.41421055855090061
  0.41984233773032348  0.42533772426835575  0.43065409246505121  0.43617402711497144
  0.44166364204169228  0.44709503859432981  0.45243898651247633  0.45767047242416686
  0.46278606495547686  0.46790616770519683  0.47312103679872658  0.47843411587057777
  0.48384277882271254  0.48928435911534290  0.49470069637047109  0.49985905468962372
  0.50492411284463712  0.51005674538441859  0.51518432080926291  0.52027128516863663
  0.52534125875087667  0.53034823239575024  0.53534243592118635  0.54033989394467086
  0.54532696761063049  0.55040054137042138  0.55563696514135741  0.56083875505208780
  0.56628191623614632  0.57162134619888960  0.57696851130622762  0.58243942233489943
  0.58788566491755334  0.59354500358031981  0.59916646054212308  0.60490364542735942
  0.61076321837196612  0.61665155853203379  0.62266355201600987  0.62892597897620628
  0.63535067862413264  0.64186868754320436  0.64848851951749331  0.65532089320403564
  0.66206244874538611  0.66884646668545267  0.67593128522563173  0.68317982805017885
  0.69081212553858318  0.69850065203919809  0.70640839726450577  0.71461975016610579
  0.72302423797334026  0.73173753720304957  0.74078898051286723  0.75018108816756057
  0.76040996977489372  0.77170474884827811  0.78442308679638084  0.79900371271461168
  0.81598610100079305  0.83765885679381968  0.87579809335846215  1.00000000000000000
   1.1344086959029526E-033  -1.0000000000000000     
 F F F F F F F F F F F F F F F F F F F F F F F F F F F F F F F F F F F F F F F F F F F F F F F F F F F F F F F F F F F F F F F F F F F F F F F F F F F F F F F F F F F F F F F F F F F F F F F F F F F F F F F F F F F F F F F F F F F F F F F F F F F F F F F F
  <DiscreteSampler_grid>
  grouped_processes
  1 # 1 for a reference and 2 for a running grid.
  10 # Attribute 'min_bin_probing_points' of the grid.
  1 # Attribute 'grid_mode' of the grid. 1=='default',2=='initialization'
  0.0000000000000000 # Attribute 'small_contrib_threshold' of the grid.
  0.5000000000000000 # Attribute 'damping_power' of the grid.
 # binID   n_entries weight   weight_sqr   abs_weight
    10   10   2.022979602546888E-020   1.183150906235667E-039   2.022979602546888E-020
  </DiscreteSampler_grid>
