  0.00487045848787045  0.01510975860278972  0.02704817502918215  0.03880754129294858
  0.05004687407771377  0.06115674267002155  0.07240974066920067  0.08360660068970537
  0.09439517069162631  0.10489012082943168  0.11539758173868739  0.12593290738789742
  0.13658088919170258  0.14729045312359901  0.15814124493549497  0.16916097413658263
  0.18025144709076493  0.19122050295313836  0.20206532578809938  0.21290036594792361
  0.22378398717722792  0.23466005795543354  0.24543628212837096  0.25598276700403350
  0.26632772563989060  0.27668492886716023  0.28705568052203828  0.29759674765287902
  0.30817039355322129  0.31870951072948306  0.32930075610573711  0.33993731931476151
  0.35059129660617183  0.36118186990760853  0.37176164787630095  0.38250198823550235
  0.39331436746527459  0.40417082971380763  0.41507501592286267  0.42582780664197672
  0.43639451696283121  0.44670070187536309  0.45691592318050034  0.46723367351536937
  0.47758789671788632  0.48782754177895943  0.49804246366161387  0.50819972980032446
  0.51840544163822910  0.52863372383097706  0.53878731066374530  0.54904785973783032
  0.55949108304463158  0.57017007210781956  0.58084010861951396  0.59116650435328688
  0.60136444951286527  0.61170417889761963  0.62220283918551655  0.63265898842290802
  0.64300629126116804  0.65346718937234249  0.66409226546027100  0.67454743853386001
  0.68468661165952394  0.69474301824861018  0.70480357187361042  0.71508545716907901
  0.72555013051584383  0.73625215663492427  0.74700000510933406  0.75742598708547604
  0.76760271926033896  0.77758609971068637  0.78762560376670399  0.79783696675648264
  0.80817627713436402  0.81843136711466269  0.82855678436883440  0.83867618362819163
  0.84898588517331219  0.85937712670574995  0.86982799343226846  0.88028112057648711
  0.89066955421898264  0.90087799049599560  0.91088550801988377  0.92091417674777964
  0.93106645540986266  0.94136493463377091  0.95170819015568053  0.96182241571804505
  0.97154505685001280  0.98110270376563580  0.99053818025076223  1.00000000000000000
  0.00531814088685653  0.01568243807340100  0.02775354012838444  0.03923258815046522
  0.05018557235266912  0.06097637817715710  0.07164313300707657  0.08223659968702748
  0.09289151803304470  0.10344646529207946  0.11382214010847913  0.12403818817373022
  0.13439259151348371  0.14482324283034553  0.15550499720709920  0.16627095042428100
  0.17717384332857622  0.18807093319955429  0.19889625365603861  0.20969015050098405
  0.22035805193863725  0.23098147961372906  0.24155496236377086  0.25212936967478605
  0.26262257698964275  0.27317487326775852  0.28373211149723127  0.29433230053621895
  0.30475864159750193  0.31502508834001358  0.32544637416312677  0.33595805007610480
  0.34667412219577270  0.35743724750252759  0.36836338662051371  0.37942868744453673
  0.39063613709052714  0.40153906205706552  0.41208582984029163  0.42229853303836978
  0.43252305124119139  0.44292401013234273  0.45330391000448711  0.46371107977798620
  0.47399921523614541  0.48423463476237150  0.49446647123540843  0.50478779154011655
  0.51531348821322853  0.52588966116477909  0.53653119372194158  0.54708348624356062
  0.55750259032978522  0.56778371767136149  0.57805271694618399  0.58840863671025323
  0.59861525127608506  0.60855224693444288  0.61837862842616953  0.62846204233890623
  0.63890911628101843  0.64954826569040613  0.66027954386445320  0.67095957216789814
  0.68156682220780618  0.69213317226680282  0.70274639462282074  0.71339250128619336
  0.72390928654088793  0.73430775346174737  0.74464452667702796  0.75500962605447997
  0.76537881139653607  0.77561540518741634  0.78568504795061311  0.79575166144502407
  0.80603135534521864  0.81642233042137302  0.82676740089974965  0.83703203054638098
  0.84725329571005581  0.85745026963445814  0.86759479492763092  0.87765025108634120
  0.88763832220062056  0.89749495849377936  0.90720535531811131  0.91686608744681797
  0.92660335282621176  0.93631517153391608  0.94607706279038306  0.95550200365840876
  0.96475115039871073  0.97373083885850686  0.98279994139078952  1.00000000000000000
 -0.00234345741609169  0.00929386975484726  0.01946262440857191  0.02974773949984023
  0.04007127372001957  0.05027267947778418  0.06060320368562894  0.07100628966602641
  0.08149730580993335  0.09198163439386187  0.10255862305898338  0.11305850536957567
  0.12345694037255273  0.13378068973179830  0.14410349986392995  0.15452211376488545
  0.16487820329828171  0.17530137718971697  0.18573680549246283  0.19629461979983229
  0.20666667066158967  0.21702907829951798  0.22743136618162130  0.23800218274246987
  0.24856546172526092  0.25915054413694782  0.26969804248239143  0.28035374267784341
  0.29113035468628573  0.30195093881707918  0.31276519416473242  0.32356759001844254
  0.33453208740766216  0.34567862834654961  0.35660928690857951  0.36736419078256410
  0.37817294871786777  0.38906923642928387  0.39996039832862895  0.41093209952400789
  0.42202801352821290  0.43321364724988115  0.44397181484450693  0.45472548320294898
  0.46516877150992475  0.47546352969621403  0.48580894426935517  0.49615282718400716
  0.50668678892468366  0.51709620211777285  0.52776215106836510  0.53853294255940043
  0.54924009921169059  0.55975281998394000  0.57005774886973404  0.58016941052682569
  0.59035362184931761  0.60057109126971631  0.61085235574785979  0.62121112312996507
  0.63170463609619365  0.64213963815710051  0.65218549907246781  0.66204011577370281
  0.67204946706155833  0.68221628313640437  0.69239525474736185  0.70247606773584681
  0.71252464117207981  0.72273172806200747  0.73312165414163799  0.74364558411600223
  0.75406729056164679  0.76458015546953551  0.77527555588504038  0.78609516965438009
  0.79670157722734247  0.80721767752209517  0.81777223791626563  0.82847087123292340
  0.83906860467440691  0.84964007506056338  0.86014631833229316  0.87090684461921519
  0.88185896169495526  0.89292777255373934  0.90372930693355746  0.91438374949721124
  0.92522839509502552  0.93607271590096397  0.94706876611512325  0.95785788826070251
  0.96864661697475740  0.97940026127741364  0.98968825946319905  1.00000000000000000
 -0.00215629935703094  0.01029155725015622  0.02063982123992393  0.03162251739753337
  0.04230374677010425  0.05261472414728707  0.06284269732534144  0.07293557899168140
  0.08312497682153089  0.09316013455351047  0.10339302302527381  0.11375957590381676
  0.12427533873839264  0.13512541348557108  0.14586065744300444  0.15645295276835863
  0.16693014257672975  0.17760619621252688  0.18816755077729580  0.19858343823927413
  0.20911129961671174  0.21975544403083613  0.23041077907011095  0.24113983468234965
  0.25196407158013034  0.26264403498641054  0.27324098017631443  0.28370034223492635
  0.29421516502642547  0.30494935559053665  0.31562239469061548  0.32647651686425661
  0.33758122700693344  0.34879794607011116  0.35967024468437381  0.37027115251935211
  0.38075211626069649  0.39111050847618190  0.40146779958047807  0.41180172241624846
  0.42202225703338203  0.43191279305797686  0.44182415049599189  0.45205132473599641
  0.46239020728167307  0.47279208099544723  0.48328311545397751  0.49370319067703916
  0.50419280679016998  0.51456274292782656  0.52499834367341425  0.53540557599353100
  0.54587024695778041  0.55640558093857007  0.56690602552102121  0.57746664249190993
  0.58804363546579752  0.59893756662637332  0.60980411798928036  0.62072550389574777
  0.63137189684706629  0.64183756085629062  0.65208657952511462  0.66233866115507445
  0.67268045479200356  0.68297934954055106  0.69329446417732554  0.70370007263571943
  0.71436064013152778  0.72507057336534453  0.73566644258771030  0.74606369941632456
  0.75650277679103095  0.76691626561816073  0.77724264099306262  0.78770650990432334
  0.79814504161963806  0.80875549915478118  0.81918149914738803  0.82958223751331472
  0.83978556850506303  0.84998651973144879  0.86048380229008459  0.87107948826656856
  0.88190500236928970  0.89270680478726749  0.90380262849664683  0.91460056455777072
  0.92522638205457786  0.93583156920294741  0.94655102729510698  0.95729378019638622
  0.96815717578841365  0.97878125118093873  0.98944428128166573  1.00000000000000000
 -0.00201283611939936  0.00962538174241582  0.02020765213666095  0.03118454534553933
  0.04234665820205317  0.05336646663359258  0.06436222774733039  0.07522239050151645
  0.08612063239535310  0.09690745422441177  0.10737028590829530  0.11764680677290112
  0.12824131080585324  0.13901923050330500  0.14960272748647824  0.16011634893013130
  0.17078615714592310  0.18153711180241305  0.19200067871556972  0.20233116721052544
  0.21300549902330132  0.22392982398948280  0.23469807155146943  0.24531729514825673
  0.25597020443598406  0.26670079479451225  0.27729100353199909  0.28778334124251315
  0.29857770675598655  0.30948264393726599  0.32019348849896656  0.33085808459998467
  0.34146363909541438  0.35214688382602660  0.36273862130902362  0.37332649133372808
  0.38397768835150003  0.39455471602923531  0.40507454819727839  0.41564338356174357
  0.42639006565661625  0.43723299759251871  0.44781223380571578  0.45825049356673420
  0.46869874378178311  0.47903872315049495  0.48927905997110493  0.49962363612652927
  0.51012575360417445  0.52052053846362500  0.53074942425113592  0.54102428588953388
  0.55143837603686408  0.56199477196730274  0.57264333111690313  0.58319745767962794
  0.59359755995520180  0.60395558981651409  0.61433511099338012  0.62448276576391748
  0.63448033041157326  0.64463276811639925  0.65484840996050209  0.66499166786231989
  0.67512449622934745  0.68539891992571045  0.69597152667206286  0.70645585389874410
  0.71747538909702635  0.72846735799602103  0.73893622998385955  0.74934644854272958
  0.76003955586652705  0.77079150650575778  0.78137037821121624  0.79204096011759051
  0.80280543297191487  0.81344720038026763  0.82370776771997523  0.83411612397615365
  0.84461671374721226  0.85513369059698618  0.86556982921355929  0.87606488532551130
  0.88681457368458405  0.89761166419978944  0.90846042379703862  0.91885888949762651
  0.92911698083334382  0.93926659929060863  0.94951166622550465  0.95980367826811486
  0.96973176679916051  0.97977868403617197  0.98976148971171984  1.00000000000000000
 -0.00244276961467631  0.00944415660942074  0.01971615692924173  0.03075255820447964
  0.04170050155460744  0.05246151531884943  0.06302986531755013  0.07357500082560972
  0.08405251740669280  0.09426085021286225  0.10443606843235247  0.11466176002318325
  0.12484273742832810  0.13503692149967420  0.14535771629594232  0.15602569558263210
  0.16675601589125952  0.17750285372162658  0.18822745540117830  0.19880090091983010
  0.20913425976175851  0.21942329080772069  0.22987496577192940  0.24041428772350823
  0.25081652670335597  0.26125927456056791  0.27186932889621035  0.28256342016237918
  0.29327287901400922  0.30402307382707189  0.31478083109182453  0.32547420181406311
  0.33600327087736631  0.34650125086790506  0.35696645343298727  0.36753966686808254
  0.37822646060334553  0.38885571767554394  0.39934978088899536  0.40985141630123811
  0.42070216430477730  0.43192420485099492  0.44326033239742257  0.45467754219167456
  0.46612139586824769  0.47757377463153566  0.48874797714488694  0.49972889653426250
  0.51040058336061700  0.52090075868948638  0.53138413509306148  0.54194395398979145
  0.55264705139585202  0.56335132074115135  0.57412670415053257  0.58483453756272297
  0.59537725032529920  0.60578686082323718  0.61613957469161418  0.62645981158535791
  0.63658545388707222  0.64681786448724898  0.65710061910159245  0.66738225370542170
  0.67759000978680806  0.68790470778933688  0.69851461924477032  0.70916107646167925
  0.71964254461584842  0.72989281593504085  0.73996223569186503  0.75010925420323171
  0.76024589447939928  0.77042608932597256  0.78059389927105383  0.79078190591270692
  0.80125239744284926  0.81179777620335603  0.82248400829587787  0.83315851397857277
  0.84376990496065896  0.85427398289374323  0.86472374874113600  0.87533497454325071
  0.88591284492109423  0.89644425511251646  0.90677436543555656  0.91713258329368397
  0.92746279184384306  0.93777962638893431  0.94805917028153497  0.95835311133448942
  0.96873021951752636  0.97929056599283926  0.98963046087892059  1.00000000000000000
 -0.00233953932386201  0.00995227893475719  0.02050884352636453  0.03100912318835437
  0.04158084312254532  0.05223467180410093  0.06281388065029979  0.07344116407918415
  0.08416203560858017  0.09511065180256666  0.10596284670957141  0.11667718221170421
  0.12733348864102678  0.13806850091482803  0.14879891167637885  0.15957863064907682
  0.17020728055618578  0.18068426098460941  0.19126752349968240  0.20194324389843196
  0.21271374495686196  0.22349003080367774  0.23447136428670884  0.24549691889932151
  0.25622992409284273  0.26675935181925348  0.27728590499640904  0.28782351579380283
  0.29827579100317220  0.30862947610662178  0.31894704840037147  0.32913188136356603
  0.33930484053924875  0.34959768719041917  0.36024221998732386  0.37093385739509599
  0.38144215415704091  0.39176182743875032  0.40186752436021456  0.41214603786405951
  0.42239629176308657  0.43267111383934043  0.44316463552210827  0.45368573161946402
  0.46418451567262342  0.47451941405918152  0.48484493868765116  0.49519255613729701
  0.50555458515844898  0.51608959886683481  0.52686230061543726  0.53769757679061403
  0.54853447997059068  0.55930340238738763  0.56983321129506626  0.58017271689568373
  0.59084600604946458  0.60176041331499719  0.61279132751883159  0.62363021198059931
  0.63422758435210502  0.64477674775940663  0.65517866255011681  0.66552943131498865
  0.67586998618493199  0.68620316136293469  0.69672633396856842  0.70733644412454655
  0.71817443691789395  0.72905834349748222  0.73993158314661256  0.75056821640450966
  0.76100590278136115  0.77130820580818216  0.78153722744169007  0.79178853742502586
  0.80211705307744896  0.81252613091115966  0.82304624833456064  0.83352486447698226
  0.84408114218658359  0.85467010148417710  0.86521581357190491  0.87576982944700676
  0.88635992012860165  0.89703285165680247  0.90752672715015115  0.91786607369162709
  0.92799905376437686  0.93805628783308692  0.94840359415729425  0.95870485773263148
  0.96921556790549301  0.97935043866455074  0.98979267747088406  1.00000000000000000
 -0.00253998218748952  0.00960984562503143  0.02013312647007001  0.03068894464412673
  0.04128471452088675  0.05187511350355847  0.06239042598240675  0.07270425641986282
  0.08281463851522892  0.09301865237128336  0.10325613100707817  0.11349406190898262
  0.12378598510576691  0.13422973562058080  0.14471733163073475  0.15509559888111554
  0.16549762054694062  0.17605856775521611  0.18690752892483564  0.19792331907237215
  0.20872247666434296  0.21940701391992762  0.22995674980294126  0.24054550283987436
  0.25110271931463829  0.26154285327177379  0.27201205754574465  0.28244641234513518
  0.29278694581596004  0.30296529115073834  0.31311808043973621  0.32309577357932440
  0.33315968944361801  0.34338990967430461  0.35381421624591441  0.36410309822646031
  0.37421214602562564  0.38452313479271183  0.39488396506737461  0.40509097384147635
  0.41528000988410291  0.42589256310416740  0.43658757141817800  0.44732434804818011
  0.45783317097736270  0.46864151224396505  0.47927206980154480  0.49004844449993079
  0.50101578762132604  0.51217374803397420  0.52306069664731403  0.53373214600782037
  0.54437352401506478  0.55487301139826539  0.56550964055560060  0.57610447341485438
  0.58676385923458729  0.59749330097962827  0.60818984410449817  0.61881446518461991
  0.62920224805188807  0.63948436700506983  0.64964872414553765  0.65986728086903801
  0.67004284033218697  0.68039966429172216  0.69095861770186207  0.70181801315993630
  0.71243782144583401  0.72289451469976262  0.73364261426528077  0.74479761046235138
  0.75588779717613108  0.76691432965198147  0.77798930095964836  0.78910881634334051
  0.80014026191956467  0.81135455438644710  0.82222076472509364  0.83301077224231057
  0.84347281515774397  0.85387512795081477  0.86389657696809175  0.87389351505359392
  0.88422866702422143  0.89448616540377279  0.90467196245449932  0.91483182730486157
  0.92529416198287451  0.93603710373857285  0.94677487749473455  0.95750057743110761
  0.96819013140789822  0.97877014727398881  0.98943416354589042  1.00000000000000000
  0.00932003993164294  0.01678623855702384  0.02665049165508960  0.03767668667127330
  0.04837645734769502  0.05915960028973229  0.06953830713613687  0.07979806297327097
  0.09008300324009022  0.10092620512126156  0.11181375689194541  0.12271298054168804
  0.13333700233994550  0.14385425656549167  0.15445158973247267  0.16505872961837539
  0.17538112429179578  0.18557858320204582  0.19589519914136611  0.20638264620375527
  0.21700972834785168  0.22766391772157613  0.23831875396428939  0.24884789291628592
  0.25939152656573977  0.26990966376994535  0.28021988453798391  0.29044330178948607
  0.30073873336698548  0.31127112324604078  0.32181620787979903  0.33229383134208618
  0.34257554104895516  0.35275024688132428  0.36277169090565625  0.37273541363455281
  0.38248584544610270  0.39216409442036154  0.40206307849409895  0.41210336657006058
  0.42224659330918718  0.43232029890063423  0.44260620030993503  0.45314652135195221
  0.46365638729388731  0.47413890054527080  0.48456465847458680  0.49523421637814874
  0.50592241312908404  0.51652064625159144  0.52683676872962115  0.53684294762390605
  0.54671678619677355  0.55655146600637218  0.56641266639481480  0.57626265875546789
  0.58623337388703767  0.59634644776587953  0.60656123972590381  0.61688027563402059
  0.62732025628857635  0.63793583502352014  0.64860603586014387  0.65927713648445174
  0.66992171465361161  0.68051916516757505  0.69120575465099376  0.70200285479133306
  0.71259611939176370  0.72279249308611848  0.73293288239011922  0.74303683217589933
  0.75314921228214404  0.76341395198934603  0.77388169923151806  0.78449387012552974
  0.79493062575001838  0.80520502794244053  0.81564042923110092  0.82600955144657373
  0.83621847378314129  0.84629389875898409  0.85637490463513966  0.86665155363322011
  0.87700987889645943  0.88729855733020035  0.89784223486347770  0.90838796235067920
  0.91879365347240605  0.92877950837034795  0.93892812524543590  0.94945361317292709
  0.95987706692434271  0.96985922983329675  0.98021590000673064  1.00000000000000000
 -0.02101297027774836  0.12208153347677836  0.16011565065148617  0.18310894662810753
  0.20105872485455448  0.21611391164488203  0.22935812322339527  0.24102761984962232
  0.25180429172674235  0.26159509341126930  0.27107095963589423  0.27980514571041065
  0.28829531183386142  0.29645075287060207  0.30428082493902953  0.31199890710034245
  0.31927980940488554  0.32638163423141742  0.33331796060136004  0.34007949901020051
  0.34668595045211203  0.35313650551417591  0.35941056431885660  0.36558703473235643
  0.37174392762820074  0.37778430352974746  0.38372456501702557  0.38960643588571325
  0.39542673885267310  0.40118289962356213  0.40688581386125955  0.41253172759407003
  0.41809357208753778  0.42354510549210050  0.42898885537168557  0.43444303054412836
  0.43984063466147011  0.44519745656662352  0.45054679209529469  0.45589653003152986
  0.46119280826404618  0.46645522937510764  0.47169487731133414  0.47690894771260545
  0.48212660404633806  0.48733938228880191  0.49256256429549788  0.49778512808581732
  0.50298680952511909  0.50816095845200970  0.51331852267798872  0.51846746788997289
  0.52361423110757299  0.52878515475863153  0.53399729550477648  0.53924159054887932
  0.54450597691918967  0.54978578100927544  0.55506727551744939  0.56038766513508109
  0.56579194280375211  0.57125168795433945  0.57671559195799704  0.58216093029862404
  0.58766957575659928  0.59325488516565117  0.59890167931414706  0.60462968907317716
  0.61043903049390902  0.61628897985533371  0.62216896062126859  0.62814927905256612
  0.63428079683519178  0.64047728200255649  0.64676985442608037  0.65320902317221119
  0.65976309246771736  0.66650156102568359  0.67344131891132664  0.68057304310248745
  0.68779162142869099  0.69539169445066695  0.70314223415634181  0.71109605706886825
  0.71954906412029707  0.72818464521618753  0.73772912241908750  0.74760339369805773
  0.75854351197991909  0.77029035347799391  0.78346301940253893  0.79843214538089857
  0.81635822258930602  0.83935822625752909  0.87685548557799520  1.00000000000000000
   3.1618260308842048E-039  -1.0000000000000000     
 F F F F F F F F F F F F F F F F F F F F F F F F F F F F F F F F F F F F F F F F F F F F F F F F F F F F F F F F F F F F F F F F F F F F F F F F F F F F F F F F F F F F F F F F F F F F F F F F F F F F F F F F F F F F F F F F F F F F F F F F F F F F F F F F
  <DiscreteSampler_grid>
  grouped_processes
  1 # 1 for a reference and 2 for a running grid.
  10 # Attribute 'min_bin_probing_points' of the grid.
  1 # Attribute 'grid_mode' of the grid. 1=='default',2=='initialization'
  0.0000000000000000 # Attribute 'small_contrib_threshold' of the grid.
  0.5000000000000000 # Attribute 'damping_power' of the grid.
 # binID   n_entries weight   weight_sqr   abs_weight
    10   10   3.186726231693799E-026   6.634319962381755E-051   3.186726231693799E-026
  </DiscreteSampler_grid>
