  0.00512323525286488  0.01547848557901417  0.02766967765762569  0.03968463616880438
  0.05099352625546886  0.06210861562682942  0.07342490046275776  0.08470431897755579
  0.09560808459388644  0.10648419455866748  0.11748817490686060  0.12851461902915773
  0.13940717906086061  0.15025059956000919  0.16094096908414526  0.17162371609712931
  0.18230719614300198  0.19320189070186713  0.20418272826884051  0.21524789525643803
  0.22635489198419428  0.23735922554820302  0.24827021903711377  0.25905383396757342
  0.26981835748018096  0.28060126938998620  0.29142805629772056  0.30237929347038361
  0.31356705462066536  0.32472840028080313  0.33556920903599458  0.34606983576221495
  0.35623702283766107  0.36617451391621880  0.37642196180221088  0.38703203020150678
  0.39753165814103164  0.40773139320929508  0.41776622921726608  0.42799756889264690
  0.43839834021001972  0.44894344269934355  0.45957691373600801  0.47016646239962190
  0.48070790661467888  0.49120560563060811  0.50172684030159476  0.51236308148570586
  0.52319912261977741  0.53399677319050776  0.54453346221898880  0.55481353191003624
  0.56509095481479055  0.57517560552341984  0.58524164372452114  0.59547422869671163
  0.60576683020015887  0.61620742296902220  0.62662211264184708  0.63750002843652509
  0.64842259813913905  0.65891175941611857  0.66971065514943240  0.68024910096701285
  0.69088923073531505  0.70120582848612167  0.71163416383928613  0.72221864193497054
  0.73260892271797418  0.74278570462066085  0.75265496450343283  0.76232350432283702
  0.77202407017998620  0.78184770744415688  0.79181734048018371  0.80177184763804876
  0.81178598067893315  0.82209567047944199  0.83247585985846517  0.84281731822427652
  0.85322387586211290  0.86396917986027200  0.87477848271268011  0.88523589258316848
  0.89546133682241891  0.90559167333930435  0.91567624163654249  0.92575531615155038
  0.93584170348054063  0.94583839307221995  0.95615666649012410  0.96563478876513287
  0.97482780572181282  0.98377706327605174  0.99221712167031328  1.00000000000000000
  0.00494492646277426  0.01508237983708066  0.02654501314311017  0.03840886882162244
  0.04986767538145367  0.06120686623714550  0.07263237232145579  0.08406930504796857
  0.09528849664730468  0.10651159310027714  0.11771148591025120  0.12881853378474895
  0.13975067306193634  0.15058100740572899  0.16135137794218241  0.17205552072166155
  0.18273964746718571  0.19330003645402904  0.20390526491141531  0.21455997124684204
  0.22526373365734972  0.23587850961716500  0.24649095585008915  0.25690443457072742
  0.26719916259111609  0.27747288016676952  0.28780864331311196  0.29826405457531563
  0.30868175366735423  0.31914313842397962  0.32965897302505209  0.34018622203875321
  0.35074204619494703  0.36127813636955020  0.37182104732761700  0.38229068822997719
  0.39259522365733829  0.40288904704288636  0.41306910695879950  0.42302805685270212
  0.43292591667212882  0.44304147483666340  0.45346192190117263  0.46399954822502942
  0.47451911575989897  0.48502974778848856  0.49568210432160004  0.50633790420417024
  0.51694368301300853  0.52749061722037960  0.53802796590178192  0.54867898438392138
  0.55920932351761521  0.56968792137673985  0.58019982563925454  0.59080887159343654
  0.60136427167337203  0.61165506392093938  0.62178512367889172  0.63195970975950322
  0.64218804878170210  0.65246821695978530  0.66288296090750731  0.67358858356111251
  0.68443149729186892  0.69508303961808626  0.70554878050553393  0.71609168605701312
  0.72667114558050838  0.73715868625757897  0.74750561811342231  0.75790784491550323
  0.76845874144921722  0.77895662474417393  0.78946219447205812  0.80005936355255103
  0.81088932789312862  0.82185190882461956  0.83278589323295660  0.84367359185903090
  0.85451165129857354  0.86527840061830319  0.87578021725620425  0.88597814462435731
  0.89603042080035034  0.90609160598209570  0.91613755217679227  0.92606435146100852
  0.93584898587621090  0.94552622445107726  0.95512412096077870  0.96456055653502415
  0.97386512589064433  0.98287794554391816  0.99217080825308546  1.00000000000000000
 -0.00244259383170903  0.01031410529675768  0.02084111057098781  0.03153251775247297
  0.04228886312323289  0.05300183581595247  0.06335121680349823  0.07385276456124656
  0.08426392648436434  0.09492346971848448  0.10557497808529410  0.11612748736060012
  0.12655409117535302  0.13698842959593882  0.14744474788035944  0.15792256162407448
  0.16838319357924883  0.17895162895234065  0.18958037349069906  0.20032176989152328
  0.21098414347147834  0.22168703735915044  0.23229508868143611  0.24291636555599952
  0.25340696158417897  0.26384776728092380  0.27415831283271808  0.28460187830745970
  0.29514540320145410  0.30564599973869599  0.31601690854537995  0.32614657197045177
  0.33624841295826580  0.34616057848113685  0.35605698021110782  0.36591065269280165
  0.37608513136591959  0.38637758940881861  0.39673530871230644  0.40724579415266327
  0.41759277995153382  0.42795024648596991  0.43830574273907968  0.44878166524967433
  0.45951590130758285  0.47038128934042239  0.48102849308799728  0.49167955525122564
  0.50226019894751617  0.51319286075633241  0.52398954809058462  0.53459763718401876
  0.54522637425901521  0.55606610097661247  0.56691803115184058  0.57803118178953750
  0.58899698933677147  0.60005144304295033  0.61081360186458544  0.62169336864827696
  0.63226859831048787  0.64271106089832730  0.65315470473960768  0.66355932039224153
  0.67443543211317236  0.68540435165678726  0.69640404191425387  0.70717320283398688
  0.71786851147173514  0.72846964656032431  0.73893772394996615  0.74934934408797826
  0.75985842999727204  0.77033515630920812  0.78075526614635271  0.79109097015197694
  0.80143389542582621  0.81178551350185613  0.82205674666643669  0.83232679011153787
  0.84266383191105576  0.85306664502887231  0.86337956954392803  0.87374431443079703
  0.88403753323041601  0.89431673259303335  0.90449667750667173  0.91489651079646483
  0.92550813183453151  0.93604852008665806  0.94658771100815986  0.95705329198925460
  0.96754816556619361  0.97797577453981044  0.98884348284574974  1.00000000000000000
 -0.00246857973001132  0.00974457619591546  0.02013420616817631  0.03080155248355242
  0.04171720910873793  0.05262277689093216  0.06345387600076353  0.07402757810202162
  0.08454429833996628  0.09528854834727268  0.10585942452360654  0.11632335874691756
  0.12679128300538722  0.13748711765133670  0.14824882711524975  0.15871331465772995
  0.16905282818497366  0.17956801968269992  0.18993919364281173  0.20018885517054452
  0.21041011793007766  0.22078256867321022  0.23127973957251829  0.24192065376774718
  0.25247435026295884  0.26290806558337038  0.27352883639088732  0.28440861436674431
  0.29496644968752489  0.30518855947002826  0.31567320477857824  0.32640514010983107
  0.33697038566204707  0.34719679997962222  0.35751636303185663  0.36819855595274886
  0.37877369576994002  0.38943787866895663  0.39994721760725221  0.41048988185891444
  0.42099281507557651  0.43143961062113534  0.44199941220861472  0.45258318351867505
  0.46311675706508099  0.47353029866214408  0.48376295655288892  0.49404651107140907
  0.50446204228657565  0.51480667411776759  0.52510662238527117  0.53529860980524113
  0.54549837830247794  0.55595359672854150  0.56645321152641526  0.57702501627563851
  0.58756763549352731  0.59831159601975503  0.60905499161390053  0.61963033055721828
  0.63027430164816278  0.64111116271026924  0.65193684576519151  0.66257707984670455
  0.67318217450727136  0.68380412785528411  0.69454462780676596  0.70538265901162356
  0.71625228341257430  0.72721617474544664  0.73788418318915672  0.74868527497379300
  0.75905359760624191  0.76980883969629132  0.78033086430629350  0.79096582055850495
  0.80162992601262995  0.81219126907509454  0.82263238328258415  0.83301095528598301
  0.84320108155671525  0.85354979781376838  0.86367528137429195  0.87370390167064527
  0.88370642100864216  0.89364258811912911  0.90375221030243758  0.91408806440059021
  0.92471636129978940  0.93550086807269250  0.94623455945136858  0.95706768586769497
  0.96812179699876788  0.97902141481507898  0.98960051925588732  1.00000000000000000
 -0.00220422564834936  0.00964671824596098  0.01976202742939970  0.03023626924825024
  0.04076296181924689  0.05149160307013098  0.06202949702094639  0.07257670208688147
  0.08304571122650475  0.09360841148451872  0.10420777314493485  0.11488657548757192
  0.12555299709276857  0.13591356998904330  0.14625085406465899  0.15691778747963189
  0.16779009350957427  0.17854629477971254  0.18903956295199789  0.19952202756109033
  0.21007105806703830  0.22121328302072601  0.23227449297984804  0.24304419263424834
  0.25377892217190862  0.26422531157973556  0.27458910499725542  0.28454816296788071
  0.29463378577488725  0.30476024730983203  0.31495193016099959  0.32523793300575360
  0.33551574956306190  0.34609551626529012  0.35679870243311029  0.36747500217820955
  0.37794352650398011  0.38829492919402570  0.39849658972046703  0.40879170700974837
  0.41925761269374290  0.43005217794578338  0.44067739049707289  0.45141236566399395
  0.46215184279566984  0.47302110840103501  0.48382850786445897  0.49480853603769970
  0.50569283774487084  0.51662335802306514  0.52754172405167366  0.53858032675499035
  0.54929554398147318  0.55987339514794088  0.57031724971047171  0.58055875147988134
  0.59062248526886374  0.60075656769584695  0.61133620442840475  0.62198236514777283
  0.63250067562047618  0.64285243842306339  0.65323029317628045  0.66392358904594184
  0.67442901318007231  0.68509814092810739  0.69579537798795954  0.70647769187894716
  0.71702095135903876  0.72748221820812708  0.73791794653645904  0.74824270173335194
  0.75856385228772083  0.76914551277435850  0.77977901649124981  0.79049099500337650
  0.80154276702122951  0.81246810733881303  0.82326140678816140  0.83403749723886456
  0.84527587620418854  0.85642810400347757  0.86691795114786707  0.87737748230389401
  0.88772005607347526  0.89831680729827224  0.90883223015406245  0.91941242908262377
  0.92964963517283994  0.93988807517720330  0.94977318986853754  0.95959577933031848
  0.96950871684200257  0.97941759218433766  0.98970298096330189  1.00000000000000000
 -0.00231636392523271  0.00908602034197750  0.01915684077655366  0.02959379578818853
  0.04004292180657833  0.05060589238931744  0.06105523004865467  0.07165517659993639
  0.08228851258866801  0.09312525622901696  0.10392690147058910  0.11443020134698906
  0.12479068692111947  0.13512359785996853  0.14558008325954747  0.15618061706118139
  0.16679713097958718  0.17713077898915988  0.18737279124641729  0.19755921463212120
  0.20809032512988554  0.21865239879882448  0.22931210847134176  0.24007503779418998
  0.25092153341476092  0.26187572835489092  0.27278366913095176  0.28392660511514328
  0.29506978048876137  0.30611426185472135  0.31686396439770476  0.32753902059674767
  0.33832796116976471  0.34898650798647279  0.35967017979545357  0.37026681172165021
  0.38097466932524976  0.39171698828634582  0.40224608262414718  0.41252286868015103
  0.42272003111460082  0.43283729187766412  0.44312844391569739  0.45346314342896349
  0.46400180390667167  0.47464079905434853  0.48514069374888130  0.49569737796692848
  0.50608265629340987  0.51641417309982052  0.52666913640826274  0.53678117982765683
  0.54707265368519686  0.55741836793189292  0.56789434491520485  0.57856768737252662
  0.58919483569813835  0.59993030894378352  0.61043387880096400  0.62070560100967942
  0.63103980885519906  0.64141027123126648  0.65185259579446686  0.66244780211647658
  0.67297821559685267  0.68395757587815520  0.69455701607704134  0.70522673179613604
  0.71557209244296804  0.72592392122341476  0.73634302005641294  0.74692858945434504
  0.75761494993721379  0.76818271302199204  0.77867306466962638  0.78935691444910783
  0.80017538345915251  0.81091590543728032  0.82139226057077586  0.83173862251835318
  0.84198438921666174  0.85225156726056961  0.86270526404403924  0.87333693556736525
  0.88381883468038569  0.89409336378067161  0.90420672276533309  0.91448908120034200
  0.92469829974334850  0.93494786428158994  0.94541274475827408  0.95608483168524250
  0.96709335716167200  0.97805754036754955  0.98901071853144773  1.00000000000000000
 -0.00249491041711091  0.00952122026668500  0.02017920957923811  0.03081722606792214
  0.04160292995142079  0.05224638020107826  0.06304241963577183  0.07385461162460512
  0.08460779750538414  0.09531444404495208  0.10594867872460369  0.11677986200460913
  0.12744509442764373  0.13793375460243368  0.14852581288557573  0.15924923081231815
  0.16979287809641966  0.18001265475017292  0.19018919221271904  0.20038539887990281
  0.21049388243334768  0.22044382034228080  0.23055098331205187  0.24078237939652036
  0.25114502253603083  0.26163284450108126  0.27207286918503376  0.28257480970101717
  0.29332252753570992  0.30423202411474909  0.31497508165808613  0.32531077470249381
  0.33575043039759289  0.34651252153951712  0.35740871147967157  0.36821810139116240
  0.37885363651612847  0.38947993646884066  0.39990953650950839  0.41018745785086330
  0.42044504264454646  0.43089411288769619  0.44130011669417235  0.45166966311097068
  0.46213978881231799  0.47266146877616727  0.48327174413346652  0.49372817987391510
  0.50431284000015242  0.51471963587465086  0.52507343058159295  0.53540589000650873
  0.54591242105074922  0.55648688491839626  0.56709316269744336  0.57767411435528859
  0.58815871920672069  0.59875448878461401  0.60942002194811018  0.62015499709243527
  0.63081959002501453  0.64139926028298389  0.65202978392318256  0.66252457305025014
  0.67316919107817419  0.68410553664422291  0.69506482044150553  0.70601842598977749
  0.71675396570153482  0.72733997492644153  0.73756146827452973  0.74766400539689581
  0.75801210825035592  0.76837897370962438  0.77900572527905276  0.78964663135059676
  0.80066879617896625  0.81143600489447032  0.82174359143892750  0.83233671924205566
  0.84310098399999966  0.85378083289195728  0.86412182867015741  0.87466975164378813
  0.88536992333828957  0.89596062326142667  0.90605952272476098  0.91632649217695306
  0.92679817287225430  0.93739550719525500  0.94798546431011388  0.95833146276178738
  0.96874541992353314  0.97909893515819479  0.98959949292856053  1.00000000000000000
 -0.00240870034654152  0.00990521569615844  0.02031982167467534  0.03094843612467423
  0.04158388120739640  0.05206934828282330  0.06277695679786897  0.07346027713740132
  0.08423044281802039  0.09493963507580322  0.10559440659657424  0.11608270420929560
  0.12676023264693620  0.13722787447792006  0.14787204700724010  0.15822926608546439
  0.16854750153449272  0.17858716585927220  0.18860520466373287  0.19866697300674002
  0.20889344941386018  0.21916396263037372  0.22956465190696740  0.24002902835485265
  0.25068783509833964  0.26134414647442528  0.27183694391866031  0.28210040365764921
  0.29240379652234388  0.30298063444446061  0.31362259110425100  0.32414650126136113
  0.33467926117179936  0.34534300622072722  0.35592916601782387  0.36633600633385099
  0.37674175893746065  0.38712341229907016  0.39747923979203192  0.40777756633648943
  0.41805049421358509  0.42830259170277785  0.43873824676757150  0.44939713326351211
  0.46034895891811645  0.47146244433447798  0.48256116168668128  0.49358334058667358
  0.50450396800242148  0.51515050793620099  0.52590511255421202  0.53651203796756985
  0.54718799902756476  0.55738090278179797  0.56738400559775526  0.57750858413823192
  0.58785559123981312  0.59834097276160803  0.60881264799891222  0.61931064207708608
  0.62976859986872247  0.64051957795361736  0.65109590315788035  0.66166546333171483
  0.67220019990117785  0.68263466007112650  0.69298175353378455  0.70302364273910423
  0.71343132372594775  0.72405811385813257  0.73481727038632016  0.74542240099832924
  0.75602416064438238  0.76659763994368746  0.77722055770049281  0.78793287351622121
  0.79873445419546862  0.80955153973744143  0.82035301225070201  0.83104204405306192
  0.84162104430535634  0.85215009334914404  0.86305636600323954  0.87407141486831108
  0.88473731083887763  0.89544732660804782  0.90564156793087136  0.91598175251364988
  0.92654978336723426  0.93722490065922404  0.94778143759100175  0.95811451013569837
  0.96869283854114674  0.97941596206966497  0.98970826858237249  1.00000000000000000
  0.00951095412541240  0.01581697872707512  0.02487881333124429  0.03552874958540104
  0.04586321485993629  0.05624940247130639  0.06678049937222688  0.07740313465869467
  0.08809114422845880  0.09875594443769029  0.10938611549675795  0.11999503249273727
  0.13049210301300904  0.14074183034658133  0.15106283755020353  0.16127031674480385
  0.17159373601828262  0.18200261424419537  0.19225744420713936  0.20241663525373274
  0.21256190561966179  0.22272848454274932  0.23283107687250112  0.24253872782994773
  0.25220945744399498  0.26200753821105033  0.27183214188675553  0.28217180541249626
  0.29238104326075931  0.30275500319088577  0.31285800316869933  0.32296945832891183
  0.33293652211321373  0.34313160405542670  0.35325528982038384  0.36348630801472004
  0.37366874126754951  0.38421020353562735  0.39497575036367094  0.40538957524408964
  0.41555124503292490  0.42569031742634145  0.43595293754607461  0.44629581380242789
  0.45677790521127309  0.46724381049663610  0.47766706802045844  0.48796481221693794
  0.49811638392818974  0.50833204618370198  0.51851763606865853  0.52875164576382760
  0.53910673794065433  0.54973029125195716  0.56037538712001866  0.57081401049598046
  0.58113402402949033  0.59126647159358248  0.60149224447109861  0.61194078282091047
  0.62259062636336227  0.63322770414757568  0.64386587402650142  0.65451051507959779
  0.66534269441065375  0.67623204991816588  0.68725607773568564  0.69825938106394192
  0.70897858509318090  0.71947118086890194  0.72963651162189380  0.73962532247972113
  0.74977772844390755  0.76010548904388597  0.77065971946134448  0.78135907398294091
  0.79203390910419746  0.80262795835176060  0.81306024933949328  0.82345448337613281
  0.83383270616711291  0.84409702057693770  0.85423252536753080  0.86434573871022347
  0.87460571267215281  0.88516460737309444  0.89576905245622807  0.90625564058524766
  0.91671267474043583  0.92742215045457688  0.93832416283046094  0.94896978825160572
  0.95951740621408754  0.97016136887258264  0.98059990068450165  1.00000000000000000
 -0.02052015832331392  0.12180338648329540  0.15968209586041121  0.18302783727393862
  0.20118457343926208  0.21622706630324406  0.22930664113714977  0.24093541833174306
  0.25178477082232281  0.26167498055033545  0.27117490302766273  0.27989916607286436
  0.28846505557360974  0.29657774004317805  0.30436327650950112  0.31191223870344409
  0.31913727421882881  0.32624004639605825  0.33317151289055080  0.33990794711432260
  0.34648241334672292  0.35294869443237720  0.35926469235930364  0.36543909440516681
  0.37153599953025229  0.37751938181489442  0.38342797748957547  0.38929045881031571
  0.39508908019958305  0.40080215896787436  0.40643429625625677  0.41202840531351975
  0.41758340106124431  0.42298594676234158  0.42839712811449082  0.43377552043273893
  0.43913270648895869  0.44445693346042980  0.44977878547804262  0.45509082763099135
  0.46036795800116920  0.46561311831853791  0.47085368323823440  0.47610374915989606
  0.48135728863666088  0.48660720682018449  0.49183091973665050  0.49701799462899343
  0.50216864318331267  0.50733106464665345  0.51249033230636409  0.51766191099002845
  0.52285445006161857  0.52806358486048588  0.53329310034511945  0.53851650151215735
  0.54374950986936477  0.54904584531220668  0.55437909921357231  0.55973405363705853
  0.56510410359914565  0.57047762763662557  0.57586823312151258  0.58127294518912853
  0.58681252508133241  0.59244117325517087  0.59811123072615979  0.60381290870491899
  0.60957796077275728  0.61543132978104298  0.62137969014868377  0.62744295968946850
  0.63360070033823446  0.63976514946777086  0.64606817090499491  0.65259760219102159
  0.65931629593381502  0.66611983148291187  0.67307444340716061  0.68018222691684760
  0.68744232849198073  0.69507444170661792  0.70293061581645278  0.71100766583878150
  0.71967328084578275  0.72837686584538353  0.73791408217907339  0.74781378994864178
  0.75880425042126731  0.77062723150143420  0.78383869838795561  0.79892082099816064
  0.81693653946971700  0.84000004984287580  0.87820399240798663  1.00000000000000000
   4.0541037649420749E-041  -1.0000000000000000     
 F F F F F F F F F F F F F F F F F F F F F F F F F F F F F F F F F F F F F F F F F F F F F F F F F F F F F F F F F F F F F F F F F F F F F F F F F F F F F F F F F F F F F F F F F F F F F F F F F F F F F F F F F F F F F F F F F F F F F F F F F F F F F F F F
  <DiscreteSampler_grid>
  grouped_processes
  1 # 1 for a reference and 2 for a running grid.
  10 # Attribute 'min_bin_probing_points' of the grid.
  1 # Attribute 'grid_mode' of the grid. 1=='default',2=='initialization'
  0.0000000000000000 # Attribute 'small_contrib_threshold' of the grid.
  0.5000000000000000 # Attribute 'damping_power' of the grid.
 # binID   n_entries weight   weight_sqr   abs_weight
    10   10   4.650084990767456E-028   6.022379569502781E-055   4.650084990767456E-028
  </DiscreteSampler_grid>
