  0.00478920915256327  0.01590034843675025  0.02751903125845492  0.03961131166855099
  0.05114166173241902  0.06256592284908020  0.07385444554531725  0.08509257688827203
  0.09605213257405378  0.10721516721037871  0.11823642049894664  0.12907475162993728
  0.13971289828008537  0.15056905395733380  0.16157215777615100  0.17240940868042398
  0.18286063236895839  0.19336474368216150  0.20387770602948765  0.21439458284225976
  0.22501526257293458  0.23573026718217488  0.24636976354543122  0.25689285295687347
  0.26725562006246345  0.27762166298406565  0.28812230383786130  0.29852881419480287
  0.30902735556654953  0.31924788359357598  0.32933208790594570  0.33928107517128070
  0.34930968502919418  0.35954718785167239  0.37000844043829773  0.38061929436325492
  0.39135712386224358  0.40213036001085611  0.41271735155412270  0.42301815265806675
  0.43320401732603830  0.44345324523945029  0.45387145330498879  0.46427948381257256
  0.47460528878783143  0.48487135846804352  0.49495504216254427  0.50504760981788055
  0.51519911104967975  0.52567730936568002  0.53636180816231760  0.54711956407504803
  0.55769750848673683  0.56817772513016873  0.57862948359804511  0.58907427127218770
  0.59951012603462217  0.61000279284957115  0.62055115485980927  0.63108487281552872
  0.64155316406691609  0.65203251702820453  0.66247385158088912  0.67273962003449006
  0.68294949960271978  0.69329648936735533  0.70382736889704611  0.71435113191753197
  0.72478926726534998  0.73538075127497760  0.74614326655871144  0.75703088151178599
  0.76791869931456713  0.77861943150641155  0.78917263624244005  0.79947765586173092
  0.80966915168302422  0.81975184856125927  0.82955711455812042  0.83931970792324140
  0.84900574260933859  0.85883449271319845  0.86880520182239940  0.87869087563656212
  0.88843621459661259  0.89823606334801709  0.90789359146768744  0.91756016888781167
  0.92708722066692395  0.93679521624588946  0.94663823075041387  0.95661354596668524
  0.96603681743115777  0.97510055447152066  0.98379003304014900  1.00000000000000000
  0.00497002824856097  0.01510574523919683  0.02739603315835568  0.03954819752845164
  0.05125481173939955  0.06259726805030028  0.07361589885845067  0.08449987278101727
  0.09536128465748127  0.10621040984255761  0.11702023024999976  0.12805750899841450
  0.13951345232171514  0.15093607356908301  0.16199741710352994  0.17285778781088487
  0.18355864699349481  0.19395320496188440  0.20393958521128838  0.21415539706835290
  0.22468594726725771  0.23540823318284862  0.24598933260889780  0.25641177800207687
  0.26685129832705701  0.27742012419305417  0.28799333070107680  0.29856205446336148
  0.30918894505643296  0.31995900027292795  0.33070825174875840  0.34104588029907773
  0.35123782975844259  0.36150726580374504  0.37180261162416683  0.38198757914614551
  0.39210798651137752  0.40234468500481485  0.41255385593669414  0.42276238332276667
  0.43297413343285618  0.44327486783374864  0.45358466380393653  0.46418267921497636
  0.47488796862156429  0.48552807115270658  0.49597302955770156  0.50652671163500784
  0.51720299013593762  0.52782454480520613  0.53817331421883563  0.54857877100464292
  0.55921292926636268  0.57014687315042900  0.58120699172258194  0.59234504014727496
  0.60336842081496334  0.61403027011849609  0.62446257043196607  0.63470727928710935
  0.64486273833476182  0.65498494182163824  0.66518780868376792  0.67562102846851579
  0.68609541548877717  0.69636198543835615  0.70642057808064140  0.71649553632910568
  0.72679019647710585  0.73732390780133450  0.74805109298134720  0.75876613684304517
  0.76940648813878587  0.77999653091288257  0.79058638117548574  0.80113774507463076
  0.81145637041342467  0.82193742187977548  0.83249658689535877  0.84301912779934352
  0.85354278466341638  0.86396272326725121  0.87433100848813861  0.88456397985341328
  0.89471060704330962  0.90505301950989414  0.91535292295688819  0.92555718926169528
  0.93562311358338601  0.94569536996233261  0.95576390975007031  0.96554926112640460
  0.97483366688105533  0.98368555114525447  0.99222097514937924  1.00000000000000000
 -0.00206979443884425  0.01004219605979645  0.02042093687741627  0.03120060071507262
  0.04216420106844838  0.05272877960867224  0.06330367763025793  0.07361676045177669
  0.08395444801259085  0.09440245040283834  0.10464461683693897  0.11485280737649661
  0.12507129279725329  0.13550575060799777  0.14593333187516641  0.15613159803781324
  0.16628192423307678  0.17652885736503535  0.18706211858402738  0.19755795084794012
  0.20802611979737587  0.21841941683209315  0.22891561183723055  0.23942941846395105
  0.24997131221399327  0.26079607005473482  0.27163142755074904  0.28208081988238526
  0.29248250173518064  0.30282093080259570  0.31329443016929415  0.32357953961295777
  0.33369512267726936  0.34389796702373210  0.35434123344296131  0.36504214597802032
  0.37572953634716960  0.38602434575068539  0.39617713083004125  0.40620921765431717
  0.41628330101687921  0.42647167904860644  0.43692668698434178  0.44762842123838698
  0.45814874872882733  0.46865450578849022  0.47932868107040827  0.49042990608664466
  0.50164021487611032  0.51266519074160122  0.52353758183238963  0.53423615265941782
  0.54484094378030068  0.55536538544500724  0.56614027502428088  0.57726016766736077
  0.58813597082114555  0.59856656304524680  0.60870016348610312  0.61888506887317796
  0.62922171029370733  0.63959221659526366  0.64992875793113025  0.66016583111707239
  0.67028071298303982  0.68049389910373526  0.69085507396464874  0.70147605745775710
  0.71222226851853265  0.72320425416000844  0.73424404754477224  0.74508941292165498
  0.75606122571733936  0.76687440771691751  0.77750724377992630  0.78783454654520702
  0.79827179259368986  0.80872263952414991  0.81921203505128481  0.82946216287479313
  0.84001282339181371  0.85070351535726807  0.86138076010789633  0.87193447798934753
  0.88255054691198398  0.89298097773863827  0.90322254119079781  0.91337593644713966
  0.92385875596298994  0.93470617355075747  0.94545903798073971  0.95621083997621437
  0.96704216808704890  0.97801498571767298  0.98898857431329001  1.00000000000000000
 -0.00243607672225886  0.00958502146930115  0.01982786473343828  0.03038344357691241
  0.04113269511249655  0.05215613666496298  0.06339615771704073  0.07443640940190316
  0.08519214513885284  0.09531421469144193  0.10532677938269920  0.11571671175664762
  0.12644724115156888  0.13721992675716091  0.14783498778942789  0.15849592667036866
  0.16910344264856977  0.17944484356705753  0.18985317168864435  0.20032554134699596
  0.21079220989971756  0.22090220333612839  0.23101672009191496  0.24124962774640643
  0.25185619123958852  0.26242577333200301  0.27300998231172241  0.28341797448237993
  0.29373500786033113  0.30386181073949492  0.31414732808273899  0.32451223261281942
  0.33477407130608861  0.34496451389423677  0.35523864097399094  0.36566473540434530
  0.37615690057928952  0.38655781837781261  0.39695669051338944  0.40742944421343064
  0.41795891346500325  0.42845401281945844  0.43889560588415105  0.44927831721106343
  0.45977129084667728  0.47019139448448710  0.48065459959711743  0.49116817661634843
  0.50162601434010523  0.51197046178604722  0.52231751646589986  0.53262937111176900
  0.54307076842662660  0.55352826975790836  0.56392108836287114  0.57430349578301576
  0.58477362011442002  0.59553618687078369  0.60642988132141318  0.61727715582953724
  0.62789339046069792  0.63839527725297873  0.64903397597974744  0.65996283819240642
  0.67074972800754573  0.68130623577002658  0.69173839217146926  0.70210420378583605
  0.71251009639083296  0.72271054647392852  0.73313063827167224  0.74378479176127199
  0.75430369572872580  0.76480499615757269  0.77501567823908513  0.78510823017139053
  0.79527273245615648  0.80556110700451655  0.81579154489129624  0.82617295623559583
  0.83676384936093096  0.84793998391355641  0.85896856401843413  0.86959935355788320
  0.88022139599715754  0.89059867553316452  0.90103669102619488  0.91140761171135820
  0.92199679399289780  0.93291937686659510  0.94399827014174353  0.95532549468439865
  0.96651679898801468  0.97778795902326143  0.98881895455523994  1.00000000000000000
 -0.00204411008839045  0.00945591975136182  0.01930353127328243  0.02984047413417713
  0.04005635234209195  0.05003049259312276  0.06011563338351616  0.07059569855706957
  0.08110160709666023  0.09174462429656838  0.10225442167660906  0.11276355708323219
  0.12327584730417672  0.13395961682904639  0.14471338995690189  0.15518994001720066
  0.16543417545825786  0.17572982749318650  0.18605771224069456  0.19657742018207813
  0.20724385502896300  0.21791739158783985  0.22842190371783930  0.23882590290268974
  0.24923429121269935  0.25983830476733449  0.27071767823767889  0.28163949044300601
  0.29267968411630690  0.30344657628394339  0.31433678290604655  0.32498261465892414
  0.33545594651757166  0.34570775110008994  0.35580666331044403  0.36630039836826050
  0.37695394523711695  0.38771017536826385  0.39868835189513990  0.40957156144746953
  0.42035441318697936  0.43065121737684720  0.44113578463444258  0.45206350068313078
  0.46308041388553245  0.47394823053626728  0.48455324061869709  0.49512069263973740
  0.50574695398922231  0.51677415730925680  0.52794587934591553  0.53913751856369152
  0.55026377971336049  0.56127575943744379  0.57170758573482361  0.58199619176928619
  0.59226692910692003  0.60251239725333594  0.61270657466402834  0.62300920208225397
  0.63341468855342531  0.64358027941027740  0.65353162055068215  0.66327472060112846
  0.67334621671701678  0.68358727195349378  0.69395378293093946  0.70416903227051320
  0.71436646408487647  0.72483190736922198  0.73512924798562862  0.74535864267349505
  0.75553577556816365  0.76591286418954507  0.77642025957484795  0.78729199228374025
  0.79814015726767928  0.80900859311293194  0.81992603362828897  0.83088129175266145
  0.84169425114262553  0.85246112378315575  0.86308007137913123  0.87360942548295517
  0.88375985364383869  0.89401806451811749  0.90409986788045771  0.91422152225316888
  0.92478785730016078  0.93543266225898947  0.94622509226794083  0.95673099091051439
  0.96748560562989472  0.97844615116296008  0.98916970683262850  1.00000000000000000
 -0.00201042529668517  0.00916266444768791  0.01929574316448542  0.02987132162981141
  0.04062965740671828  0.05128737679671791  0.06180470808635855  0.07215715459727393
  0.08262717001559801  0.09313418511890188  0.10366546612585685  0.11383337364960620
  0.12390475844871621  0.13410086200600113  0.14446429546391262  0.15485345621649596
  0.16508071501310584  0.17527441489671045  0.18560470989207545  0.19622864810940704
  0.20682529847375480  0.21735184777812255  0.22779344799534695  0.23842344806666990
  0.24910280506974070  0.25964141343237152  0.27038483490094245  0.28123434469709074
  0.29211462005650773  0.30291514588658930  0.31368497017906105  0.32485180736605213
  0.33559507695294527  0.34616873977927903  0.35669362161936968  0.36760483192513627
  0.37803660294116981  0.38822749178944632  0.39827616603314925  0.40890252057741777
  0.41961780771983448  0.43030639436492502  0.44091488514677479  0.45152870347173973
  0.46226014371148466  0.47302756973324461  0.48357364438834050  0.49401661484996823
  0.50454135445869941  0.51494433830974562  0.52515830015993303  0.53530201377981745
  0.54564645676470092  0.55619971679383429  0.56677277184074482  0.57749356196723034
  0.58813125697721291  0.59874549574366909  0.60943770982082324  0.62029998465936931
  0.63104609652327170  0.64175337675503896  0.65227001455307787  0.66274460906595722
  0.67312507880846362  0.68344492801804124  0.69355821898786252  0.70350169211034452
  0.71355210029963090  0.72387121964514167  0.73413583284275152  0.74445901647938562
  0.75486417360732261  0.76543989250905531  0.77576615380835601  0.78614124609319902
  0.79662279482989706  0.80749848201223129  0.81853666754578291  0.82966397983353657
  0.84054122084438199  0.85110747370982964  0.86166902910824439  0.87232905052061083
  0.88287453845378061  0.89342779570100639  0.90395397354099116  0.91455821055794717
  0.92498075296561788  0.93549179185107845  0.94633274270493772  0.95724677060963748
  0.96795299373823374  0.97854604924392385  0.98930428943521420  1.00000000000000000
 -0.00243988256112393  0.00965162656408245  0.01986924329051785  0.03036560710842667
  0.04077502006570458  0.05108265073152866  0.06133810522131930  0.07208631395820556
  0.08263825525393304  0.09343667352391290  0.10429917382291490  0.11535007553108440
  0.12597232156881225  0.13627724406819677  0.14647132149712255  0.15732478627625979
  0.16789677241398374  0.17857425527680434  0.18935345540109605  0.20013522435734674
  0.21075794532090411  0.22119258337803954  0.23171554971048261  0.24190202863923396
  0.25217236579167907  0.26271643282400592  0.27335976528875794  0.28403605561096512
  0.29471919891565784  0.30571240088381541  0.31640083856589774  0.32698535292919112
  0.33727218958628630  0.34757252975686509  0.35789754895297182  0.36833863512576454
  0.37901111490290101  0.38988388380944883  0.40081357881955665  0.41157140386196434
  0.42224304431539983  0.43285383835542224  0.44339725750140013  0.45395528322592327
  0.46446151743782205  0.47484682478412027  0.48499525335832433  0.49510005614675162
  0.50521426993359109  0.51550408984835616  0.52618214385478634  0.53708273670423989
  0.54765595884288254  0.55794913615981445  0.56843897139624378  0.57927838179325086
  0.59013440244166548  0.60090439920287309  0.61167199624423085  0.62238105311616421
  0.63293325841368187  0.64346202719334833  0.65403792727471777  0.66469392884082923
  0.67533502984802729  0.68598201233783340  0.69661358389299533  0.70739756486368321
  0.71801836321353019  0.72858287529849586  0.73904354147870677  0.74957260963176264
  0.76018917263644437  0.77084624703870552  0.78173029567832553  0.79238871334617911
  0.80327040967372998  0.81377812689759255  0.82425249275093138  0.83433121176587210
  0.84468562359977495  0.85498645817601193  0.86534053448631254  0.87595679363138301
  0.88662246290683810  0.89719705317884346  0.90730435387994479  0.91772278082316117
  0.92835590420959357  0.93912217256876751  0.94953161766966732  0.95960324943276798
  0.96957085253969610  0.97967159840636386  0.98990480815350457  1.00000000000000000
 -0.00245943340367169  0.00943677832990847  0.01969783468704278  0.03011520437262134
  0.04050312500572583  0.05082407874586943  0.06122998728977438  0.07162331104834381
  0.08209259069243986  0.09274294026256490  0.10334499656789765  0.11364358420166464
  0.12381428397468730  0.13406868952758771  0.14442488690953378  0.15490813387905786
  0.16544046464806253  0.17593114577728750  0.18644119619777463  0.19700291531015027
  0.20769482061384242  0.21832637747767564  0.22896883234678705  0.23971755576414405
  0.25062647420804957  0.26125876491091526  0.27219679422158766  0.28305688687330399
  0.29411879995784046  0.30489392259897674  0.31553075078809845  0.32602243052943569
  0.33636863645478970  0.34650823855658180  0.35692461360121019  0.36756792747011074
  0.37796996606699029  0.38834003911498971  0.39878798239354146  0.41001294493704821
  0.42096515482235952  0.43169645620006863  0.44227971125001236  0.45294904617903542
  0.46358096890884604  0.47422834077243958  0.48470956913737923  0.49502360804041134
  0.50532479397182251  0.51568905183188807  0.52603688461134779  0.53644125196809278
  0.54699349567125499  0.55766142527135398  0.56822595941777609  0.57856843538773128
  0.58879608028458652  0.59916769045267160  0.61000776089918296  0.62108821708492379
  0.63209503541194456  0.64297956525019628  0.65362828082178204  0.66419761303966018
  0.67461025911579531  0.68494073687516077  0.69530565958661406  0.70574893356453494
  0.71625326770978748  0.72668769621048757  0.73724294979796978  0.74786711138179618
  0.75852305899398409  0.76915481924567453  0.77984079513983229  0.79035920938362858
  0.80053304926999191  0.81060676583569091  0.82077646373000979  0.83096925142631928
  0.84139782202513003  0.85165514314486856  0.86214838036287011  0.87244497245292030
  0.88301550704472398  0.89353574812485281  0.90433405054603477  0.91516500087847263
  0.92585056675533883  0.93646474521302447  0.94710630021930398  0.95760959306592497
  0.96821001400419782  0.97866081415780659  0.98939059108519267  1.00000000000000000
  0.00928664141823225  0.01693370615255963  0.02710577498626668  0.03861181365687626
  0.04971188264092824  0.06087790861698303  0.07191784951780160  0.08281448367007994
  0.09375180260376752  0.10454588858765204  0.11494530206761752  0.12558208401898219
  0.13606295200589300  0.14677451179068107  0.15725927245257076  0.16794509871195690
  0.17905864595097395  0.18994140202942708  0.20058677064143238  0.21101837858466471
  0.22127274608562753  0.23161574312598482  0.24188664009544308  0.25214047850308480
  0.26245405820478718  0.27286954199017749  0.28336612627327729  0.29397836956822349
  0.30442026535636124  0.31500852848036670  0.32507466895201326  0.33534214767321302
  0.34545593995037616  0.35563199410364371  0.36560049479631818  0.37557334163462053
  0.38573117256076006  0.39596184929015721  0.40627412840503729  0.41657847026209044
  0.42695732431548017  0.43741906296945926  0.44818758741048481  0.45882373111163399
  0.46971761476381674  0.48042416939256560  0.49135665104680387  0.50231186074693301
  0.51304045635038631  0.52362490087624958  0.53405604576379095  0.54430185423123045
  0.55482867904933353  0.56533101025080890  0.57593600031980918  0.58633447315552845
  0.59675323099386401  0.60727183373200211  0.61792602347601422  0.62841725222248623
  0.63879867071918695  0.64903208741159801  0.65932028987660096  0.66972571180537332
  0.68011763730243791  0.69058189893073241  0.70103351715056295  0.71141044273101672
  0.72167454828922661  0.73202725860544327  0.74242025346276574  0.75278188748707042
  0.76297648389029815  0.77317945809190836  0.78332117563456483  0.79359882712504703
  0.80390940785783371  0.81424990502457895  0.82461566059110747  0.83517069503154262
  0.84574807501231852  0.85601709533403669  0.86596433041940479  0.87602864106162603
  0.88645589345950648  0.89700578917665130  0.90748018238418804  0.91790694324213551
  0.92826752915437838  0.93853846205941394  0.94862732078407663  0.95885386531836270
  0.96923739639043105  0.97987896142164388  0.99143909194134239  1.00000000000000000
 -0.02094170307281499  0.12200652247295068  0.16022539537426708  0.18334288608704050
  0.20133019180868036  0.21634366923519269  0.22942960078917879  0.24102852868007113
  0.25180545493972084  0.26168552106717979  0.27122024579711046  0.27993728065087220
  0.28852099892918437  0.29661653056127274  0.30443792775509471  0.31203435546531294
  0.31928393268903882  0.32635892533254546  0.33328615391027644  0.34001787899716934
  0.34662183213733233  0.35310023444364524  0.35940581519953357  0.36560714211278228
  0.37172338703277796  0.37771969999690508  0.38360610045440396  0.38943552059396486
  0.39522014681025686  0.40094273591593554  0.40663319847275897  0.41234004139400565
  0.41800168543904859  0.42347402915710303  0.42890671404564917  0.43435017188795988
  0.43977207384329858  0.44513640363065926  0.45047107424599608  0.45576279643890688
  0.46102544876475338  0.46624816186633683  0.47144055883204600  0.47662517987517028
  0.48180386339700371  0.48697431278421155  0.49213292705568468  0.49729803457075050
  0.50243248435403076  0.50760555321132861  0.51277764396534586  0.51795811903428224
  0.52316633877203311  0.52836753562640626  0.53359011958798663  0.53884638576216159
  0.54414097329315692  0.54949233217440929  0.55484406064668446  0.56019481817482120
  0.56558194913056337  0.57100503224590748  0.57644792913601883  0.58190562001333068
  0.58744938792012258  0.59305825914003207  0.59868752827561089  0.60438067893657066
  0.61017774123756985  0.61603400445890966  0.62190957403607261  0.62788818578718730
  0.63401200243264910  0.64018417123260662  0.64648148066761701  0.65296983698799471
  0.65958729201731658  0.66630822144772694  0.67319105260284062  0.68025808060837034
  0.68749172222657340  0.69508303452541875  0.70286401440462487  0.71093401070300188
  0.71949684220578036  0.72826518202872370  0.73784396307799727  0.74777937169967978
  0.75856366868595004  0.77016695422197368  0.78321815128998729  0.79825742835758795
  0.81637952371994971  0.83974151355056059  0.87765123614448937  1.00000000000000000
   3.8042691180075637E-037  -1.0000000000000000     
 F F F F F F F F F F F F F F F F F F F F F F F F F F F F F F F F F F F F F F F F F F F F F F F F F F F F F F F F F F F F F F F F F F F F F F F F F F F F F F F F F F F F F F F F F F F F F F F F F F F F F F F F F F F F F F F F F F F F F F F F F F F F F F F F
  <DiscreteSampler_grid>
  grouped_processes
  1 # 1 for a reference and 2 for a running grid.
  10 # Attribute 'min_bin_probing_points' of the grid.
  1 # Attribute 'grid_mode' of the grid. 1=='default',2=='initialization'
  0.0000000000000000 # Attribute 'small_contrib_threshold' of the grid.
  0.5000000000000000 # Attribute 'damping_power' of the grid.
 # binID   n_entries weight   weight_sqr   abs_weight
    10   10   5.549033507207060E-024   1.485049647978409E-046   5.549033507207060E-024
  </DiscreteSampler_grid>
