  0.00497270390861331  0.01566963904892969  0.02731700669659635  0.03897792444407248
  0.05009232563935356  0.06111928517006533  0.07207076991029937  0.08282122639249788
  0.09345374657259090  0.10403359136739258  0.11477960872705512  0.12567919830682334
  0.13660685789866814  0.14765534293010138  0.15824663096682060  0.16859819683440652
  0.17875107472088100  0.18903043412927864  0.19937887966021464  0.20972638667211002
  0.22006194998774270  0.23066311239400181  0.24128157651974452  0.25208083316646723
  0.26289813510900373  0.27379703089166657  0.28451151512143852  0.29507435024783735
  0.30553802924431117  0.31606544972862261  0.32657004368330517  0.33684471781495401
  0.34708113208943170  0.35747450712536177  0.36791459482908589  0.37838356816527297
  0.38865183857539748  0.39894083720760409  0.40916488948056234  0.41936064041829035
  0.42974170298020642  0.44006052076290947  0.45041037507982890  0.46094200581832756
  0.47169258506827111  0.48238585168950954  0.49256856148131584  0.50306030446263372
  0.51364852301880670  0.52448149657678944  0.53490898996468572  0.54527161907048272
  0.55562583089499451  0.56614742005679097  0.57676362034045203  0.58749052929625101
  0.59817263264434783  0.60902450374173833  0.61991152178018694  0.63092054342152415
  0.64202196063721373  0.65316609957435356  0.66421714736093862  0.67494510017659770
  0.68548951678916303  0.69590449673134491  0.70611048604715076  0.71628741082277636
  0.72648276534036216  0.73668268609373810  0.74677928867133980  0.75685746673367427
  0.76690193196977108  0.77705938778257200  0.78724959156716545  0.79770295522339107
  0.80813015042954972  0.81840933348857781  0.82850072488169113  0.83868487118448354
  0.84871545832465267  0.85865383339777934  0.86823791391256167  0.87796342457044885
  0.88795352647202730  0.89786961059963688  0.90772898644085331  0.91728549708030771
  0.92675858652737853  0.93639829520875462  0.94592268527858692  0.95526980661873118
  0.96440791363198797  0.97355472784597108  0.98267053814736471  1.00000000000000000
  0.00477250604112858  0.01628722184960660  0.02797089719043538  0.03961873714196030
  0.05046837177032469  0.06109356872052019  0.07166074483108863  0.08231274602796011
  0.09313957077134905  0.10387184187711945  0.11437575509823188  0.12471297695294037
  0.13526907274769018  0.14605897579220070  0.15688009543680173  0.16755509980416863
  0.17841543118773667  0.18945902132131756  0.20061170082106916  0.21169307549115243
  0.22250668469371238  0.23298987700666993  0.24320097853004860  0.25326021381332620
  0.26339439354983291  0.27361934096316365  0.28406459972756276  0.29441956121732488
  0.30478406758214538  0.31540115394417340  0.32646230209805410  0.33744112253016006
  0.34817274106261281  0.35885033338051014  0.36952899422883145  0.38010526208604961
  0.39088478074804384  0.40168133588871968  0.41260601984038220  0.42314300937052735
  0.43345894299924609  0.44358193595240986  0.45353774017797843  0.46335895416481793
  0.47313927972873959  0.48294158218736599  0.49267260297489962  0.50234601496619447
  0.51214321365861581  0.52218291969999708  0.53244348356566285  0.54274382362147977
  0.55304776639401154  0.56339927166482329  0.57364893978284603  0.58385623458018276
  0.59408125908368403  0.60433235921704875  0.61476876841468764  0.62513041481975584
  0.63586489685398850  0.64658546511090076  0.65725229634958593  0.66773980298310387
  0.67793444477077636  0.68816111567490135  0.69833902951676918  0.70854528072049172
  0.71869816801409858  0.72868902857722184  0.73889029867272371  0.74906187779530764
  0.75925762713185707  0.76946227814963319  0.77985846154333027  0.79024301552494480
  0.80073293767954279  0.81136846749523728  0.82208393236431720  0.83264054485966155
  0.84314752404813242  0.85377561201689289  0.86441670941536597  0.87501817725986142
  0.88549371951690292  0.89591024469738156  0.90611826509407845  0.91616757120931791
  0.92615399360384953  0.93613979301991035  0.94602876883922515  0.95576089775315143
  0.96514949397093286  0.97415622238699584  0.98302032265360573  1.00000000000000000
 -0.00244548376456466  0.01031519568249326  0.02125624135200672  0.03188826306048722
  0.04246364728892031  0.05275530404513028  0.06313118601757513  0.07356070893606267
  0.08403911535730788  0.09476818808560894  0.10525425295396165  0.11603625452167678
  0.12668783605926587  0.13716401057272171  0.14728568065375319  0.15722707244158471
  0.16732591722277318  0.17770026879291601  0.18818883669148448  0.19859994534692066
  0.20901238206411371  0.21918137884941996  0.22939614970605307  0.23952445635226988
  0.24971245131704017  0.25995656035055603  0.27028274941355768  0.28094643788522861
  0.29139416505210503  0.30185828135271942  0.31209969344261429  0.32244952035407443
  0.33278345346565708  0.34327632929813678  0.35387708590956712  0.36461003094903105
  0.37538103068798695  0.38616053063294792  0.39664755378106958  0.40701527638115409
  0.41743790138067088  0.42793389742174404  0.43846212444814514  0.44916831988499084
  0.45997287134272186  0.47077847419211510  0.48106667968621736  0.49130427914621616
  0.50167130672391336  0.51233404849718434  0.52308838025630855  0.53403370267570616
  0.54479518161023488  0.55525356724768304  0.56577923101790206  0.57664760115765168
  0.58763351266692898  0.59861887915667733  0.60956979911052633  0.62055536894307428
  0.63127972673953781  0.64168457415075719  0.65229700640925115  0.66295633127468390
  0.67352774596477805  0.68400242261811928  0.69473549008103275  0.70581649994496121
  0.71682066013524326  0.72747220762240072  0.73810315393901249  0.74867883977606009
  0.75933119912399971  0.77005229196174763  0.78074401859464659  0.79137534092850015
  0.80167399500295844  0.81194815069384452  0.82197295290192873  0.83192186553440362
  0.84206473590032205  0.85233079465264117  0.86278136632765401  0.87305719711606955
  0.88336412358148320  0.89358781573550916  0.90407015645883415  0.91469403617373901
  0.92565437427389985  0.93658683589443570  0.94758994473515834  0.95854114155898384
  0.96895425918948297  0.97935538024492963  0.98963456766419111  1.00000000000000000
 -0.00227570851148227  0.00961106432616383  0.02005893452930446  0.03085639009983786
  0.04174602363593660  0.05278697693102779  0.06382195957238444  0.07444639827669682
  0.08513397209241183  0.09587006488125753  0.10647644445095242  0.11698955872474782
  0.12747803456880466  0.13800483212879483  0.14842259035023797  0.15886922447023205
  0.16952233736452005  0.18030175401943474  0.19112438983533100  0.20180530689467857
  0.21229648993207104  0.22279441970649880  0.23341315149598305  0.24438624154344996
  0.25500481595072333  0.26573800139113946  0.27649821920992435  0.28736465035022862
  0.29771655133691394  0.30798709539496499  0.31849312158424170  0.32922956632586825
  0.34016652690070115  0.35120244013837637  0.36219475709794346  0.37291621933854635
  0.38357173351402507  0.39436998488673863  0.40502339026823370  0.41542201601320256
  0.42540699264114268  0.43543653047319747  0.44568017944370109  0.45610828707525441
  0.46659146383312494  0.47709183410209310  0.48757117611795259  0.49799452155901741
  0.50834763654834181  0.51881305763585717  0.52937311217719663  0.54006348534711057
  0.55069696399787893  0.56109924749448137  0.57123658418792744  0.58133359640504090
  0.59170399187551737  0.60222217635461694  0.61290349256087118  0.62357487110439402
  0.63425157255299969  0.64505263661781254  0.65576931230585533  0.66636690094874251
  0.67666358496731971  0.68690242398748624  0.69725836931305618  0.70750851158811823
  0.71765294243438482  0.72750985537773238  0.73741295294615283  0.74755103098973941
  0.75799827111151208  0.76859711065062086  0.77922212403407320  0.78990186557034570
  0.80058745712542134  0.81127745255004990  0.82186988583419085  0.83238182620555257
  0.84282057728846405  0.85307372560418260  0.86350498743918913  0.87395021503802039
  0.88458304922601583  0.89501420613071070  0.90542806011303811  0.91570244996251815
  0.92605851844499609  0.93649559844220465  0.94708425016843467  0.95755256669622479
  0.96786662682486790  0.97851099986959622  0.98916450666853306  1.00000000000000000
 -0.00264305497500274  0.00972946331465855  0.02029550604156003  0.03084072050945749
  0.04149431483975530  0.05210388387128401  0.06277700109949913  0.07323491224953137
  0.08378572366079161  0.09424820175162797  0.10478915618090666  0.11524623042795851
  0.12578129601894514  0.13623815379875592  0.14650134514835567  0.15689500496848979
  0.16716820356559836  0.17805519031410491  0.18917386732521105  0.20045349667839588
  0.21150104281372520  0.22233845591775298  0.23311926291547783  0.24346612443934695
  0.25374680808948274  0.26387276843974528  0.27409335416077818  0.28429593602534287
  0.29470780104588806  0.30523340725289289  0.31567872095079691  0.32628669155337042
  0.33702830926868427  0.34808750185002257  0.35911538739499888  0.36997842251796342
  0.38041450555848894  0.39067336242036699  0.40120697290914503  0.41217380737670312
  0.42297029591241925  0.43371631544869738  0.44415840883418600  0.45467229523345604
  0.46511175916592862  0.47546444227578960  0.48577891435179055  0.49599845977005352
  0.50637781546928207  0.51670683267307638  0.52713081149561825  0.53756815481096154
  0.54813375883368620  0.55863533304544721  0.56906824138323531  0.57957377574271463
  0.59015522578074475  0.60087777148203414  0.61124246512459146  0.62159676607311720
  0.63178237438918239  0.64211834263638812  0.65228823734977948  0.66269256349373806
  0.67332064184405860  0.68401232630606645  0.69446923255605109  0.70466057823937900
  0.71508547199361061  0.72579611231764551  0.73683070281152352  0.74780265913035426
  0.75845845519445099  0.76893626027604201  0.77914921811284332  0.78950175289189928
  0.79991679779185176  0.81042340569212212  0.82099524560569714  0.83161509774287790
  0.84196882777738646  0.85243667181233485  0.86295172153579958  0.87342219787082487
  0.88362621181682244  0.89380942555132004  0.90414076214986572  0.91476725133082415
  0.92550971350220101  0.93651814047994197  0.94727037740948827  0.95806713066278348
  0.96892393576909897  0.97953822612729291  0.98982433598530239  1.00000000000000000
 -0.00224860821465159  0.00981162798591764  0.01999052779197719  0.03073585829447613
  0.04146483688026723  0.05262371064254040  0.06374045763084578  0.07468346882088364
  0.08560101048003342  0.09625277991728111  0.10685306332426980  0.11747751450309013
  0.12799769661013102  0.13843194045047996  0.14892328509993191  0.15941307876154251
  0.16985859844416229  0.18026905456772560  0.19100529719848627  0.20201605121663468
  0.21274856449592794  0.22328142011956950  0.23381758089624027  0.24445667558356060
  0.25490048346292482  0.26525531539057484  0.27572892078302180  0.28637734203298526
  0.29695281140529273  0.30745020365990888  0.31787074913213126  0.32830434678799308
  0.33864538474200323  0.34888941053939398  0.35893728027981087  0.36909180707413475
  0.37937650590299582  0.39000880141081734  0.40032801130668394  0.41054191815592711
  0.42052080171357237  0.43087247254205785  0.44128109891808603  0.45213133234158437
  0.46303562804585796  0.47378236341575980  0.48444323688376034  0.49493205658723832
  0.50542796495917319  0.51575774026445720  0.52616960845095317  0.53656432316768554
  0.54705854864559189  0.55766080008592789  0.56814964165658999  0.57839079828958961
  0.58869205437602778  0.59921087382190752  0.60993967068109201  0.62049580144301830
  0.63096267035269049  0.64128371627305969  0.65162350545325620  0.66226434201748452
  0.67295873087818370  0.68371964749715797  0.69438097644988073  0.70493425201038173
  0.71521920057523047  0.72558791277372381  0.73634653610310818  0.74740691448342866
  0.75816919388789017  0.76875234422199046  0.77931320358031764  0.78984306277331451
  0.80035612878207607  0.81071362599324948  0.82082876471992439  0.83099254929805355
  0.84136752931517333  0.85175401713654786  0.86217764059273572  0.87274186083324323
  0.88341383046215538  0.89407631528723919  0.90463539970956897  0.91520849065322030
  0.92558204073991346  0.93585347819765541  0.94675381963981908  0.95766510820826445
  0.96816802430899163  0.97851713469237989  0.98915069726383897  1.00000000000000000
 -0.00233130318356657  0.01015729963160244  0.02045278938005373  0.03102579711403228
  0.04149401877534326  0.05207645369347377  0.06266165391413896  0.07306711634229411
  0.08338801993093758  0.09392133253848844  0.10429281872583041  0.11469954250165434
  0.12521551574278694  0.13550361690404134  0.14616160345250759  0.15615847988279452
  0.16620511576650349  0.17622345983179249  0.18629955985311486  0.19641227096180841
  0.20655338618417013  0.21678855675613776  0.22723910668209776  0.23742157971412245
  0.24743865993619157  0.25729277246192439  0.26735889530405588  0.27758919683323063
  0.28816120395941391  0.29879880572087208  0.30934583342852567  0.31978013552405127
  0.33032039728292734  0.34090041040838415  0.35130277315243308  0.36180929295472797
  0.37253016391633459  0.38332844445301573  0.39395505692695326  0.40480005535017582
  0.41547898987891235  0.42619877704383941  0.43673080348992199  0.44760957266813722
  0.45835181480843734  0.46960303964644967  0.48059140006148293  0.49165935850712505
  0.50262854251777056  0.51390835295681292  0.52489197508900731  0.53571144240892621
  0.54616089523655387  0.55649721937756524  0.56681275844186996  0.57672866213776985
  0.58657455310878881  0.59657004916814049  0.60689137601482190  0.61759082680954747
  0.62821748079861783  0.63912581210821062  0.64973706502357420  0.66051828988719619
  0.67143684133870662  0.68224584931570154  0.69277952563348788  0.70325948375281000
  0.71392891746139853  0.72441436002647319  0.73499098364256954  0.74596029083336768
  0.75698229406045203  0.76799881201880127  0.77893712073644328  0.78972887096205480
  0.80023044681316158  0.81080716214396253  0.82141245010625119  0.83179972758166076
  0.84206610911767588  0.85236452247305061  0.86300431820939871  0.87368322969201784
  0.88461045074349653  0.89544706121083195  0.90619906176725340  0.91691200468875256
  0.92769251658927498  0.93843280132492135  0.94884407319783315  0.95929457740526947
  0.96950356223748291  0.97982405771771319  0.98988152049401923  1.00000000000000000
 -0.00233405817220733  0.00885512907297146  0.01891320613502147  0.02947390979916959
  0.04025813788597079  0.05075052964101411  0.06126832260949076  0.07188045307257235
  0.08274582018010804  0.09344311953842326  0.10401646005302946  0.11434129021390019
  0.12475360432407073  0.13510482640406571  0.14546556727621529  0.15583870665815169
  0.16611405312251559  0.17634426066953671  0.18657081809250406  0.19706600159329124
  0.20784300924660154  0.21861383817163701  0.22935382014570749  0.23989260326945958
  0.25037406454095618  0.26096557024029698  0.27184359663393731  0.28300591601230130
  0.29423085852273101  0.30541102712058854  0.31628906741567808  0.32694792035209447
  0.33751390747284776  0.34818942797008035  0.35885944975683626  0.36951760116800875
  0.38006601555725034  0.39052104753089384  0.40101010955073296  0.41154552343416761
  0.42200988411920076  0.43229080444107404  0.44271514123484357  0.45335470880653211
  0.46429369647324764  0.47538207442835800  0.48648748294480043  0.49753856095175991
  0.50834082094021127  0.51902968124201787  0.52946326269351895  0.53986541352567563
  0.55010142217040015  0.56035824055050987  0.57072679829473805  0.58119781334551035
  0.59206371316178175  0.60274495021397911  0.61313976347845067  0.62339704179388633
  0.63372490341495491  0.64434831391947434  0.65494147670369052  0.66549752195923784
  0.67612402632104396  0.68682749009288102  0.69745997841912055  0.70789858026995556
  0.71816037007194256  0.72833434640928385  0.73852896650803224  0.74889774326241831
  0.75980116326563540  0.77069132378564265  0.78113028434748566  0.79157157481789697
  0.80164063572621147  0.81185379846277717  0.82181015318915673  0.83168601576725987
  0.84200172276578900  0.85239599073798866  0.86317274637480323  0.87374663978940625
  0.88445090451750441  0.89501702668208705  0.90542471181849737  0.91578612743094712
  0.92647891848855335  0.93713498290487840  0.94789432003884144  0.95863592803115627
  0.96926815995471816  0.97966474435149609  0.98983573808542447  1.00000000000000000
  0.00952445267983403  0.01580673881958373  0.02547707632120140  0.03663352216300897
  0.04732758829353571  0.05775343770330461  0.06809127814836410  0.07830316799929488
  0.08856259532188954  0.09888208524065689  0.10934900001929923  0.11976074080197695
  0.13009059421694896  0.14026647365637152  0.15024301852107727  0.16016917748540305
  0.17029070345204417  0.18048337890010982  0.19065259945305629  0.20074740841255867
  0.21100075355362163  0.22149790741849323  0.23194892124700214  0.24192177883299321
  0.25182560809690846  0.26169555927267746  0.27166023710107812  0.28211433290443433
  0.29232909603479507  0.30306047608541814  0.31353221663671627  0.32447353403123519
  0.33531910653663100  0.34596847082177545  0.35659763273298400  0.36712415377604957
  0.37747107893802417  0.38763918084452553  0.39774626782693823  0.40809019232360794
  0.41873421475792116  0.42949862320641985  0.44018282658833618  0.45073340668452822
  0.46128527899859856  0.47192797380982332  0.48245445778245050  0.49301249316667961
  0.50345495786570660  0.51392591267972909  0.52440079453591559  0.53484087267979741
  0.54529662808217227  0.55569549726417233  0.56617931862958448  0.57681217453625933
  0.58742898195498094  0.59797642913883231  0.60843571363303306  0.61879947758842158
  0.62905185739770053  0.63913345560156876  0.64908652169554304  0.65901678538866693
  0.66912915489588110  0.67938301163695736  0.68954615407521935  0.69966054699410674
  0.70983998236031287  0.72000895385450525  0.73005897455750779  0.73994029951983908
  0.74972649635926836  0.75965138884942673  0.76974323609909900  0.78031183674088900
  0.79115844898709176  0.80184714796822976  0.81230026751832685  0.82267396650978108
  0.83301135475487031  0.84339059925889304  0.85373312932444867  0.86403808234438639
  0.87450616255267344  0.88501276725260225  0.89548395120354718  0.90585952944874282
  0.91616533638715292  0.92653385864794502  0.93695030476360996  0.94742030617503004
  0.95781368691917068  0.96863643036563596  0.97931915326458230  1.00000000000000000
 -0.01917651341533618  0.12185909435031118  0.16044302561906415  0.18356626505825613
  0.20153074387871897  0.21648223198945135  0.22958695061708562  0.24122438072280863
  0.25192755422478391  0.26166328010046308  0.27106240947164173  0.27967155777065877
  0.28813901256910462  0.29621654205536818  0.30401447013576399  0.31164887425828725
  0.31889237389462055  0.32594374569051360  0.33284372614943974  0.33956724364620472
  0.34615823372071497  0.35261998689645641  0.35890062916053228  0.36506477536793563
  0.37116417825252518  0.37716159707770536  0.38307570110221195  0.38891746235601088
  0.39467142028736735  0.40032545705979666  0.40589935934411697  0.41144157921886881
  0.41695554270494417  0.42240544765264648  0.42791305968691074  0.43344621053092658
  0.43891023730336265  0.44431056374520156  0.44966365959387244  0.45498836446479896
  0.46026500997220665  0.46550041386197022  0.47072544062963362  0.47594753515701793
  0.48115314218453792  0.48634033941684268  0.49152206228223383  0.49672746545870622
  0.50196541309090204  0.50718389312907564  0.51239233189957856  0.51759221466517180
  0.52279516691528705  0.52802813775678215  0.53327882630828505  0.53854707808915447
  0.54383167573816127  0.54913459707542023  0.55448597070757422  0.55988039803598255
  0.56531546780897013  0.57081016053866063  0.57627748461583239  0.58176799858411277
  0.58735708961556388  0.59299227568842194  0.59863583534360998  0.60432682643858371
  0.61010854864771180  0.61596427000665632  0.62186662923746083  0.62785207506128871
  0.63396310879174755  0.64017726842595946  0.64655672378496365  0.65313003742581544
  0.65981824416835044  0.66659982215112379  0.67355491039693438  0.68064391608518704
  0.68784861877913106  0.69541014613752472  0.70314946469706219  0.71121277582639431
  0.71974083295349867  0.72843142132732486  0.73792787066408239  0.74773043982543874
  0.75858003280599207  0.77036268252557627  0.78356454396609265  0.79861586657267902
  0.81664198178565184  0.83976680514237823  0.87802232956211046  1.00000000000000000
   4.4273791183553853E-033  -1.0000000000000000     
 F F F F F F F F F F F F F F F F F F F F F F F F F F F F F F F F F F F F F F F F F F F F F F F F F F F F F F F F F F F F F F F F F F F F F F F F F F F F F F F F F F F F F F F F F F F F F F F F F F F F F F F F F F F F F F F F F F F F F F F F F F F F F F F F
  <DiscreteSampler_grid>
  grouped_processes
  1 # 1 for a reference and 2 for a running grid.
  10 # Attribute 'min_bin_probing_points' of the grid.
  1 # Attribute 'grid_mode' of the grid. 1=='default',2=='initialization'
  0.0000000000000000 # Attribute 'small_contrib_threshold' of the grid.
  0.5000000000000000 # Attribute 'damping_power' of the grid.
 # binID   n_entries weight   weight_sqr   abs_weight
    10   10   1.438904941828354E-019   4.868981865887680E-038   1.438904941828354E-019
  </DiscreteSampler_grid>
