  0.00491296355077865  0.01484494071938406  0.02623892513354935  0.03770703917714326
  0.04861932119403158  0.05922118244146632  0.07000554825978675  0.08092064399243665
  0.09193779462331213  0.10311343805953728  0.11420758365462488  0.12519880872723643
  0.13600552987596085  0.14704977941466746  0.15818214639691103  0.16919875598010212
  0.17994584850267484  0.19058942393983502  0.20140407268946642  0.21222062960082444
  0.22290003315064602  0.23334162389749702  0.24365891661562622  0.25409622696616102
  0.26450387299120220  0.27497496122107357  0.28546269949899200  0.29574697653588550
  0.30586741105717119  0.31596069129786430  0.32613676224577309  0.33632216176434276
  0.34646196125514028  0.35666813635576511  0.36694089415723619  0.37725110225981084
  0.38753490303865684  0.39786220330092248  0.40814081912583405  0.41861346973017149
  0.42929751325183729  0.44019927586676366  0.45096947355560946  0.46175112441303251
  0.47257479603996810  0.48318133835113852  0.49377867666312458  0.50429279445931008
  0.51471427213918686  0.52490133301519137  0.53506764618109659  0.54524366375703748
  0.55549440473414602  0.56570768916256842  0.57591620352408968  0.58622345530786313
  0.59654393808769657  0.60697102788939594  0.61750960603760685  0.62806746512754530
  0.63862164649208131  0.64908328144143290  0.65953908466571598  0.66997159835120934
  0.68033459065953505  0.69075854514702939  0.70132431928673755  0.71198436027315093
  0.72272142275034446  0.73330699511572672  0.74372973501763884  0.75395774568365626
  0.76406432448080019  0.77424863966243951  0.78442396998714836  0.79463625704250784
  0.80473854257648181  0.81472664181447019  0.82464151246809669  0.83465191120651494
  0.84486503145810632  0.85517648663176327  0.86545229406049118  0.87565509646394835
  0.88574759387866164  0.89586816435927874  0.90605939384381251  0.91621189650610646
  0.92625101423324296  0.93601837053042780  0.94564560891139804  0.95524280715565624
  0.96478409532110876  0.97409031347982689  0.98308016803428822  1.00000000000000000
  0.00489641507497450  0.01498621380640145  0.02702534206279818  0.03886676921675017
  0.05008439351556693  0.06093208712710420  0.07176644722600342  0.08252067564326798
  0.09314927365029163  0.10371002050309576  0.11443409755618499  0.12522932990093244
  0.13594871790584503  0.14653825543845353  0.15711945728588569  0.16767822767659629
  0.17825996337922492  0.18884441661924739  0.19945782122953973  0.21014354871960961
  0.22090316045057273  0.23170470883295535  0.24237599902178986  0.25289189669879886
  0.26334420823455612  0.27382740645222864  0.28438669557129392  0.29492931845451142
  0.30539295871995997  0.31583316098771747  0.32636550735009473  0.33699506329298012
  0.34764518181551940  0.35841436073127014  0.36923469082228733  0.37987725225046742
  0.39030523127579547  0.40069814896624967  0.41125086730605565  0.42187450479846544
  0.43245863945028934  0.44310767994743816  0.45382007059079205  0.46448852369807797
  0.47506200189850778  0.48555501496214853  0.49605044754368915  0.50655093361219750
  0.51690198701017831  0.52696270639714105  0.53683592773626210  0.54682121993450450
  0.55698716902061240  0.56720723678692242  0.57737968813437401  0.58758771234763307
  0.59787258849809788  0.60818191130943966  0.61841064709424642  0.62858961631930710
  0.63889773356114099  0.64943498865086702  0.66021785656459342  0.67103036208319022
  0.68180554981227781  0.69258607952648676  0.70333340432217151  0.71394227645965513
  0.72436449243266676  0.73480277578800390  0.74544881945874664  0.75635764389911198
  0.76727471020519800  0.77794442746527259  0.78844105573266632  0.79889011226956363
  0.80933250678779378  0.81968293177327189  0.82995177109244667  0.84024115482197459
  0.85066307326071755  0.86113659323347624  0.87167413784576908  0.88210251758862379
  0.89232478094008849  0.90259672911925704  0.91305255157281651  0.92364785789712467
  0.93430081292750500  0.94448706727580511  0.95451453760681348  0.96428631929559194
  0.97381683617479087  0.98299936544823374  0.99224698804354750  1.00000000000000000
 -0.00224214369361798  0.01000460571639221  0.02015416910806693  0.03079658487402855
  0.04124165052155357  0.05173244668164868  0.06194423474489721  0.07210115287641024
  0.08219020772749533  0.09265316885885022  0.10344327065072113  0.11435855429367991
  0.12522388167689014  0.13583174995485325  0.14642591072907105  0.15694810173241452
  0.16727225582105484  0.17783800556774854  0.18832201589505479  0.19890070021155437
  0.20949285573045853  0.22032926423149388  0.23117578591591906  0.24215628130067812
  0.25291248284409823  0.26407921432360504  0.27513034490490362  0.28625615460843451
  0.29701564302804462  0.30775486192170415  0.31845421930486290  0.32883676323409422
  0.33910671315069851  0.34932435687842661  0.35971862091575235  0.37018672117230084
  0.38080810681318833  0.39143832378753141  0.40201593306616512  0.41273390567171575
  0.42335705449811101  0.43424181679515050  0.44472594948729133  0.45528169114776917
  0.46587148209469192  0.47648957726578056  0.48680205648271796  0.49692984032331822
  0.50715471243424604  0.51741297705267819  0.52768493661676352  0.53818228046446992
  0.54876318262149848  0.55960791494178497  0.57021988289944725  0.58076303255112760
  0.59109913334699671  0.60143620175642487  0.61201535196818557  0.62249385839811533
  0.63313615729654216  0.64363170649476986  0.65434546936544846  0.66484799826435736
  0.67544124930916249  0.68590934997312458  0.69646136481920429  0.70703595679127129
  0.71741655525137982  0.72783302625494772  0.73857543670688253  0.74923257467966964
  0.75924769924020308  0.76898075293415236  0.77923053783251528  0.78976708869213985
  0.80041681036530032  0.81097670244643638  0.82171107942759614  0.83251372844400817
  0.84305418874345528  0.85347661348190385  0.86366311546826102  0.87368074329782275
  0.88403758218834805  0.89465760904800928  0.90555089551136037  0.91648609520884772
  0.92700973368304107  0.93759758690338235  0.94791179303576700  0.95833805394483329
  0.96879928756945732  0.97928229876652184  0.98970148122330504  1.00000000000000000
 -0.00243547618334297  0.00922989251410774  0.01930234790926585  0.02986114506095202
  0.04064144031039703  0.05164332803082788  0.06237963326632170  0.07280385344717583
  0.08306928528787071  0.09349920027137629  0.10410097451508141  0.11492589418341388
  0.12543073023643725  0.13576348743474820  0.14602894862464749  0.15649660935573498
  0.16711494597366863  0.17763136533847917  0.18798679925027670  0.19846430729237341
  0.20891334804109005  0.21920198145599493  0.22947541930224363  0.23966557497285818
  0.24990943900461191  0.26009887905286949  0.27033515686551246  0.28102408869011836
  0.29190891320089896  0.30287963951601260  0.31411792632152291  0.32532724380500333
  0.33611910714491600  0.34678462818106476  0.35718275096594709  0.36777852503688363
  0.37817162384571240  0.38870561310352453  0.39921027097267975  0.40960469472273081
  0.42023956098881432  0.43070749923185925  0.44106515856831879  0.45139931369557135
  0.46163458633382060  0.47218482662313122  0.48251929264593135  0.49295214399274062
  0.50329420722338247  0.51338513127808572  0.52344334916207280  0.53372603120750939
  0.54434290896217685  0.55527525052421067  0.56601778136909875  0.57678979197467606
  0.58738943444215674  0.59802831928659017  0.60879190807177419  0.61991509383365118
  0.63075616201630080  0.64160212594078381  0.65229247370899734  0.66311873504416086
  0.67397546470804592  0.68481728873135517  0.69544988521515316  0.70620735346085739
  0.71683517350837445  0.72756525701663766  0.73780644308658461  0.74807384337413441
  0.75822494518079198  0.76839044330251161  0.77880894204811779  0.78931752854489001
  0.80007488245673108  0.81088712659845719  0.82172064412349455  0.83245074918001694
  0.84308934981102968  0.85364046228358681  0.86417683898344289  0.87475382920452460
  0.88510401251145221  0.89532604516156133  0.90535213134397230  0.91566989281732492
  0.92638107991922158  0.93673856971602076  0.94712205678382455  0.95727952732907173
  0.96791277290058486  0.97865793798845657  0.98939520347384124  1.00000000000000000
 -0.00247606916637723  0.00947458085542932  0.01991406225755925  0.03058559333875636
  0.04123067026908409  0.05155645691422795  0.06185357349003792  0.07197470323721962
  0.08197740251787260  0.09198841911286114  0.10203529251105194  0.11232511477964623
  0.12264735294220100  0.13321417654146228  0.14387021140891565  0.15467319500516608
  0.16526722237670433  0.17561067026500321  0.18593885371722527  0.19607906847048009
  0.20619377028177141  0.21662098787523382  0.22717811205442739  0.23788326504831400
  0.24846878214863505  0.25928098438759961  0.26999263165969922  0.28037763909366653
  0.29078267949970282  0.30124457770764984  0.31166639901815180  0.32196249743408195
  0.33242396198731189  0.34286176786894401  0.35322064389379820  0.36329682143721570
  0.37341230462650093  0.38369893877514910  0.39392781714279307  0.40404055712490911
  0.41407486180313335  0.42430784883679734  0.43463340910160958  0.44513355434914215
  0.45576361008154004  0.46647564624990367  0.47707621750990764  0.48755111281274849
  0.49787799299998414  0.50809295896283757  0.51815921795951436  0.52834603291316096
  0.53874298731896642  0.54920762980492743  0.55974003648959270  0.57014972855785040
  0.58062977273663108  0.59107826054516277  0.60146225891635496  0.61188751734846158
  0.62235835083284075  0.63300840755457388  0.64365533234486849  0.65449609681991416
  0.66532057689998714  0.67604088870981605  0.68670163405103124  0.69755799332804369
  0.70856359619611720  0.71931465028770014  0.73008030264486268  0.74096954589437825
  0.75208603852053668  0.76310977861955576  0.77451696033336059  0.78580682535150526
  0.79678252184259701  0.80729961933993355  0.81775961873746250  0.82841246719127248
  0.83884945528082011  0.84921835577122107  0.85950033812054938  0.86970509092541226
  0.88016536437526471  0.89058409449584552  0.90140703737096239  0.91255598869958587
  0.92372509246237056  0.93508588697520101  0.94607525398836112  0.95690644889462084
  0.96767593521788875  0.97846878581952601  0.98936417354611972  1.00000000000000000
 -0.00235308784924365  0.00983100770398395  0.01997711926962868  0.03107985821259662
  0.04199377741416355  0.05294973127108221  0.06374781878454941  0.07458856910587341
  0.08562392390661708  0.09642844853757587  0.10705704147609896  0.11741936818981033
  0.12760678085315402  0.13787989946428089  0.14814709754754690  0.15881188577397964
  0.16953679935128399  0.18014053246332432  0.19059647265081966  0.20089732168520871
  0.21145986875977596  0.22220226998964263  0.23286084670576229  0.24333791851020956
  0.25377384015353072  0.26446706129678843  0.27505945838874707  0.28540822636705326
  0.29586588266720393  0.30638705515789050  0.31698313097058295  0.32738098088952916
  0.33809636139397881  0.34877546560773331  0.35925128905049897  0.36961747411331392
  0.38026385373952271  0.39089380980036947  0.40154381183148891  0.41195427653982769
  0.42261599029049568  0.43335715509554146  0.44385732839728526  0.45433642357905873
  0.46467161683983293  0.47498723893782446  0.48508827909394181  0.49513944649914599
  0.50552750894842491  0.51607047844275800  0.52661387614918509  0.53706933037322324
  0.54748032541498481  0.55767821216528091  0.56800819632786037  0.57829817520516247
  0.58880179306934199  0.59944777765138157  0.61014895905471311  0.62069542725303728
  0.63097947965283196  0.64139583361656105  0.65182554328992781  0.66227973587255062
  0.67242116894201676  0.68253710490695108  0.69290997253999775  0.70351089475886819
  0.71422642874405662  0.72471617946021505  0.73545573869813030  0.74648423295657551
  0.75738252075989509  0.76834866864111906  0.77911345406672317  0.78987801903340260
  0.80052463600987211  0.81122281117021600  0.82216290457450159  0.83284480940067429
  0.84315309713415876  0.85342100055909587  0.86370328398261476  0.87413493819840937
  0.88454454062313248  0.89494352969908586  0.90546695854728576  0.91605009712310814
  0.92670973378326649  0.93736104132726883  0.94744398178285549  0.95761346788713064
  0.96814864745521667  0.97882720982852667  0.98950452859802052  1.00000000000000000
 -0.00213916230993926  0.00965367379634620  0.01957027353626699  0.03012440538680430
  0.04058337832132197  0.05129339518249978  0.06198729253009946  0.07307401950976120
  0.08395449751759633  0.09471461104206923  0.10536123813220441  0.11582024790687832
  0.12633520285509670  0.13654407082884579  0.14673458961850080  0.15691236343248530
  0.16720230343884462  0.17754587969302257  0.18770585109175858  0.19842378252013165
  0.20906233399645902  0.21969814562787590  0.23044836648810546  0.24116681093670619
  0.25209167590782955  0.26277620531188778  0.27358953380364126  0.28444398944663390
  0.29537463022274429  0.30625231062023095  0.31701303022139271  0.32765285531062704
  0.33816147962159276  0.34863958822368679  0.35899083075571081  0.36917653985929205
  0.37922142740465803  0.38927180627277241  0.39940240745412287  0.40979449499898774
  0.42021672817420569  0.43041493262714170  0.44046566480010652  0.45059777421300923
  0.46110286131218670  0.47164376514823086  0.48227953646299937  0.49292482745285310
  0.50368647860032267  0.51433701928781617  0.52496026451772204  0.53561374336170264
  0.54652362478087091  0.55739589687524926  0.56827309461174824  0.57906094669812225
  0.58953827485498234  0.59977897606115793  0.61001113931342832  0.62049726485247880
  0.63106408654665547  0.64160866148582463  0.65212622195936698  0.66269808588137114
  0.67314430929953473  0.68325770694668064  0.69339815090288393  0.70361213197322714
  0.71401033290748683  0.72439395305135157  0.73479197521129580  0.74506592132782712
  0.75524592402816249  0.76551448556209412  0.77581598007736829  0.78610409343936927
  0.79643239041098490  0.80707714298639155  0.81783340789592540  0.82873592611928193
  0.83951371069795999  0.85038542832667463  0.86113597169401002  0.87197849879515943
  0.88282161007542026  0.89378800061728569  0.90484567831813867  0.91611736254597065
  0.92676746373480778  0.93744793857823472  0.94792671683636986  0.95853292207778396
  0.96889240667034870  0.97922965594042399  0.98964992133567509  1.00000000000000000
 -0.00235516429974876  0.00924926899227205  0.01905059512330349  0.02914135853740323
  0.03923404449801213  0.04920568968660181  0.05918274374172713  0.06918857809644471
  0.07940357855391150  0.08984488118970016  0.10051468131866718  0.11165161762112168
  0.12278795661311954  0.13343377256445968  0.14372147884169392  0.15405518070453572
  0.16459920368475461  0.17491160421292926  0.18550067221401140  0.19605858609390614
  0.20688854387850453  0.21738943126943258  0.22811646084696779  0.23870502940982544
  0.24931795343757890  0.25972072887647102  0.26999440787570422  0.28023133481393570
  0.29053772066777639  0.30063601469221812  0.31080788982524560  0.32113696307180484
  0.33154472638576032  0.34184690486053848  0.35214705230886795  0.36304202225641485
  0.37454306073449178  0.38596094340333842  0.39700730025234465  0.40780188220280217
  0.41844253953529847  0.42889639873175800  0.43943927731761223  0.45026838309357375
  0.46135738111323227  0.47248021991752287  0.48363008528500440  0.49487551704257149
  0.50598129373645517  0.51699029767740157  0.52786057507894202  0.53870723584296620
  0.54946836885050643  0.56006767166382243  0.57059641917487181  0.58088525274875824
  0.59100307708589539  0.60106331184941475  0.61125225409109463  0.62167706141135304
  0.63210182834470319  0.64241628137626239  0.65265291874465448  0.66290296684633476
  0.67332149424468035  0.68393095424033656  0.69469360139995207  0.70564372370073791
  0.71642400701533582  0.72717553485965603  0.73798319670044044  0.74869673662084746
  0.75904538561658430  0.76931510057991503  0.77983365064045340  0.79052493266734392
  0.80096473195021645  0.81134934010892767  0.82212341312110193  0.83296512955510860
  0.84388926369330508  0.85459154170996532  0.86527477635477912  0.87565578197257699
  0.88602347075796117  0.89638612359443437  0.90681459704030321  0.91726629932827808
  0.92760791873216453  0.93825107044109834  0.94857457471497275  0.95880128748649118
  0.96893015496395507  0.97910566154791889  0.98958309512985887  1.00000000000000000
  0.00963487331646587  0.01596476241271130  0.02445673266562732  0.03461052889771130
  0.04467746222694883  0.05478432348407326  0.06502186117212438  0.07554270033106074
  0.08602380525946915  0.09619947823289923  0.10634600445122211  0.11674619618634818
  0.12728890432543619  0.13770988604645709  0.14811653023557089  0.15877077831361272
  0.16941371246643797  0.18000304654713242  0.19039936089711856  0.20091303560981141
  0.21135534644758083  0.22162329917739587  0.23199331003423176  0.24221112213197127
  0.25260091223068692  0.26311451759186705  0.27355202784811999  0.28388029073019183
  0.29422123085482266  0.30444307205382765  0.31481949092958772  0.32555582913559838
  0.33624237887747188  0.34669661916657690  0.35682229343232419  0.36721682430475816
  0.37770694455839077  0.38846029437020185  0.39950899376998955  0.41064839833368444
  0.42149893412082723  0.43218850705720230  0.44270503148931523  0.45304109009753180
  0.46340921908869503  0.47395195071023738  0.48462590631462854  0.49537762438350236
  0.50597403394209228  0.51640944904704744  0.52676251484444947  0.53702640712409444
  0.54727875351566579  0.55748135406455079  0.56766071119588224  0.57785991971659512
  0.58797062442249026  0.59807882847844651  0.60837020656198226  0.61871929338278175
  0.62903292250439302  0.63938397394481850  0.64993311366565798  0.66060390447195050
  0.67101114364338266  0.68115606095417558  0.69128237940560200  0.70132285866720401
  0.71129161800231200  0.72143053252139167  0.73180438186733177  0.74207104224965281
  0.75226400422571194  0.76264773396482755  0.77301793323466872  0.78339310559780184
  0.79383100950539365  0.80452753818114120  0.81496114896113958  0.82525362729741891
  0.83560460769488343  0.84621041263770347  0.85670889732387501  0.86701617611402981
  0.87723970425970432  0.88748934877895491  0.89790410302562951  0.90840437390883311
  0.91877350713106987  0.92910785415893871  0.93949798578781618  0.95004880548125692
  0.96035835119052826  0.97042467139461996  0.98057028475642194  1.00000000000000000
 -0.02054205200886484  0.12208525019026185  0.16020517109547713  0.18326129445891495
  0.20111408972499714  0.21603673633966694  0.22909733781467650  0.24075515591606261
  0.25156348916659654  0.26143414071366811  0.27090722684004515  0.27961155402300902
  0.28811351243979760  0.29621302087956547  0.30404704484254991  0.31174970006293556
  0.31910623285126943  0.32626161075357929  0.33317048962789170  0.33988260592537239
  0.34644394908727644  0.35292032628201936  0.35919659818200661  0.36534200795758859
  0.37143530580645379  0.37742636894306919  0.38334969789657830  0.38923865123610191
  0.39504887656465737  0.40074299492433668  0.40635306921211445  0.41194320387497735
  0.41752721851124913  0.42304108017120223  0.42853704239622548  0.43395115362943398
  0.43929670785603581  0.44460076001418813  0.44986741267635327  0.45513036571466381
  0.46041230909297037  0.46570516116431454  0.47099700647087300  0.47626358064216567
  0.48148025568298880  0.48666190662053743  0.49182418506354625  0.49697656151592845
  0.50215073174858926  0.50734149367694648  0.51253828134941914  0.51776107775316760
  0.52299310732132664  0.52822546803033454  0.53345241772277230  0.53867540292208926
  0.54391377234004890  0.54918184809816162  0.55446307444102982  0.55976964869123158
  0.56512615042679526  0.57055420805345414  0.57600657246060649  0.58144486369903736
  0.58697142148859627  0.59255157875673292  0.59817685109455210  0.60387310727892929
  0.60969758252650141  0.61560853744790489  0.62157063006145430  0.62763997382176617
  0.63381375423337694  0.64002435568890015  0.64631175176899092  0.65274744896437209
  0.65933437742424161  0.66606171063191832  0.67306978569591658  0.68025983399914924
  0.68756444517791948  0.69523422577516203  0.70304393191149628  0.71106926307910590
  0.71946801488596013  0.72813407282144005  0.73770375020114520  0.74757744515502456
  0.75835498300987259  0.77002489506159877  0.78322829579057796  0.79819092599384855
  0.81602157682608778  0.83888217209188598  0.87643349884963773  1.00000000000000000
   1.1373669227847400E-031  -1.0000000000000000     
 F F F F F F F F F F F F F F F F F F F F F F F F F F F F F F F F F F F F F F F F F F F F F F F F F F F F F F F F F F F F F F F F F F F F F F F F F F F F F F F F F F F F F F F F F F F F F F F F F F F F F F F F F F F F F F F F F F F F F F F F F F F F F F F F
  <DiscreteSampler_grid>
  grouped_processes
  1 # 1 for a reference and 2 for a running grid.
  10 # Attribute 'min_bin_probing_points' of the grid.
  1 # Attribute 'grid_mode' of the grid. 1=='default',2=='initialization'
  0.0000000000000000 # Attribute 'small_contrib_threshold' of the grid.
  0.5000000000000000 # Attribute 'damping_power' of the grid.
 # binID   n_entries weight   weight_sqr   abs_weight
    10   10   3.344265905392021E-018   2.710200228111492E-035   3.344265905392021E-018
  </DiscreteSampler_grid>
