  0.00486405001681047  0.01528474883529887  0.02758729746287603  0.03978328555986793
  0.05120214698265455  0.06217961597462406  0.07305428063839631  0.08396263605524951
  0.09485303088662508  0.10562046372058458  0.11627859173667104  0.12688525805519871
  0.13759575752065437  0.14838618806587067  0.15930378378642610  0.17039616753535947
  0.18168033052482946  0.19284771514796137  0.20371375141915304  0.21443831568956984
  0.22519261099589732  0.23593224957181161  0.24658118950986732  0.25732629835678539
  0.26790098174576787  0.27846646678764697  0.28883964827638259  0.29929908378149050
  0.30980853188430946  0.32038691794027840  0.33108984704633432  0.34196260156461517
  0.35298338914562977  0.36425992266373719  0.37550524811906494  0.38652163532201517
  0.39737934324282026  0.40811905638351187  0.41864855591250316  0.42892375709938674
  0.43922761081517980  0.44971420075401042  0.46025792392325376  0.47083913479378448
  0.48149400163405010  0.49227794576543277  0.50324721109518633  0.51409147595913007
  0.52486543271450192  0.53555888404427299  0.54634207388862766  0.55733911582737539
  0.56824084102040540  0.57889789738844200  0.58955075523333800  0.60003185807871240
  0.61038974195727369  0.62042502738158767  0.63053475422235483  0.64075823861454162
  0.65103362484652161  0.66130784775026907  0.67166716495111589  0.68235231069024382
  0.69304640817653695  0.70335205613537233  0.71348197197891938  0.72346727787135434
  0.73372060736076983  0.74388810538400074  0.75402950564079074  0.76430323008681345
  0.77477364070155941  0.78518237326131723  0.79561202534299880  0.80600244443396529
  0.81634441570471039  0.82664965207010110  0.83682913435040851  0.84714690116606828
  0.85733563917564237  0.86746950308747861  0.87758862413881134  0.88741100470619938
  0.89735789871430927  0.90723041740866017  0.91723067114418866  0.92707705068514989
  0.93698598000731037  0.94680906529498421  0.95669010148338174  0.96591978051167016
  0.97490944382236089  0.98359912554039752  0.99218329266046845  1.00000000000000000
  0.00516766682468509  0.01510542261560435  0.02649835026064861  0.03832336627112056
  0.04956424237746709  0.06079132013923165  0.07203574865826295  0.08335360001102071
  0.09449297753369927  0.10535138890861201  0.11594977174390098  0.12656448986167648
  0.13728713067324713  0.14831940159752779  0.15956337697935469  0.17078407699027390
  0.18214207233942095  0.19356083160336240  0.20482915336928592  0.21573133297698477
  0.22623215019460327  0.23672150044097295  0.24702169862635348  0.25729395883377970
  0.26756215050356558  0.27792971279483714  0.28847084281691826  0.29919043223747005
  0.31008829290102663  0.32092161091691179  0.33163038804133310  0.34209695866362139
  0.35234067156540205  0.36246352513433988  0.37244998648092781  0.38249145827270581
  0.39255658179964448  0.40270028836843796  0.41289900525481993  0.42325042909147514
  0.43395436125008091  0.44468224845388554  0.45532058075547860  0.46580504529763117
  0.47639252745393357  0.48709074042430972  0.49783338932690574  0.50839791246045940
  0.51886808027062470  0.52958695841664571  0.54034127987739200  0.55089035125423180
  0.56125629296007085  0.57170455682279542  0.58226919262315124  0.59280089572784556
  0.60336471398002522  0.61398505788332780  0.62467912352232180  0.63523588951518206
  0.64568015430571346  0.65598617563345130  0.66607298127519587  0.67598775162974556
  0.68575394671674539  0.69577485204813516  0.70623854630117033  0.71708456155066136
  0.72801341269463049  0.73878485189961851  0.74939602089151147  0.76011578260773938
  0.77101097853472234  0.78196072318311105  0.79281512293564471  0.80360872985185494
  0.81420333119188404  0.82436197315347326  0.83447637673535624  0.84479507918731978
  0.85497311962900779  0.86472864764957313  0.87441541197551365  0.88427454098253411
  0.89430892974413823  0.90426770720171157  0.91431785356596196  0.92470372825511027
  0.93508084553874815  0.94531172736747260  0.95505618150043925  0.96478064581013878
  0.97411481516340570  0.98310150083509151  0.99238566924437044  1.00000000000000000
 -0.00188045304266632  0.00917832037760987  0.01870987530105840  0.02897864592177367
  0.03905795125549270  0.04975058632284682  0.06015701482579579  0.07064145699588724
  0.08092857577213353  0.09157057013571185  0.10222525393849800  0.11322889132064755
  0.12401756381067619  0.13460894825226472  0.14515077972691015  0.15561665532902258
  0.16620752682954743  0.17661061980979018  0.18703668853227687  0.19757074024984367
  0.20809198107907276  0.21864321321825272  0.22929214770324610  0.23980287353034788
  0.25047217682639933  0.26111395610796184  0.27185584741891522  0.28249876392195905
  0.29312370127162007  0.30400954516987611  0.31494120150019728  0.32582771788773623
  0.33659631877563156  0.34750534868672972  0.35825954975950769  0.36914849298584046
  0.37986364293828273  0.39054989291634196  0.40116286472119594  0.41183649360689184
  0.42253101593293779  0.43304952160230931  0.44380973325011419  0.45449652450642175
  0.46529149808302389  0.47591319212479150  0.48661797407083734  0.49724195213819145
  0.50746965669161526  0.51770670823212639  0.52790771703188544  0.53808667336887239
  0.54812688279383726  0.55814485644672107  0.56854627790407708  0.57901418780882963
  0.58958779290323948  0.60014890603675497  0.61112366716442057  0.62184917787482152
  0.63227122211781761  0.64243202520588005  0.65303851907074362  0.66371943778417708
  0.67455497915740203  0.68514857422450259  0.69569861040606029  0.70647438511038851
  0.71691010032808911  0.72736414231424062  0.73778528900825791  0.74805713127387907
  0.75832764599436187  0.76868946118333648  0.77920406381057861  0.78961823975224832
  0.79993744656326904  0.81016762653959951  0.82046921326921507  0.83059193432852385
  0.84111779520188112  0.85186244074945316  0.86239561655487285  0.87288340738192183
  0.88350652318408118  0.89443836877454541  0.90492933754447247  0.91534856740496939
  0.92608082968640704  0.93685406453973386  0.94738446948021215  0.95793129035133573
  0.96870443747936019  0.97931225216426676  0.98958556641119866  1.00000000000000000
 -0.00187120513201074  0.00999164645088810  0.02017202082181277  0.03030891191327537
  0.04057097286055299  0.05072953624169036  0.06072452859116344  0.07100574593179383
  0.08113655429599624  0.09181295731325254  0.10245895771180180  0.11322988400771569
  0.12398206219273403  0.13449680904585604  0.14530586769516016  0.15551055544729422
  0.16566248533075928  0.17567887645476207  0.18575202755699002  0.19608266719824174
  0.20648624758637685  0.21735409320396837  0.22826621199392724  0.23904288925555645
  0.24999323197113818  0.26078514940519970  0.27150089188235582  0.28201289642565508
  0.29266235489528064  0.30354001724999136  0.31435633303339000  0.32509005147196607
  0.33561720798910377  0.34605407963475882  0.35643505901444789  0.36692356039151658
  0.37752283957893878  0.38830276406579267  0.39913221618005867  0.41013546054703359
  0.42080244435693542  0.43133179386055281  0.44168102822173660  0.45197660407603063
  0.46248480589232266  0.47306769466046023  0.48356079375014321  0.49407107789940152
  0.50481612142018384  0.51570805157391331  0.52643505210646768  0.53682604285316504
  0.54730526779407240  0.55798522247947580  0.56896960311240197  0.58016745577727513
  0.59101904836627217  0.60176676272453467  0.61249510061266577  0.62337746013221274
  0.63406589354162612  0.64478350305341159  0.65554459571965162  0.66647635195706856
  0.67733816536741653  0.68814485432543826  0.69899299842828244  0.70971507637448095
  0.72027182046727012  0.73060063093441274  0.74097721857807453  0.75163743355575829
  0.76256304383773421  0.77337521254670638  0.78401295931139459  0.79463175550576137
  0.80540203405782484  0.81619998315786002  0.82681493183093635  0.83721639939653580
  0.84763395425947075  0.85783688959126903  0.86800794621459254  0.87796917532923557
  0.88789246035372615  0.89752181149729116  0.90749164085102374  0.91734431275989259
  0.92798676650878476  0.93822710354995209  0.94860155730521789  0.95876294451774391
  0.96898920993844784  0.97929591420279494  0.98953056266994266  1.00000000000000000
 -0.00235234922086840  0.00935896070096190  0.01973907718200026  0.03088258296384437
  0.04174127311343489  0.05215797768742409  0.06241531348743806  0.07277064508172211
  0.08326995020615642  0.09374240394654805  0.10410106485103907  0.11443095151284619
  0.12473980432848551  0.13537499391348126  0.14608861238530058  0.15652702772137364
  0.16710198389720843  0.17742642527784672  0.18780108827883865  0.19781053473991983
  0.20773342458100491  0.21773456419114856  0.22772483691216577  0.23766975822909678
  0.24752810330456049  0.25766542647721158  0.26820356811914275  0.27883766902683776
  0.28932891779702302  0.29974057061745829  0.31035596032883894  0.32102796944654355
  0.33181533055916373  0.34246730770921346  0.35307090775191757  0.36367048310252531
  0.37431987768264885  0.38494468844596913  0.39556328356481307  0.40623833543419396
  0.41692266463593070  0.42742146730631503  0.43777076098877188  0.44819475991850816
  0.45868259357676661  0.46918624954297933  0.47967886708072466  0.49023042760924157
  0.50099414530286879  0.51193544469198105  0.52301869579348559  0.53373332945290719
  0.54429741225852213  0.55482302508054326  0.56554784829721694  0.57620863131280109
  0.58650726557795052  0.59666226334679351  0.60690635972654539  0.61748268705012710
  0.62785427933437665  0.63815603006358723  0.64850515958646082  0.65916214660417283
  0.66976889883973079  0.68077010775346947  0.69175246037802018  0.70316062297190329
  0.71434002795844553  0.72553637165342477  0.73621846496914800  0.74671290035550053
  0.75726635786486307  0.76778556045429558  0.77832299848331421  0.78900170356082566
  0.79979884328634421  0.81062676961781166  0.82100006304504125  0.83126901360862426
  0.84157534558960756  0.85185343279257919  0.86230636302007302  0.87254842973507885
  0.88312530733167305  0.89364088746472004  0.90439126455121710  0.91515238760362405
  0.92571139616834219  0.93620629142493417  0.94668590102576555  0.95721262885328262
  0.96785492584902155  0.97830482643618522  0.98916458798315376  1.00000000000000000
 -0.00247103573597986  0.00987418370731549  0.02020277008298779  0.03074620123195423
  0.04118204030555988  0.05141381180679216  0.06185578602628731  0.07251567911282480
  0.08323446721787509  0.09394829001965163  0.10436756757973323  0.11506109304801554
  0.12596507856874636  0.13722312709588882  0.14831753710864093  0.15924923200645333
  0.16984674313951156  0.18043328896509223  0.19092849311437912  0.20158370824613922
  0.21218738337230289  0.22271957432369224  0.23330515034585533  0.24399711658553269
  0.25460928088344054  0.26521584002430770  0.27602095467021920  0.28704985287965334
  0.29779528361844682  0.30836747875287335  0.31890581163094223  0.32935915066762467
  0.33962564515985810  0.34976369221947334  0.36010663862345926  0.37086356249838837
  0.38202309886471775  0.39309549232583685  0.40386758199078376  0.41438620260279557
  0.42499779111227604  0.43564420114422692  0.44630441883794386  0.45713486062255609
  0.46776035384265630  0.47822975939799856  0.48825725741977050  0.49821965502192533
  0.50829040881435628  0.51851636079592889  0.52926745556109733  0.53981946745047238
  0.55016797990307409  0.56043922255909795  0.57084851910438095  0.58139868782996029
  0.59153036288331773  0.60162371669163150  0.61173991610541878  0.62187144405924710
  0.63209059870576412  0.64256117146310632  0.65364830486428394  0.66470322048992625
  0.67567899097013950  0.68644152209552944  0.69724619544749022  0.70802088124146378
  0.71873085139034543  0.72964117262137040  0.74019238648833707  0.75080622921585849
  0.76108954695312592  0.77138639414233534  0.78143456909548292  0.79138473067974535
  0.80173794392134301  0.81220442798885628  0.82267629684826893  0.83293976032051353
  0.84316261837746498  0.85347997203621961  0.86370083716382973  0.87391424126620942
  0.88428016987304858  0.89478439829047496  0.90524035051488816  0.91570890663741744
  0.92598290582046738  0.93621560022908390  0.94653654589126057  0.95706256126943523
  0.96768034763424027  0.97831817159014700  0.98911732610605752  1.00000000000000000
 -0.00255542135963406  0.00952169746905686  0.01987941590269883  0.03043841894505508
  0.04108091035350929  0.05166946785655392  0.06244096163885650  0.07301061205571262
  0.08352690499990545  0.09400673261347217  0.10447274446955271  0.11511644370940206
  0.12584327320090688  0.13663825677477440  0.14724981260904527  0.15781797022066843
  0.16846026231961059  0.17941547436269786  0.19018294166481872  0.20096510847023547
  0.21154793058981744  0.22186161671409477  0.23214949803083670  0.24236558518380566
  0.25259158941073562  0.26311910909314856  0.27397302320838596  0.28511914870865979
  0.29617920667028258  0.30693869110773025  0.31788289651633800  0.32887776807681640
  0.33990394469517859  0.35100332886939378  0.36167203760018857  0.37231650684423484
  0.38246690221151258  0.39237913670008723  0.40230844975478874  0.41229214249617474
  0.42257229574188410  0.43293139921083978  0.44321499410564896  0.45334104832918881
  0.46350997137251138  0.47385135870532757  0.48429140869612297  0.49461666641799679
  0.50480834931390894  0.51477195494578565  0.52488181454363869  0.53474276102460994
  0.54482902325176874  0.55510031616850686  0.56553304854503794  0.57601045294166164
  0.58629975001123569  0.59655477006876612  0.60667920391005636  0.61687086673850100
  0.62707066474269135  0.63746980751848714  0.64774123113705995  0.65807896253449216
  0.66836040504258365  0.67897946597691394  0.68979749179558780  0.70066510342081822
  0.71142386966934978  0.72199493258411251  0.73266205974511567  0.74355140974460598
  0.75443036814669073  0.76507457640063758  0.77590530261021484  0.78689446200122515
  0.79776196411160893  0.80837729764331367  0.81899636509515794  0.82955522898318568
  0.83992186932147450  0.85024145178869248  0.86072924437412723  0.87112395869549353
  0.88139454820402441  0.89164640619376412  0.90202040160242125  0.91261866682843340
  0.92332077969095505  0.93434894382723266  0.94535632446758233  0.95637025692214972
  0.96727145115771362  0.97813799410016433  0.98909551597271050  1.00000000000000000
 -0.00256423513878080  0.00965326021011743  0.02034964620741887  0.03115346937972963
  0.04192714422864947  0.05283386018616125  0.06366213757901291  0.07456997444110354
  0.08568624732330800  0.09748571885602948  0.10906388968385870  0.12026060158616488
  0.13098935771044543  0.14164748162913957  0.15237775443407167  0.16299367426977582
  0.17334826644566703  0.18337867471457325  0.19362801988242312  0.20403619340096310
  0.21459458938522730  0.22521667117808938  0.23596695031105300  0.24695258739306167
  0.25775153823596814  0.26844038088380712  0.27903638401707653  0.28957581472815491
  0.30016038214246649  0.31056671633666544  0.32106651466342634  0.33162954616708801
  0.34210909069371931  0.35266941926184930  0.36311517235680307  0.37337908780079837
  0.38339631423850262  0.39332276022243107  0.40354675258377604  0.41383890900456199
  0.42411277524700658  0.43458430009987142  0.44519970878729320  0.45589837487140628
  0.46648750769265745  0.47691453750763285  0.48768790055200528  0.49870193315198746
  0.50942209855563325  0.51970141659574476  0.52979675210307631  0.53995890823744686
  0.55026624084125442  0.56030773194722927  0.57086967801174282  0.58176416500582662
  0.59244514761516653  0.60339069492622310  0.61380152076280647  0.62428728832526592
  0.63473906754762821  0.64512439775520181  0.65568963614620213  0.66605650802507543
  0.67668082480839675  0.68737192958967042  0.69803447971086630  0.70855452812430320
  0.71884312042675169  0.72911795072707375  0.73927831175735348  0.74936949057612179
  0.75952577752912176  0.76986292281289259  0.78042042334461525  0.79084702678107377
  0.80114619446158919  0.81165010301960183  0.82260571568418517  0.83382675008165918
  0.84480203001425913  0.85541220945034346  0.86585131746336352  0.87636570980031947
  0.88676074552085471  0.89707514440730463  0.90736700372694457  0.91762402954673350
  0.92792123594585341  0.93828388480190950  0.94845226460224008  0.95881665645538383
  0.96896125029293534  0.97925134877855025  0.98959607909326375  1.00000000000000000
  0.00940554569579257  0.01594798625763083  0.02579115424008366  0.03716044650404463
  0.04793178061290592  0.05857186018371156  0.06919945003744538  0.07973461865992319
  0.09020650596361504  0.10035189885136610  0.11052459536306793  0.12068330191254625
  0.13098725070801653  0.14115996834198630  0.15152217596545214  0.16179755932497619
  0.17194873205358432  0.18195034736700189  0.19219674676535292  0.20259275495261014
  0.21310032698587683  0.22384297452539903  0.23467080280273347  0.24552473179267914
  0.25632120377453488  0.26732158942576356  0.27808062964422559  0.28858921650568964
  0.29910891941647050  0.30963467743205453  0.32020587190483729  0.33084230739292464
  0.34174478292310301  0.35266887111053435  0.36353085246720118  0.37447645924171752
  0.38561452956067604  0.39699689583769726  0.40830086448652936  0.41923680389059209
  0.42969720536878375  0.43997221024884497  0.45038839114557538  0.46084938780114432
  0.47110123439765689  0.48130308933723126  0.49168562524470416  0.50219188766336720
  0.51263451878961275  0.52298120805488646  0.53323928577295865  0.54340013550330879
  0.55342667393819700  0.56342463392039943  0.57339362308152519  0.58348830865018120
  0.59376779339852115  0.60405980966019290  0.61421836289612319  0.62425269942301487
  0.63431168576376840  0.64444977315713670  0.65464543999210500  0.66488753057036565
  0.67529634415109785  0.68572096645822289  0.69621112279223252  0.70689419373169571
  0.71777752769829084  0.72861657093786636  0.73922866150644306  0.74970424770398869
  0.76025493009339895  0.77064185501483351  0.78100009144761717  0.79140410728934751
  0.80196159698358871  0.81257298454696192  0.82322090726374342  0.83398062115630511
  0.84477098119757876  0.85548736958570304  0.86606537521015847  0.87649401431350638
  0.88684953338481753  0.89738728347287278  0.90777373657775962  0.91792851258656671
  0.92804115934115139  0.93833057025125488  0.94881174420110170  0.95918599261422410
  0.96954563547231976  0.98006456519555496  0.99141681573448781  1.00000000000000000
 -0.01994667596853585  0.12086663101347439  0.15981001204729736  0.18294224063144685
  0.20088683670127983  0.21586359130088731  0.22895645800552150  0.24063682542159698
  0.25139705270842794  0.26127773816729688  0.27081915148524799  0.27957464608636434
  0.28814986563902295  0.29623760877765498  0.30405049248336596  0.31162335053426871
  0.31886572003712338  0.32598192741192511  0.33293809611955461  0.33967093147039340
  0.34622752420112946  0.35265638781086273  0.35893710789075878  0.36513454076113677
  0.37124518713912696  0.37723991058767536  0.38312835927031036  0.38896949666985747
  0.39476345851551914  0.40045248337492068  0.40606380375144241  0.41165994507334647
  0.41724473964123499  0.42273951647372665  0.42824054702783482  0.43369198577017004
  0.43906865954431601  0.44437387067403228  0.44963664148765098  0.45489501762461854
  0.46014527602592126  0.46539059381330666  0.47064058022005545  0.47589245344753345
  0.48115395497017327  0.48640335936169354  0.49164460923485598  0.49685139913977844
  0.50205133867779284  0.50721649726259943  0.51235408555174022  0.51749760193564454
  0.52268903413226453  0.52794523973861274  0.53324263946846950  0.53855857321106115
  0.54388795485585495  0.54920473814591375  0.55453930538231599  0.55988118774055273
  0.56526629736411049  0.57070488871027614  0.57613748875889437  0.58160332483880217
  0.58716453205955377  0.59281140005538857  0.59851692214449925  0.60429727915032527
  0.61015507691252691  0.61605831578782766  0.62198888359961679  0.62798395064123635
  0.63410589508278914  0.64030495109850061  0.64662364660158689  0.65315278344639172
  0.65978969245848207  0.66657195176180872  0.67355951579436735  0.68069641080291021
  0.68796365542153770  0.69553231605299026  0.70332431101951187  0.71140147714846502
  0.72002179726335003  0.72881104619418557  0.73837258821526208  0.74827495081824213
  0.75904981343775269  0.77068744500753628  0.78386613894691548  0.79898379083118298
  0.81696790411543141  0.84020906476622748  0.87848553130116735  1.00000000000000000
   4.9075090819866045E-034  -1.0000000000000000     
 F F F F F F F F F F F F F F F F F F F F F F F F F F F F F F F F F F F F F F F F F F F F F F F F F F F F F F F F F F F F F F F F F F F F F F F F F F F F F F F F F F F F F F F F F F F F F F F F F F F F F F F F F F F F F F F F F F F F F F F F F F F F F F F F
  <DiscreteSampler_grid>
  grouped_processes
  1 # 1 for a reference and 2 for a running grid.
  10 # Attribute 'min_bin_probing_points' of the grid.
  1 # Attribute 'grid_mode' of the grid. 1=='default',2=='initialization'
  0.0000000000000000 # Attribute 'small_contrib_threshold' of the grid.
  0.5000000000000000 # Attribute 'damping_power' of the grid.
 # binID   n_entries weight   weight_sqr   abs_weight
    10   10   1.183688294667868E-020   2.436832094246335E-040   1.183688294667868E-020
  </DiscreteSampler_grid>
